phoneLine,datetime,duration,callingNumber,nature,date,time,idkey,customerCount,callCount
33458005730,2018-11-27 15:39:40,20,+212522231313,transfert,20181127,153940,15479742915,1,1
33458005707,2018-11-27 15:39:40,20,+212522231313,transfert,20181127,153940,15479742937,1,2
33458005730,2018-11-08 14:09:16,825,+32477708994,transfert,20181108,140916,15382977032,2,3
33458005709,2018-11-08 14:09:16,825,+32477708994,incoming,20181108,140916,15382977137,2,3
33458005730,2018-11-16 11:26:51,116,+33130125433,transfert,20181116,112651,15423545585,3,4
33458005707,2018-11-16 11:26:51,116,+33130125433,incoming,20181116,112651,15423545852,3,4
33458005730,2018-11-16 11:30:38,18,+33130125433,transfert,20181116,113038,15423564284,3,5
33458005707,2018-11-16 11:30:38,18,+33130125433,incoming,20181116,113038,15423564217,3,5
33458005730,2018-11-16 16:06:02,0,+33130125433,transfert,20181116,160602,15425425303,3,6
33458005707,2018-11-16 16:06:02,0,+33130125433,miss,20181116,160602,15425425242,3,6
33458005730,2018-11-19 17:03:56,12,+33130125433,transfert,20181119,170356,15438644493,3,7
33458005707,2018-11-19 17:03:56,12,+33130125433,transfert,20181119,170356,15438644715,3,8
33458005730,2018-11-23 14:17:29,55,+33130125433,transfert,20181123,141729,15460272926,3,9
33458005707,2018-11-23 14:17:29,55,+33130125433,incoming,20181123,141729,15460273073,3,9
33458005730,2018-11-14 17:11:30,468,+33141358948,transfert,20181114,171130,15414437467,4,10
33458005707,2018-11-14 17:11:30,468,+33141358948,incoming,20181114,171130,15414437492,4,10
33458005730,2018-11-28 11:20:04,111,+33141358948,transfert,20181128,112004,15483680918,4,11
33458005707,2018-11-28 11:20:04,111,+33141358948,incoming,20181128,112004,15483680454,4,11
33458005730,2018-11-09 15:26:38,225,+33141864124,transfert,20181109,152638,15389095246,5,12
33458005707,2018-11-09 15:26:38,225,+33141864124,incoming,20181109,152638,15389095188,5,12
33458005730,2018-11-16 13:48:20,12,+33184234160,transfert,20181116,134820,15424292512,6,13
33458005709,2018-11-16 13:48:20,12,+33184234160,transfert,20181116,134820,15424292440,6,14
33458005730,2018-11-27 09:59:27,207,+33185083636,transfert,20181127,95927,15477143309,7,15
33458005707,2018-11-27 09:59:27,207,+33185083636,incoming,20181127,95927,15477143049,7,15
33458005707,2018-11-27 14:13:12,3,+33185083636,transfert,20181127,141312,15478958273,7,16
33458005707,2018-11-27 14:14:05,6,+33185083636,transfert,20181127,141405,15478967382,7,17
33458005707,2018-11-27 14:23:53,134,+33185083636,incoming,20181127,142353,15479072354,7,17
33458005730,2018-11-27 15:54:52,92,+33185083636,transfert,20181127,155452,15479885055,7,18
33458005707,2018-11-27 15:54:52,92,+33185083636,incoming,20181127,155452,15479885220,7,18
33458005707,2018-11-28 17:18:09,57,+33185083636,incoming,20181128,171809,15486007992,7,18
33458005707,2018-11-30 10:08:43,4,+33185083636,transfert,20181130,100843,15494682370,7,19
33458005707,2018-11-30 10:09:18,2,+33185083636,transfert,20181130,100918,15494694161,7,20
33458005707,2018-11-30 10:13:20,31,+33185083636,incoming,20181130,101320,15494733522,7,20
33458005730,2018-11-30 11:46:09,15,+33238700026,transfert,20181130,114609,15495588877,8,21
33458005707,2018-11-30 11:46:09,15,+33238700026,transfert,20181130,114609,15495589075,8,22
33458005730,2018-11-30 11:52:08,10,+33238700026,transfert,20181130,115208,15495640726,8,23
33458005707,2018-11-30 11:52:08,10,+33238700026,transfert,20181130,115208,15495640758,8,24
33458005730,2018-11-30 14:38:57,568,+33238700026,transfert,20181130,143857,15496648373,8,25
33458005707,2018-11-30 14:38:57,568,+33238700026,incoming,20181130,143857,15496648463,8,25
33458005730,2018-11-12 15:40:25,204,+33244276113,transfert,20181112,154025,15401758673,9,26
33458005709,2018-11-12 15:40:25,204,+33244276113,incoming,20181112,154025,15401758969,9,26
33458005707,2018-11-28 14:31:40,96,+33247361275,incoming,20181128,143140,15484791112,10,27
33458005730,2018-11-20 12:00:02,149,+33296413145,transfert,20181120,120002,15442631580,11,28
33458005707,2018-11-20 12:00:02,149,+33296413145,incoming,20181120,120002,15442631316,11,28
33458005730,2018-11-23 11:07:19,310,+33297010428,transfert,20181123,110719,15459260160,12,29
33458005709,2018-11-23 11:07:19,310,+33297010428,incoming,20181123,110719,15459260264,12,29
33458005730,2018-11-19 11:58:12,180,+33298619863,transfert,20181119,115812,15436491313,13,30
33458005707,2018-11-19 11:58:12,180,+33298619863,incoming,20181119,115812,15436491150,13,30
33458005730,2018-11-12 10:37:52,225,+33299423758,transfert,20181112,103752,15399388200,14,31
33458005709,2018-11-12 10:37:52,225,+33299423758,incoming,20181112,103752,15399388216,14,31
33458005730,2018-11-09 09:52:04,951,+33320817672,transfert,20181109,95204,15386817444,15,32
33458005707,2018-11-09 09:52:04,951,+33320817672,incoming,20181109,95204,15386817511,15,32
33458005730,2018-11-29 16:51:32,0,+33384372351,transfert,20181129,165132,15491821339,16,33
33458005707,2018-11-29 16:51:32,0,+33384372351,miss,20181129,165132,15491821215,16,33
33458005730,2018-11-09 09:43:04,360,+33388180885,transfert,20181109,94304,15386633611,17,34
33458005709,2018-11-09 09:43:04,360,+33388180885,incoming,20181109,94304,15386633499,17,34
33458005730,2018-11-26 10:01:23,85,+33388180885,transfert,20181126,100123,15470876809,17,35
33458005709,2018-11-26 10:01:23,85,+33388180885,incoming,20181126,100123,15470876836,17,35
33458005730,2018-11-15 10:55:50,352,+33442328801,transfert,20181115,105550,15417637526,18,36
33458005709,2018-11-15 10:55:50,352,+33442328801,incoming,20181115,105550,15417637573,18,36
33458005730,2018-11-21 10:50:54,1517,+334437256039,transfert,20181121,105054,15448061348,19,37
33458005707,2018-11-21 10:50:54,1517,+334437256039,incoming,20181121,105054,15448061885,19,37
33458005730,2018-11-21 14:50:08,266,+334437256039,transfert,20181121,145008,15449407190,19,38
33458005707,2018-11-21 14:50:08,266,+334437256039,incoming,20181121,145008,15449407352,19,38
33458005709,2018-11-16 09:25:57,3,+33458005707,incoming,20181116,92557,15422458598,20,39
33458005730,2018-11-13 11:28:53,90,+33468867297,transfert,20181113,112853,15406319375,21,40
33458005709,2018-11-13 11:28:53,90,+33468867297,incoming,20181113,112853,15406319485,21,40
33458005730,2018-11-15 15:36:14,64,+33468867297,transfert,20181115,153614,15419516827,21,41
33458005709,2018-11-15 15:36:14,64,+33468867297,incoming,20181115,153614,15419516846,21,41
33458005730,2018-11-27 16:14:08,60,+33472443434,transfert,20181127,161408,15480046127,22,42
33458005709,2018-11-27 16:14:08,60,+33472443434,incoming,20181127,161408,15480046166,22,42
33458005730,2018-11-27 16:18:09,8,+33472443434,transfert,20181127,161809,15480073097,22,43
33458005709,2018-11-27 16:18:09,8,+33472443434,transfert,20181127,161809,15480073179,22,44
33458005730,2018-11-27 16:20:48,4,+33472443434,transfert,20181127,162048,15480092534,22,45
33458005709,2018-11-27 16:20:48,4,+33472443434,transfert,20181127,162048,15480092492,22,46
33458005730,2018-11-27 16:35:16,9,+33472443434,transfert,20181127,163516,15480211915,22,47
33458005709,2018-11-27 16:35:16,9,+33472443434,transfert,20181127,163516,15480211657,22,48
33458005730,2018-11-27 17:05:45,5,+33472443434,transfert,20181127,170545,15480458294,22,49
33458005709,2018-11-27 17:05:45,5,+33472443434,transfert,20181127,170545,15480458701,22,50
33458005730,2018-11-27 17:10:57,84,+33472443434,transfert,20181127,171057,15480505703,22,51
33458005709,2018-11-27 17:10:57,84,+33472443434,incoming,20181127,171057,15480505715,22,51
33458005730,2018-11-27 17:22:46,140,+33472443434,transfert,20181127,172246,15480601384,22,52
33458005709,2018-11-27 17:22:46,140,+33472443434,incoming,20181127,172246,15480601345,22,52
33458005709,2018-11-28 14:13:25,218,+33476078858,incoming,20181128,141325,15484650940,23,53
33458005707,2018-11-08 14:27:09,136,+33476912352,incoming,20181108,142709,15383030709,24,54
33458005709,2018-11-13 14:15:22,302,+33482300091,incoming,20181113,141522,15407301996,25,55
33458005708,2018-11-21 10:03:39,2842,+33482300091,incoming,20181121,100339,15447831305,25,55
33458005709,2018-11-12 11:20:49,926,+33490075117,incoming,20181112,112049,15399958706,26,56
33458005730,2018-11-13 11:35:39,344,+33490455072,transfert,20181113,113539,15406418691,27,57
33458005709,2018-11-13 11:35:39,344,+33490455072,incoming,20181113,113539,15406417951,27,57
33458005730,2018-11-13 15:53:48,417,+33490455072,transfert,20181113,155348,15408235439,27,58
33458005709,2018-11-13 15:53:48,417,+33490455072,incoming,20181113,155348,15408236005,27,58
33458005730,2018-11-16 17:54:04,85,+33494089917,transfert,20181116,175404,15426151145,28,59
33458005707,2018-11-16 17:54:04,85,+33494089917,incoming,20181116,175404,15426151134,28,59
33458005730,2018-11-21 10:58:16,18,+33494089935,transfert,20181121,105816,15447904089,29,60
33458005707,2018-11-21 10:58:16,18,+33494089935,transfert,20181121,105816,15447903583,29,61
33458005707,2018-11-21 11:37:54,1104,+33494089935,incoming,20181121,113754,15448410632,29,61
33458005707,2018-11-22 11:10:06,19,+33494089935,transfert,20181122,111006,15453676513,29,62
33458005707,2018-11-22 11:12:06,67,+33494089935,incoming,20181122,111206,15453701760,29,62
33458005730,2018-11-27 16:45:17,285,+33494089935,transfert,20181127,164517,15480332431,29,63
33458005707,2018-11-27 16:45:17,285,+33494089935,incoming,20181127,164517,15480332623,29,63
33458005730,2018-11-29 11:01:10,452,+33549348936,transfert,20181129,110110,15489340488,30,64
33458005707,2018-11-29 11:01:10,452,+33549348936,incoming,20181129,110110,15489340382,30,64
33458005730,2018-11-12 15:48:16,590,+33555361373,transfert,20181112,154816,15401895209,31,65
33458005709,2018-11-12 15:48:16,590,+33555361373,incoming,20181112,154816,15401895202,31,65
33458005730,2018-11-14 13:52:36,13,+33559929876,transfert,20181114,135236,15412827762,32,66
33458005709,2018-11-14 13:52:36,13,+33559929876,transfert,20181114,135236,15412827728,32,67
33458005730,2018-11-14 13:57:55,319,+33559929876,transfert,20181114,135755,15412895386,32,68
33458005709,2018-11-14 13:57:55,319,+33559929876,incoming,20181114,135755,15412895292,32,68
33458005730,2018-11-14 15:41:35,13,+33559929876,transfert,20181114,154135,15413694396,32,69
33458005709,2018-11-14 15:41:35,13,+33559929876,transfert,20181114,154135,15413694166,32,70
33458005730,2018-11-14 15:45:14,8,+33559929876,transfert,20181114,154514,15413721421,32,71
33458005709,2018-11-14 15:45:14,8,+33559929876,transfert,20181114,154514,15413721118,32,72
33458005730,2018-11-14 16:12:29,57,+33559929876,transfert,20181114,161229,15413941179,32,73
33458005709,2018-11-14 16:12:29,57,+33559929876,transfert,20181114,161229,15413941189,32,74
33458005730,2018-11-14 17:32:34,118,+33559929876,transfert,20181114,173234,15414528581,32,75
33458005709,2018-11-14 17:32:34,118,+33559929876,incoming,20181114,173234,15414528604,32,75
33458005730,2018-11-26 12:02:51,601,+33565591003,transfert,20181126,120251,15472051447,33,76
33458005707,2018-11-26 12:02:51,601,+33565591003,incoming,20181126,120251,15472051427,33,76
33458005709,2018-11-28 14:26:16,35,+33607050453,incoming,20181128,142616,15484731600,34,77
33458005730,2018-11-14 09:40:30,43,+33607559403,transfert,20181114,94030,15411155139,35,78
33458005709,2018-11-14 09:40:30,43,+33607559403,transfert,20181114,94030,15411155188,35,79
33458005730,2018-11-27 15:25:44,1564,+33607559403,transfert,20181127,152544,15479843488,35,80
33458005707,2018-11-27 15:25:44,1564,+33607559403,incoming,20181127,152544,15479843588,35,80
33458005730,2018-11-28 15:43:24,452,+33608980096,transfert,20181128,154324,15485394338,36,81
33458005707,2018-11-28 15:43:24,452,+33608980096,incoming,20181128,154324,15485394355,36,81
33458005730,2018-11-20 17:24:56,14,+33609463209,transfert,20181120,172456,15444875726,37,82
33458005707,2018-11-20 17:24:56,14,+33609463209,transfert,20181120,172456,15444875972,37,83
33458005730,2018-11-14 15:46:19,129,+33610376311,transfert,20181114,154619,15413745468,38,84
33458005707,2018-11-14 15:46:19,129,+33610376311,incoming,20181114,154619,15413745232,38,84
33458005730,2018-11-15 09:07:01,193,+33610376311,transfert,20181115,90701,15416659214,38,85
33458005707,2018-11-15 09:07:01,193,+33610376311,incoming,20181115,90701,15416658935,38,85
33458005730,2018-11-30 12:11:38,565,+33611174432,transfert,20181130,121138,15495813409,39,86
33458005709,2018-11-30 12:11:38,565,+33611174432,incoming,20181130,121138,15495813481,39,86
33458005730,2018-11-30 12:21:38,542,+33611174432,transfert,20181130,122138,15495857506,39,87
33458005709,2018-11-30 12:21:38,542,+33611174432,incoming,20181130,122138,15495857413,39,87
33458005730,2018-11-30 12:36:57,0,+33611174432,transfert,20181130,123657,15495879410,39,88
33458005709,2018-11-30 12:36:57,0,+33611174432,miss,20181130,123657,15495879428,39,88
33458005730,2018-11-30 14:08:51,8,+33611174432,transfert,20181130,140851,15496319302,39,89
33458005709,2018-11-30 14:08:51,8,+33611174432,transfert,20181130,140851,15496319346,39,90
33458005730,2018-11-30 15:55:08,783,+33611174432,transfert,20181130,155508,15497316054,39,91
33458005709,2018-11-30 15:55:08,783,+33611174432,incoming,20181130,155508,15497315945,39,91
33458005730,2018-11-30 16:56:17,385,+33611174432,transfert,20181130,165617,15497715689,39,92
33458005709,2018-11-30 16:56:17,385,+33611174432,incoming,20181130,165617,15497715660,39,92
33458005730,2018-11-30 18:02:34,421,+33611174432,transfert,20181130,180234,15498100170,39,93
33458005709,2018-11-30 18:02:34,421,+33611174432,incoming,20181130,180234,15498100144,39,93
33458005730,2018-11-13 11:22:18,71,+33615060615,transfert,20181113,112218,15406255449,40,94
33458005707,2018-11-13 11:22:18,71,+33615060615,incoming,20181113,112218,15406255965,40,94
33458005730,2018-11-13 17:53:36,912,+33615060615,transfert,20181113,175336,15409103324,40,95
33458005707,2018-11-13 17:53:36,912,+33615060615,incoming,20181113,175336,15409103319,40,95
33458005730,2018-11-26 11:07:07,334,+33615621185,transfert,20181126,110707,15471548639,41,96
33458005709,2018-11-26 11:07:07,334,+33615621185,incoming,20181126,110707,15471548825,41,96
33458005730,2018-11-30 11:50:42,13,+33615621185,transfert,20181130,115042,15495625866,41,97
33458005709,2018-11-30 11:50:42,13,+33615621185,transfert,20181130,115042,15495625909,41,98
33458005730,2018-11-30 11:51:35,414,+33615621185,transfert,20181130,115135,15495683938,41,99
33458005709,2018-11-30 11:51:35,414,+33615621185,incoming,20181130,115135,15495683784,41,99
33458005730,2018-11-15 16:07:00,218,+33615941791,transfert,20181115,160700,15419803281,42,100
33458005709,2018-11-15 16:07:00,218,+33615941791,incoming,20181115,160700,15419803245,42,100
33458005730,2018-11-20 14:25:21,482,+33616238436,transfert,20181120,142521,15443451467,43,101
33458005709,2018-11-20 14:25:21,482,+33616238436,incoming,20181120,142521,15443451253,43,101
33458005730,2018-11-20 14:36:22,86,+33616238436,transfert,20181120,143622,15443486359,43,102
33458005709,2018-11-20 14:36:22,86,+33616238436,incoming,20181120,143622,15443486053,43,102
33458005709,2018-11-20 15:43:23,114,+33616238436,incoming,20181120,154323,15444100783,43,102
33458005709,2018-11-20 15:54:10,92,+33616238436,incoming,20181120,155410,15444190238,43,102
33458005730,2018-11-08 11:30:04,40,+33616758190,transfert,20181108,113004,15382004619,44,103
33458005709,2018-11-08 11:30:05,40,+33616758190,incoming,20181108,113005,15382006058,44,103
33458005730,2018-11-29 12:06:54,747,+33616863377,transfert,20181129,120654,15489894793,45,104
33458005707,2018-11-29 12:06:54,747,+33616863377,incoming,20181129,120654,15489894745,45,104
33458005730,2018-11-29 12:21:21,37,+33616863377,transfert,20181129,122121,15489908059,45,105
33458005707,2018-11-29 12:21:21,37,+33616863377,incoming,20181129,122121,15489908045,45,105
33458005730,2018-11-29 12:25:20,117,+33616863377,transfert,20181129,122520,15489933448,45,106
33458005707,2018-11-29 12:25:20,117,+33616863377,incoming,20181129,122520,15489933507,45,106
33458005709,2018-11-12 11:19:57,26,+33620032032,incoming,20181112,111957,15399798344,46,107
33458005709,2018-11-12 16:15:11,1090,+33620032032,incoming,20181112,161511,15402212222,46,107
33458005709,2018-11-14 09:36:08,4,+33620032032,transfert,20181114,93608,15411111628,46,108
33458005730,2018-11-27 12:08:31,394,+33620465637,transfert,20181127,120831,15478352107,47,109
33458005709,2018-11-27 12:08:32,394,+33620465637,incoming,20181127,120832,15478352112,47,109
33458005730,2018-11-16 15:51:39,180,+33620645326,transfert,20181116,155139,15425341006,48,110
33458005707,2018-11-16 15:51:39,180,+33620645326,incoming,20181116,155139,15425340969,48,110
33458005730,2018-11-26 11:50:48,15,+33620645326,transfert,20181126,115048,15471902375,48,111
33458005707,2018-11-26 11:50:48,15,+33620645326,incoming,20181126,115048,15471901940,48,111
33458005707,2018-11-15 15:01:45,64,+33621108133,incoming,20181115,150145,15419228781,49,112
33458005708,2018-11-07 10:09:06,67,+33621161724,incoming,20181107,100906,15375536720,50,113
33458005730,2018-11-20 10:55:55,603,+33629110064,transfert,20181120,105555,15442096019,51,114
33458005707,2018-11-20 10:55:55,603,+33629110064,incoming,20181120,105555,15442096297,51,114
33458005707,2018-11-20 15:14:08,1527,+33629110064,incoming,20181120,151408,15444049607,51,114
33458005730,2018-11-26 10:11:15,473,+33632660386,transfert,20181126,101115,15471041202,52,115
33458005707,2018-11-26 10:11:15,473,+33632660386,incoming,20181126,101115,15471040933,52,115
33458005730,2018-11-26 10:29:03,48,+33632660386,transfert,20181126,102903,15471145426,52,116
33458005707,2018-11-26 10:29:03,48,+33632660386,incoming,20181126,102903,15471145284,52,116
33458005730,2018-11-12 13:17:42,53,+33633268610,transfert,20181112,131742,15400557912,53,117
33458005707,2018-11-12 13:17:42,53,+33633268610,transfert,20181112,131742,15400557899,53,118
33458005730,2018-11-12 14:10:38,725,+33633268610,transfert,20181112,141038,15400976076,53,119
33458005707,2018-11-12 14:10:38,725,+33633268610,incoming,20181112,141038,15400976382,53,119
33458005707,2018-11-19 16:17:05,176,+33633268610,incoming,20181119,161705,15438291821,53,119
33458005707,2018-11-22 10:46:20,37,+33644661600,incoming,20181122,104620,15453447299,54,120
33458005707,2018-11-22 10:47:38,51,+33644661600,incoming,20181122,104738,15453467694,54,120
33458005730,2018-11-30 11:12:13,1359,+33648080623,transfert,20181130,111213,15495483389,55,121
33458005707,2018-11-30 11:12:13,1359,+33648080623,incoming,20181130,111213,15495483503,55,121
33458005730,2018-11-29 10:25:58,435,+33648600528,transfert,20181129,102558,15489010676,56,122
33458005709,2018-11-29 10:25:58,435,+33648600528,incoming,20181129,102558,15489010602,56,122
33458005730,2018-11-19 14:40:56,167,+33649246966,transfert,20181119,144056,15437445294,57,123
33458005709,2018-11-19 14:40:57,167,+33649246966,incoming,20181119,144057,15437445337,57,123
33458005730,2018-11-15 16:34:32,932,+33649371808,transfert,20181115,163432,15420089400,58,124
33458005707,2018-11-15 16:34:32,932,+33649371808,incoming,20181115,163432,15420089439,58,124
33458005730,2018-11-22 09:40:29,719,+33650556381,transfert,20181122,94029,15452921465,59,125
33458005709,2018-11-22 09:40:30,719,+33650556381,incoming,20181122,94030,15452921407,59,125
33458005730,2018-11-07 12:04:32,0,+33650598919,transfert,20181107,120432,15376594799,60,126
33458005709,2018-11-07 12:04:32,0,+33650598919,miss,20181107,120432,15376594737,60,126
33458005730,2018-11-07 12:04:54,0,+33650598919,transfert,20181107,120454,15376596920,60,127
33458005707,2018-11-07 12:04:54,0,+33650598919,miss,20181107,120454,15376597010,60,127
33458005730,2018-11-15 10:48:23,314,+33660505934,transfert,20181115,104823,15417557430,61,128
33458005709,2018-11-15 10:48:23,314,+33660505934,incoming,20181115,104823,15417557644,61,128
33458005730,2018-11-29 16:50:50,1191,+33660777976,transfert,20181129,165050,15491964878,62,129
33458005707,2018-11-29 16:50:50,1191,+33660777976,incoming,20181129,165050,15491964749,62,129
33458005730,2018-11-09 14:18:20,123,+33666495386,transfert,20181109,141820,15388476545,63,130
33458005709,2018-11-09 14:18:20,123,+33666495386,incoming,20181109,141820,15388476737,63,130
33458005730,2018-11-09 14:57:41,10,+33666495386,transfert,20181109,145741,15388803777,63,131
33458005709,2018-11-09 14:57:41,10,+33666495386,transfert,20181109,145741,15388803895,63,132
33458005730,2018-11-09 15:10:25,584,+33666495386,transfert,20181109,151025,15389003379,63,133
33458005709,2018-11-09 15:10:25,584,+33666495386,incoming,20181109,151025,15389002871,63,133
33458005730,2018-11-09 15:25:28,70,+33666495386,transfert,20181109,152528,15389059487,63,134
33458005709,2018-11-09 15:25:28,70,+33666495386,incoming,20181109,152528,15389059467,63,134
33458005730,2018-11-09 15:37:18,4,+33666495386,transfert,20181109,153718,15389155315,63,135
33458005709,2018-11-09 15:37:18,4,+33666495386,transfert,20181109,153718,15389155370,63,136
33458005730,2018-11-09 15:38:53,3,+33666495386,transfert,20181109,153853,15389169462,63,137
33458005709,2018-11-09 15:38:53,3,+33666495386,transfert,20181109,153853,15389169525,63,138
33458005730,2018-11-09 15:44:35,202,+33666495386,transfert,20181109,154435,15389247101,63,139
33458005709,2018-11-09 15:44:35,202,+33666495386,incoming,20181109,154435,15389246901,63,139
33458005730,2018-11-21 11:19:03,372,+33667642922,transfert,20181121,111903,15448143131,64,140
33458005709,2018-11-21 11:19:03,372,+33667642922,incoming,20181121,111903,15448142891,64,140
33458005730,2018-11-27 14:05:51,85,+33667642922,transfert,20181127,140551,15478902239,64,141
33458005709,2018-11-27 14:05:51,85,+33667642922,incoming,20181127,140551,15478902286,64,141
33458005730,2018-11-27 09:07:37,261,+33671764653,transfert,20181127,90737,15476650606,65,142
33458005709,2018-11-27 09:07:37,261,+33671764653,incoming,20181127,90737,15476650680,65,142
33458005730,2018-11-27 14:41:12,64,+33671764653,transfert,20181127,144112,15479219048,65,143
33458005709,2018-11-27 14:41:12,64,+33671764653,incoming,20181127,144112,15479219019,65,143
33458005730,2018-11-14 15:38:27,44,+33673460704,transfert,20181114,153827,15413673524,66,144
33458005707,2018-11-14 15:38:27,44,+33673460704,transfert,20181114,153827,15413673683,66,145
33458005730,2018-11-14 16:21:10,313,+33673460704,transfert,20181114,162110,15414046156,66,146
33458005709,2018-11-14 16:21:10,313,+33673460704,incoming,20181114,162110,15414045930,66,146
33458005730,2018-11-19 16:49:47,6,+33673460704,transfert,20181119,164947,15438529968,66,147
33458005707,2018-11-19 16:49:47,6,+33673460704,transfert,20181119,164947,15438529861,66,148
33458005707,2018-11-19 16:51:48,6,+33673460704,transfert,20181119,165148,15438545816,66,149
33458005707,2018-11-20 12:46:41,39,+33673460704,transfert,20181120,124641,15442846830,66,150
33458005730,2018-11-23 14:03:24,27,+33673460704,transfert,20181123,140324,15460157412,66,151
33458005709,2018-11-23 14:03:24,27,+33673460704,incoming,20181123,140324,15460157311,66,151
33458005730,2018-11-27 12:07:32,12,+33673460704,transfert,20181127,120732,15478312239,66,152
33458005709,2018-11-27 12:07:32,12,+33673460704,incoming,20181127,120732,15478312282,66,152
33458005730,2018-11-28 11:03:15,880,+33673470543,transfert,20181128,110315,15483649277,67,153
33458005707,2018-11-28 11:03:15,880,+33673470543,incoming,20181128,110315,15483649507,67,153
33458005709,2018-11-19 11:30:15,79,+33675890059,incoming,20181119,113015,15436223886,68,154
33458005709,2018-11-21 14:40:01,628,+33675890059,incoming,20181121,144001,15449372269,68,154
33458005709,2018-11-27 16:18:03,309,+33675890059,incoming,20181127,161803,15480110172,68,154
33458005707,2018-11-06 16:42:41,0,+33676432999,miss,20181106,164241,15372546424,69,155
33458005708,2018-11-06 16:43:06,13,+33676432999,transfert,20181106,164306,15372550379,69,156
33458005709,2018-11-06 16:43:58,11,+33676432999,transfert,20181106,164358,15372559174,69,157
33458005709,2018-11-06 16:49:14,9,+33676432999,transfert,20181106,164914,15372601793,69,158
33458005708,2018-11-06 16:52:57,0,+33676432999,miss,20181106,165257,15372632337,69,158
33458005709,2018-11-06 17:00:22,0,+33676432999,miss,20181106,170022,15372691939,69,158
33458005730,2018-11-07 12:03:55,0,+33676432999,transfert,20181107,120355,15376589326,69,159
33458005707,2018-11-07 12:03:55,0,+33676432999,miss,20181107,120355,15376589283,69,159
33458005730,2018-11-09 08:52:04,527,+33676559014,transfert,20181109,85204,15386257380,70,160
33458005709,2018-11-09 08:52:04,527,+33676559014,incoming,20181109,85204,15386257103,70,160
33458005730,2018-11-22 11:09:39,70,+33679223978,transfert,20181122,110939,15453676867,71,161
33458005709,2018-11-22 11:09:39,70,+33679223978,incoming,20181122,110939,15453676917,71,161
33458005730,2018-11-22 11:11:26,71,+33679223978,transfert,20181122,111126,15453693189,71,162
33458005709,2018-11-22 11:11:26,71,+33679223978,incoming,20181122,111126,15453693171,71,162
33458005730,2018-11-13 14:46:33,20,+33679684621,transfert,20181113,144633,15407544033,72,163
33458005707,2018-11-13 14:46:33,20,+33679684621,transfert,20181113,144633,15407544049,72,164
33458005707,2018-11-16 09:22:04,20,+33679684621,incoming,20181116,92204,15422430543,72,164
33458005707,2018-11-16 09:25:29,43,+33679684621,incoming,20181116,92529,15422458338,72,164
33458005730,2018-11-16 19:42:46,0,+33679684621,transfert,20181116,194246,15426559553,72,165
33458005707,2018-11-16 19:42:46,0,+33679684621,miss,20181116,194246,15426559548,72,165
33458005730,2018-11-14 11:46:22,71,+33681186051,transfert,20181114,114622,15412257150,73,166
33458005709,2018-11-14 11:46:22,71,+33681186051,incoming,20181114,114622,15412257313,73,166
33458005730,2018-11-27 09:13:49,131,+33681264060,transfert,20181127,91349,15476682177,74,167
33458005707,2018-11-27 09:13:49,131,+33681264060,incoming,20181127,91349,15476682209,74,167
33458005730,2018-11-22 11:30:24,43,+33682225629,transfert,20181122,113024,15453870684,75,168
33458005707,2018-11-22 11:30:24,43,+33682225629,transfert,20181122,113024,15453869537,75,169
33458005707,2018-11-22 12:28:49,559,+33682225629,incoming,20181122,122849,15454318496,75,169
33458005707,2018-11-20 15:27:26,4,+33683457475,transfert,20181120,152726,15443938075,76,170
33458005707,2018-11-20 15:29:51,4,+33683457475,transfert,20181120,152951,15443961958,76,171
33458005730,2018-11-30 17:23:28,544,+33686036353,transfert,20181130,172328,15497916495,77,172
33458005707,2018-11-30 17:23:28,544,+33686036353,incoming,20181130,172328,15497916485,77,172
33458005708,2018-11-19 15:06:34,1783,+33686567758,incoming,20181119,150634,15437909403,78,173
33458005730,2018-11-16 16:04:48,7,+33687346659,transfert,20181116,160448,15425416531,79,174
33458005707,2018-11-16 16:04:48,7,+33687346659,transfert,20181116,160448,15425416662,79,175
33458005730,2018-11-16 16:06:36,8,+33687346659,transfert,20181116,160636,15425431458,79,176
33458005707,2018-11-16 16:06:36,8,+33687346659,transfert,20181116,160636,15425431480,79,177
33458005730,2018-11-28 14:57:29,440,+33695961014,transfert,20181128,145729,15485041690,80,178
33458005709,2018-11-28 14:57:29,440,+33695961014,incoming,20181128,145729,15485041473,80,178
33458005730,2018-11-12 15:58:55,366,+33698084399,transfert,20181112,155855,15401960426,81,179
33458005709,2018-11-12 15:58:55,366,+33698084399,incoming,20181112,155855,15401960457,81,179
33458005730,2018-11-19 10:29:14,319,+33761607765,transfert,20181119,102914,15435699284,82,180
33458005709,2018-11-19 10:29:14,319,+33761607765,incoming,20181119,102914,15435699463,82,180
33458005730,2018-11-22 11:32:06,117,+33761607765,transfert,20181122,113206,15453892358,82,181
33458005709,2018-11-22 11:32:06,117,+33761607765,incoming,20181122,113206,15453892422,82,181
33458005730,2018-11-29 11:21:03,215,+33761607765,transfert,20181129,112103,15489485798,82,182
33458005709,2018-11-29 11:21:03,215,+33761607765,incoming,20181129,112103,15489486044,82,182
33458005730,2018-11-16 14:20:39,210,+33769494028,transfert,20181116,142039,15424574985,83,183
33458005707,2018-11-16 14:20:39,210,+33769494028,incoming,20181116,142039,15424575006,83,183
33458005730,2018-11-21 11:22:38,73,+33769494028,transfert,20181121,112238,15448133447,83,184
33458005707,2018-11-21 11:22:38,73,+33769494028,incoming,20181121,112238,15448134494,83,184
33458005730,2018-11-22 11:32:55,11,+33769494028,transfert,20181122,113255,15453891223,83,185
33458005709,2018-11-22 11:32:55,11,+33769494028,transfert,20181122,113255,15453890944,83,186
33458005730,2018-11-22 11:33:43,442,+33769494028,transfert,20181122,113343,15453960491,83,187
33458005707,2018-11-22 11:33:43,442,+33769494028,incoming,20181122,113343,15453960620,83,187
33458005709,2018-11-22 15:34:04,64800,+33769494028,incoming,20181122,153404,15458418275,83,187
33458005730,2018-11-22 17:18:26,43,+33769494028,transfert,20181122,171826,15456364194,83,188
33458005707,2018-11-22 17:18:26,43,+33769494028,incoming,20181122,171826,15456364328,83,188
33458005730,2018-11-15 15:01:18,172,+33787455168,transfert,20181115,150118,15419238827,84,189
33458005709,2018-11-15 15:01:18,172,+33787455168,incoming,20181115,150118,15419238651,84,189
33458005730,2018-11-28 15:44:45,11,+33973617432,transfert,20181128,154445,15485350774,85,190
33458005707,2018-11-28 15:44:45,11,+33973617432,transfert,20181128,154445,15485350749,85,191
33458005730,2018-11-28 15:59:22,125,+33973617432,transfert,20181128,155922,15485470360,85,192
33458005707,2018-11-28 15:59:22,125,+33973617432,incoming,20181128,155922,15485470377,85,192
33458005730,2018-11-19 16:05:45,179,+352661222243,transfert,20181119,160545,15438195236,86,193
33458005707,2018-11-19 16:05:45,179,+352661222243,incoming,20181119,160545,15438195424,86,193
33458005730,2018-11-20 11:09:15,607,+41213458031,transfert,20181120,110915,15442220542,87,194
33458005707,2018-11-20 11:09:15,607,+41213458031,incoming,20181120,110915,15442220615,87,194
33458005730,2018-11-16 08:02:05,12,+41788784966,transfert,20181116,80205,15422111253,88,195
33458005707,2018-11-16 08:02:05,12,+41788784966,transfert,20181116,80205,15422111252,88,196
33458005730,2018-11-16 11:45:15,638,+41788784966,transfert,20181116,114515,15423774695,88,197
33458005707,2018-11-16 11:45:15,638,+41788784966,incoming,20181116,114515,15423774706,88,197
33458005730,2018-11-20 13:47:57,392,+41799459951,transfert,20181120,134757,15443124857,89,198
33458005707,2018-11-20 13:47:57,392,+41799459951,incoming,20181120,134757,15443124686,89,198
33458005730,2018-11-30 15:50:26,149,+447880252769,transfert,20181130,155026,15497186175,90,199
33458005709,2018-11-30 15:50:26,149,+447880252769,incoming,20181130,155026,15497186284,90,199
33458005730,2018-11-19 11:21:28,243,+4798260572,transfert,20181119,112128,15436173945,91,200
33458005707,2018-11-19 11:21:28,243,+4798260572,incoming,20181119,112128,15436173059,91,200
33458005730,2018-11-14 16:03:56,253,anonymous,transfert,20181114,160356,15413899410,92,201
33458005709,2018-11-14 16:03:56,253,anonymous,incoming,20181114,160356,15413899424,92,201
