phoneLine,datetime,duration,callingNumber,nature,date,time,idkey,customerCount,callCount
33458005707,2019-02-18 18:57:09,404,+14383403434,incoming,20190218,185709,15921155163,1,1
33458005730,2019-02-15 08:11:38,8,+262692913049,transfert,20190215,81138,15903569258,2,2
33458005707,2019-02-15 08:11:38,8,+262692913049,transfert,20190215,81138,15903569273,2,3
33458005707,2019-02-15 08:45:32,71,+262692913049,incoming,20190215,84532,15903682580,2,3
33458005730,2019-02-04 16:40:26,321,+3243823444,transfert,20190204,164026,15845824301,3,4
33458005709,2019-02-04 16:40:26,321,+3243823444,incoming,20190204,164026,15845824108,3,4
33458005730,2019-02-14 12:54:06,11,+32473708856,transfert,20190214,125406,15899636430,4,5
33458005707,2019-02-14 12:54:06,11,+32473708856,transfert,20190214,125406,15899636416,4,6
33458005730,2019-02-14 14:56:38,283,+32473708856,transfert,20190214,145638,15900401011,4,7
33458005707,2019-02-14 14:56:38,283,+32473708856,incoming,20190214,145638,15900400916,4,7
33458005730,2019-02-11 12:47:13,10,+32474552224,transfert,20190211,124713,15881664826,5,8
33458005707,2019-02-11 12:47:13,10,+32474552224,transfert,20190211,124713,15881664846,5,9
33458005709,2019-02-25 12:34:25,79,+32497592475,transfert,20190225,123425,15955714136,6,10
33458005730,2019-02-06 16:00:12,1208,+33134979314,transfert,20190206,160012,15858180100,7,11
33458005707,2019-02-06 16:00:12,1208,+33134979314,incoming,20190206,160012,15858180125,7,11
33458005730,2019-02-06 13:24:18,17,+33142185634,transfert,20190206,132418,15856852715,8,12
33458005707,2019-02-06 13:24:18,17,+33142185634,transfert,20190206,132418,15856852645,8,13
33458005730,2019-02-01 10:36:57,11,+33146084889,transfert,20190201,103657,15829174382,9,14
33458005709,2019-02-01 10:36:57,11,+33146084889,transfert,20190201,103657,15829174242,9,15
33458005730,2019-02-01 10:37:47,60,+33146084889,transfert,20190201,103747,15829184963,9,16
33458005707,2019-02-01 10:37:47,60,+33146084889,incoming,20190201,103747,15829185158,9,16
33458005730,2019-02-01 10:47:40,0,+33146084889,transfert,20190201,104740,15829272006,9,17
33458005707,2019-02-01 10:47:40,0,+33146084889,miss,20190201,104740,15829271538,9,17
33458005730,2019-02-04 15:02:32,55,+33155123966,transfert,20190204,150232,15844839705,10,18
33458005709,2019-02-04 15:02:32,55,+33155123966,incoming,20190204,150232,15844839059,10,18
33458005730,2019-02-04 15:46:42,542,+33223211200,transfert,20190204,154642,15845347294,11,19
33458005709,2019-02-04 15:46:42,542,+33223211200,incoming,20190204,154642,15845347263,11,19
33458005730,2019-02-27 16:43:36,97,+33223211200,transfert,20190227,164336,15970008500,11,20
33458005709,2019-02-27 16:43:36,97,+33223211200,incoming,20190227,164336,15970008504,11,20
33458005730,2019-02-01 09:32:16,454,+33238570303,transfert,20190201,93216,15828626703,12,21
33458005707,2019-02-01 09:32:16,454,+33238570303,incoming,20190201,93216,15828626671,12,21
33458005730,2019-02-01 10:03:59,550,+33238570303,transfert,20190201,100359,15828934745,12,22
33458005707,2019-02-01 10:03:59,550,+33238570303,incoming,20190201,100359,15828935171,12,22
33458005730,2019-02-21 11:58:54,687,+33240695444,transfert,20190221,115854,15936525338,13,23
33458005709,2019-02-21 11:58:54,687,+33240695444,incoming,20190221,115854,15936525281,13,23
33458005730,2019-02-27 10:58:38,179,+33241616232,transfert,20190227,105838,15967500981,14,24
33458005707,2019-02-27 10:58:38,179,+33241616232,incoming,20190227,105838,15967500856,14,24
33458005730,2019-02-11 15:23:27,188,+33247361275,transfert,20190211,152327,15882871634,15,25
33458005709,2019-02-11 15:23:27,188,+33247361275,incoming,20190211,152327,15882871439,15,25
33458005730,2019-02-04 15:30:57,384,+33297558815,transfert,20190204,153057,15845170165,16,26
33458005707,2019-02-04 15:30:57,384,+33297558815,incoming,20190204,153057,15845170125,16,26
33458005730,2019-02-18 10:45:14,64,+33299206020,transfert,20190218,104514,15917452003,17,27
33458005709,2019-02-18 10:45:14,64,+33299206020,incoming,20190218,104514,15917451989,17,27
33458005730,2019-02-19 09:40:23,268,+33299582112,transfert,20190219,94023,15923187238,18,28
33458005709,2019-02-19 09:40:23,268,+33299582112,incoming,20190219,94023,15923185006,18,28
33458005730,2019-02-19 15:49:16,320,+33320336742,transfert,20190219,154916,15926088584,19,29
33458005709,2019-02-19 15:49:16,320,+33320336742,incoming,20190219,154916,15926088453,19,29
33458005730,2019-02-01 10:15:11,136,+33358931697,transfert,20190201,101511,15828976765,20,30
33458005707,2019-02-01 10:15:11,136,+33358931697,incoming,20190201,101511,15828976484,20,30
33458005730,2019-02-22 09:11:20,13,+33358931697,transfert,20190222,91120,15940865340,20,31
33458005709,2019-02-22 09:11:20,13,+33358931697,transfert,20190222,91120,15940865240,20,32
33458005730,2019-02-22 09:12:25,11,+33358931697,transfert,20190222,91225,15940876055,20,33
33458005709,2019-02-22 09:12:25,11,+33358931697,transfert,20190222,91225,15940876071,20,34
33458005730,2019-02-22 09:13:30,297,+33358931697,transfert,20190222,91330,15940917988,20,35
33458005707,2019-02-22 09:13:30,297,+33358931697,incoming,20190222,91330,15940917892,20,35
33458005730,2019-02-22 10:05:13,127,+33358931697,transfert,20190222,100513,15941366856,20,36
33458005709,2019-02-22 10:05:13,127,+33358931697,incoming,20190222,100513,15941366427,20,36
33458005730,2019-02-15 14:30:41,66,+33385981600,transfert,20190215,143041,15906113608,21,37
33458005709,2019-02-15 14:30:41,66,+33385981600,incoming,20190215,143041,15906113627,21,37
33458005730,2019-02-01 14:51:12,134,+33388180885,transfert,20190201,145112,15830950634,22,38
33458005707,2019-02-01 14:51:12,134,+33388180885,incoming,20190201,145112,15830949823,22,38
33458005730,2019-02-01 15:03:08,157,+33388180885,transfert,20190201,150308,15831067155,22,39
33458005709,2019-02-01 15:03:08,157,+33388180885,incoming,20190201,150308,15831067453,22,39
33458005730,2019-02-04 10:02:59,194,+33388180885,transfert,20190204,100259,15842401785,22,40
33458005709,2019-02-04 10:02:59,194,+33388180885,incoming,20190204,100259,15842402269,22,40
33458005730,2019-02-05 10:03:42,371,+33388180885,transfert,20190205,100342,15848901709,22,41
33458005709,2019-02-05 10:03:42,371,+33388180885,incoming,20190205,100342,15848901688,22,41
33458005730,2019-02-07 15:45:56,2,+33388180885,transfert,20190207,154556,15863660478,22,42
33458005709,2019-02-07 15:45:56,2,+33388180885,incoming,20190207,154556,15863659977,22,42
33458005730,2019-02-08 09:19:56,0,+33388180885,transfert,20190208,91956,15866620636,22,43
33458005709,2019-02-08 09:19:56,0,+33388180885,miss,20190208,91956,15866620381,22,43
33458005730,2019-02-08 09:21:37,93,+33388180885,transfert,20190208,92137,15866644402,22,44
33458005709,2019-02-08 09:21:37,93,+33388180885,incoming,20190208,92137,15866644764,22,44
33458005730,2019-02-11 10:39:01,11,+33388180885,transfert,20190211,103901,15880627342,22,45
33458005709,2019-02-11 10:39:01,11,+33388180885,transfert,20190211,103901,15880627363,22,46
33458005709,2019-02-11 10:49:12,6,+33388180885,transfert,20190211,104912,15880736062,22,47
33458005730,2019-02-11 10:56:18,77,+33388180885,transfert,20190211,105618,15880826672,22,48
33458005709,2019-02-11 10:56:18,77,+33388180885,transfert,20190211,105618,15880824626,22,49
33458005730,2019-02-11 11:48:19,422,+33388180885,transfert,20190211,114819,15881392728,22,50
33458005709,2019-02-11 11:48:19,422,+33388180885,incoming,20190211,114819,15881392740,22,50
33458005730,2019-02-12 14:01:04,310,+33388180885,transfert,20190212,140104,15888429502,22,51
33458005709,2019-02-12 14:01:04,310,+33388180885,incoming,20190212,140104,15888429462,22,51
33458005730,2019-02-12 15:23:39,150,+33388180885,transfert,20190212,152339,15889194310,22,52
33458005709,2019-02-12 15:23:39,150,+33388180885,incoming,20190212,152339,15889194454,22,52
33458005730,2019-02-26 10:09:54,1395,+33389884804,transfert,20190226,100954,15961099394,23,53
33458005707,2019-02-26 10:09:54,1395,+33389884804,incoming,20190226,100954,15961099344,23,53
33458005730,2019-02-28 11:30:36,11,+33389884804,transfert,20190228,113036,15973877864,23,54
33458005709,2019-02-28 11:30:36,11,+33389884804,transfert,20190228,113036,15973878032,23,55
33458005730,2019-02-28 11:31:50,211,+33389884804,transfert,20190228,113150,15973916201,23,56
33458005707,2019-02-28 11:31:50,211,+33389884804,incoming,20190228,113150,15973917388,23,56
33458005709,2019-02-11 11:48:58,5,+33432751245,transfert,20190211,114858,15881331049,24,57
33458005709,2019-02-11 11:49:35,8,+33432751245,transfert,20190211,114935,15881340772,24,58
33458005730,2019-02-13 11:10:32,12,+33442361212,transfert,20190213,111032,15893227372,25,59
33458005707,2019-02-13 11:10:32,12,+33442361212,transfert,20190213,111032,15893227570,25,60
33458005730,2019-02-13 11:11:55,263,+33442361212,transfert,20190213,111155,15893274440,25,61
33458005709,2019-02-13 11:11:55,263,+33442361212,incoming,20190213,111155,15893275687,25,61
33458005730,2019-02-15 11:28:33,196,+33442361212,transfert,20190215,112833,15905063319,25,62
33458005707,2019-02-15 11:28:33,196,+33442361212,incoming,20190215,112833,15905062999,25,62
33458005730,2019-02-26 10:47:21,187,+33442657720,transfert,20190226,104721,15961277310,26,63
33458005709,2019-02-26 10:47:21,187,+33442657720,incoming,20190226,104721,15961277949,26,63
33458005730,2019-02-26 10:51:18,111,+33442657720,transfert,20190226,105118,15961302603,26,64
33458005707,2019-02-26 10:51:18,111,+33442657720,incoming,20190226,105118,15961302732,26,64
33458005730,2019-02-26 17:27:06,142,+33442657720,transfert,20190226,172706,15964320426,26,65
33458005707,2019-02-26 17:27:06,142,+33442657720,incoming,20190226,172706,15964320359,26,65
33458005730,2019-02-27 11:25:15,210,+33442657720,transfert,20190227,112515,15967745375,26,66
33458005707,2019-02-27 11:25:15,210,+33442657720,incoming,20190227,112515,15967745661,26,66
33458005730,2019-02-20 10:08:06,2112,+33442849884,transfert,20190220,100806,15929889622,27,67
33458005707,2019-02-20 10:08:06,2112,+33442849884,incoming,20190220,100806,15929889796,27,67
33458005730,2019-02-28 14:14:15,10,+33442849884,transfert,20190228,141415,15974782732,27,68
33458005709,2019-02-28 14:14:15,10,+33442849884,transfert,20190228,141415,15974783460,27,69
33458005709,2019-02-01 14:52:35,0,+33458005707,miss,20190201,145235,15830939941,28,70
33458005709,2019-02-01 14:52:51,0,+33458005707,miss,20190201,145251,15830942903,28,70
33458005709,2019-02-01 14:52:57,17,+33458005707,transfert,20190201,145257,15830950253,28,71
33458005709,2019-02-11 14:35:15,1,+33458005707,incoming,20190211,143515,15882342231,28,71
33458005709,2019-02-11 14:35:25,1,+33458005707,incoming,20190211,143525,15882345136,28,71
33458005709,2019-02-11 14:35:28,432,+33458005707,incoming,20190211,143528,15882418567,28,71
33458005709,2019-02-12 11:14:44,0,+33458005707,transfert,20190212,111444,15887272247,28,72
33458005709,2019-02-12 11:15:22,0,+33458005707,miss,20190212,111522,15887276709,28,72
33458005709,2019-02-12 11:16:17,56,+33458005707,transfert,20190212,111617,15887296027,28,73
33458005709,2019-02-15 19:58:37,0,+33458005707,miss,20190215,195837,15908118160,28,73
33458005708,2019-02-15 19:59:42,0,+33458005707,miss,20190215,195942,15908120926,28,73
33458005709,2019-02-15 20:00:44,2,+33458005707,transfert,20190215,200044,15908123204,28,74
33458005708,2019-02-15 20:01:31,0,+33458005707,miss,20190215,200131,15908124606,28,74
33458005709,2019-02-15 20:02:49,0,+33458005707,miss,20190215,200249,15908127444,28,74
33458005709,2019-02-15 20:03:35,0,+33458005707,miss,20190215,200335,15908130695,28,74
33458005709,2019-02-15 20:04:01,0,+33458005707,miss,20190215,200401,15908131303,28,74
33458005709,2019-02-19 17:30:52,21,+33458005707,transfert,20190219,173052,15926895905,28,75
33458005709,2019-02-21 14:11:07,10,+33458005707,incoming,20190221,141107,15937070756,28,75
33458005709,2019-02-21 14:11:29,0,+33458005707,miss,20190221,141129,15937073378,28,75
33458005709,2019-02-21 14:11:33,783,+33458005707,incoming,20190221,141133,15937175367,28,75
33458005709,2019-02-22 09:14:01,0,+33458005707,transfert,20190222,91401,15940885908,28,76
33458005709,2019-02-22 09:20:50,0,+33458005707,miss,20190222,92050,15940935913,28,76
33458005709,2019-02-22 16:55:29,0,+33458005707,miss,20190222,165529,15944275277,28,76
33458001003,2019-02-22 16:56:16,0,+33458005707,miss,20190222,165616,15944280037,28,76
33458001003,2019-02-22 16:56:50,0,+33458005707,miss,20190222,165650,15944285315,28,76
33458005709,2019-02-25 10:07:20,3,+33458005707,incoming,20190225,100720,15954397460,28,76
33458005709,2019-02-25 10:08:14,4,+33458005707,incoming,20190225,100814,15954411611,28,76
33458005709,2019-02-25 10:08:34,1,+33458005707,incoming,20190225,100834,15954411660,28,76
33458005709,2019-02-25 10:08:53,0,+33458005707,miss,20190225,100853,15954417929,28,76
33458005709,2019-02-25 10:09:02,7,+33458005707,incoming,20190225,100902,15954417870,28,76
33458005709,2019-02-25 10:09:32,379,+33458005707,incoming,20190225,100932,15954490812,28,76
33458001003,2019-02-25 13:36:45,3,+33458005707,incoming,20190225,133645,15955944013,28,76
33458001003,2019-02-25 13:37:16,0,+33458005707,miss,20190225,133716,15955945916,28,76
33458001003,2019-02-26 10:51:28,111,+33458005707,incoming,20190226,105128,15961302689,28,76
33458001003,2019-02-26 13:54:55,204,+33458005707,incoming,20190226,135455,15962442473,28,76
33458001003,2019-02-26 14:10:47,434,+33458005707,incoming,20190226,141047,15962606309,28,76
33458001003,2019-02-26 14:23:29,616,+33458005707,incoming,20190226,142329,15962748693,28,76
33458001003,2019-02-26 14:42:10,137,+33458005707,incoming,20190226,144210,15962849117,28,76
33458001003,2019-02-26 15:12:40,352,+33458005707,incoming,20190226,151240,15963177141,28,76
33458001003,2019-02-26 15:39:16,1067,+33458005707,incoming,20190226,153916,15963530080,28,76
33458001003,2019-02-26 17:27:15,142,+33458005707,incoming,20190226,172715,15964320515,28,76
33458001003,2019-02-27 10:39:22,129,+33458005707,incoming,20190227,103922,15967293250,28,76
33458001003,2019-02-27 10:58:46,179,+33458005707,incoming,20190227,105846,15967497425,28,76
33458001003,2019-02-27 11:25:23,210,+33458005707,incoming,20190227,112523,15967747730,28,76
33458001003,2019-02-28 08:55:45,595,+33458005707,incoming,20190228,85545,15972401947,28,76
33458001003,2019-02-28 09:26:11,134,+33458005707,incoming,20190228,92611,15972612729,28,76
33458001003,2019-02-28 11:32:05,211,+33458005707,incoming,20190228,113205,15973916445,28,76
33458005730,2019-02-08 11:38:52,13,+33467493949,transfert,20190208,113852,15867896805,29,77
33458005709,2019-02-08 11:38:52,13,+33467493949,transfert,20190208,113852,15867897646,29,78
33458005730,2019-02-08 11:39:48,420,+33467493949,transfert,20190208,113948,15867969733,29,79
33458005707,2019-02-08 11:39:48,420,+33467493949,incoming,20190208,113948,15867969829,29,79
33458005730,2019-02-08 14:18:08,21,+33467493949,transfert,20190208,141808,15868810574,29,80
33458005707,2019-02-08 14:18:08,21,+33467493949,incoming,20190208,141808,15868810363,29,80
33458005730,2019-02-18 17:27:13,1085,+33467967059,transfert,20190218,172713,15920780160,30,81
33458005707,2019-02-18 17:27:13,1085,+33467967059,incoming,20190218,172713,15920780079,30,81
33458005730,2019-02-19 17:27:29,16,+33467967059,transfert,20190219,172729,15926872374,30,82
33458005707,2019-02-19 17:27:29,16,+33467967059,transfert,20190219,172729,15926872669,30,83
33458005730,2019-02-19 17:28:30,75,+33467967059,transfert,20190219,172830,15926886705,30,84
33458005707,2019-02-19 17:28:30,75,+33467967059,transfert,20190219,172830,15926886711,30,85
33458005730,2019-02-19 17:30:26,200,+33467967059,transfert,20190219,173026,15926913988,30,86
33458005709,2019-02-19 17:30:26,200,+33467967059,incoming,20190219,173026,15926914006,30,86
33458005730,2019-02-14 10:44:47,352,+33468810461,transfert,20190214,104447,15898748841,31,87
33458005709,2019-02-14 10:44:47,352,+33468810461,incoming,20190214,104447,15898748629,31,87
33458005730,2019-02-13 15:26:05,696,+33468898412,transfert,20190213,152605,15895132647,32,88
33458005709,2019-02-13 15:26:05,696,+33468898412,incoming,20190213,152605,15895132897,32,88
33458005730,2019-02-04 17:21:19,339,+33472350027,transfert,20190204,172119,15846161863,33,89
33458005709,2019-02-04 17:21:19,339,+33472350027,incoming,20190204,172119,15846162093,33,89
33458005730,2019-02-12 15:20:25,77,+33476512223,transfert,20190212,152025,15889153684,34,90
33458005707,2019-02-12 15:20:25,77,+33476512223,incoming,20190212,152025,15889152986,34,90
33458005730,2019-02-26 14:46:35,146,+33476983182,transfert,20190226,144635,15962895015,35,91
33458005709,2019-02-26 14:46:35,146,+33476983182,incoming,20190226,144635,15962895160,35,91
33458005730,2019-02-27 14:35:58,197,+33476983182,transfert,20190227,143558,15968900298,35,92
33458005709,2019-02-27 14:35:58,197,+33476983182,incoming,20190227,143558,15968899998,35,92
33458005707,2019-02-11 14:34:39,472,+33482300091,incoming,20190211,143439,15882418560,36,93
33458005730,2019-02-05 16:55:59,9,+33492905199,transfert,20190205,165559,15852335284,37,94
33458005707,2019-02-05 16:55:59,9,+33492905199,transfert,20190205,165559,15852335352,37,95
33458005730,2019-02-05 16:56:49,5,+33492905199,transfert,20190205,165649,15852341099,37,96
33458005707,2019-02-05 16:56:49,5,+33492905199,transfert,20190205,165649,15852341154,37,97
33458005730,2019-02-05 17:13:28,1318,+33492905199,transfert,20190205,171328,15852648447,37,98
33458005707,2019-02-05 17:13:28,1318,+33492905199,incoming,20190205,171328,15852648277,37,98
33458005730,2019-02-14 10:19:55,176,+33494974430,transfert,20190214,101955,15898480445,38,99
33458005709,2019-02-14 10:19:55,176,+33494974430,incoming,20190214,101955,15898480742,38,99
33458005730,2019-02-14 14:17:55,1469,+33494974430,transfert,20190214,141755,15900227805,38,100
33458005709,2019-02-14 14:17:55,1469,+33494974430,incoming,20190214,141755,15900227789,38,100
33458005730,2019-02-25 09:45:08,974,+33494974430,transfert,20190225,94508,15954334749,38,101
33458005709,2019-02-25 09:45:08,974,+33494974430,incoming,20190225,94508,15954333838,38,101
33458005730,2019-02-26 14:42:39,235,+33494974430,transfert,20190226,144239,15962872478,38,102
33458005709,2019-02-26 14:42:39,235,+33494974430,incoming,20190226,144239,15962872323,38,102
33458005709,2019-02-26 15:51:06,126,+33494974430,incoming,20190226,155106,15963497486,38,102
33458005730,2019-02-20 16:53:13,139,+33545685100,transfert,20190220,165313,15932484621,39,103
33458005707,2019-02-20 16:53:13,139,+33545685100,incoming,20190220,165313,15932484770,39,103
33458005730,2019-02-01 11:02:09,10,+33549348936,transfert,20190201,110209,15829416485,40,104
33458005709,2019-02-01 11:02:09,10,+33549348936,transfert,20190201,110209,15829416839,40,105
33458005730,2019-02-01 11:02:56,465,+33549348936,transfert,20190201,110256,15829495562,40,106
33458005707,2019-02-01 11:02:56,465,+33549348936,incoming,20190201,110256,15829493514,40,106
33458005730,2019-02-08 15:54:32,530,+33555361373,transfert,20190208,155432,15869707984,41,107
33458005709,2019-02-08 15:54:32,530,+33555361373,incoming,20190208,155432,15869707919,41,107
33458005730,2019-02-20 10:13:01,348,+33555361373,transfert,20190220,101301,15929636802,41,108
33458005709,2019-02-20 10:13:01,348,+33555361373,incoming,20190220,101301,15929636755,41,108
33458005730,2019-02-25 14:15:12,11,+33559122057,transfert,20190225,141512,15956211823,42,109
33458005709,2019-02-25 14:15:12,11,+33559122057,transfert,20190225,141512,15956211766,42,110
33458005709,2019-02-25 14:16:30,4,+33559122057,transfert,20190225,141630,15956223666,42,111
33458005709,2019-02-25 14:19:23,8,+33559122057,transfert,20190225,141923,15956251919,42,112
33458005730,2019-02-25 14:20:53,354,+33559122057,transfert,20190225,142053,15956312985,42,113
33458005709,2019-02-25 14:20:53,354,+33559122057,incoming,20190225,142053,15956313189,42,113
33458005730,2019-02-25 15:56:43,29,+33559122057,transfert,20190225,155643,15957168027,42,114
33458005709,2019-02-25 15:56:43,29,+33559122057,incoming,20190225,155643,15957168208,42,114
33458005709,2019-02-27 16:46:39,143,+33559122057,incoming,20190227,164639,15970039221,42,114
33458005709,2019-02-15 14:17:17,29,+33559923413,transfert,20190215,141717,15906003984,43,115
33458005730,2019-02-19 11:29:08,165,+33562799886,transfert,20190219,112908,15924257380,44,116
33458005707,2019-02-19 11:29:08,165,+33562799886,incoming,20190219,112908,15924257360,44,116
33458005730,2019-02-26 13:54:45,204,+33562799886,transfert,20190226,135445,15962442440,44,117
33458005707,2019-02-26 13:54:46,204,+33562799886,incoming,20190226,135446,15962441865,44,117
33458005730,2019-02-28 09:26:02,134,+33562799886,transfert,20190228,92602,15972612743,44,118
33458005707,2019-02-28 09:26:02,134,+33562799886,incoming,20190228,92602,15972612250,44,118
33458005730,2019-02-12 11:59:21,155,+33565591003,transfert,20190212,115921,15887754536,45,119
33458005709,2019-02-12 11:59:21,155,+33565591003,incoming,20190212,115921,15887754784,45,119
33458005730,2019-02-22 09:26:05,273,+33565690270,transfert,20190222,92605,15941019938,46,120
33458005707,2019-02-22 09:26:05,273,+33565690270,incoming,20190222,92605,15941019519,46,120
33458005730,2019-02-22 09:33:39,110,+33565690270,transfert,20190222,93339,15941062039,46,121
33458005707,2019-02-22 09:33:39,110,+33565690270,incoming,20190222,93339,15941061923,46,121
33458005730,2019-02-04 12:25:01,141,+33590041788,transfert,20190204,122501,15843772517,47,122
33458005709,2019-02-04 12:25:01,141,+33590041788,incoming,20190204,122501,15843772486,47,122
33458005730,2019-02-01 14:51:33,258,+33603827717,transfert,20190201,145133,15830970663,48,123
33458005709,2019-02-01 14:51:33,258,+33603827717,incoming,20190201,145133,15830970866,48,123
33458005730,2019-02-11 08:48:41,3,+33603827717,transfert,20190211,84841,15879601934,48,124
33458005709,2019-02-11 08:48:41,3,+33603827717,transfert,20190211,84841,15879601828,48,125
33458005730,2019-02-11 09:22:37,183,+33603827717,transfert,20190211,92237,15879884838,48,126
33458005709,2019-02-11 09:22:37,183,+33603827717,incoming,20190211,92237,15879884907,48,126
33458005730,2019-02-11 09:47:02,154,+33603827717,transfert,20190211,94702,15880116320,48,127
33458005709,2019-02-11 09:47:02,154,+33603827717,incoming,20190211,94702,15880115141,48,127
33458005730,2019-02-11 10:36:08,38,+33603827717,transfert,20190211,103608,15880605017,48,128
33458005709,2019-02-11 10:36:08,38,+33603827717,incoming,20190211,103608,15880605453,48,128
33458005730,2019-02-11 11:15:26,4,+33603827717,transfert,20190211,111526,15881012057,48,129
33458005709,2019-02-11 11:15:26,4,+33603827717,transfert,20190211,111526,15881012157,48,130
33458005730,2019-02-11 11:19:01,140,+33603827717,transfert,20190211,111901,15881064778,48,131
33458005709,2019-02-11 11:19:01,140,+33603827717,incoming,20190211,111901,15881064998,48,131
33458005730,2019-02-19 09:07:30,98,+33603827717,transfert,20190219,90730,15922852878,48,132
33458005709,2019-02-19 09:07:30,98,+33603827717,incoming,20190219,90730,15922852603,48,132
33458005730,2019-02-19 10:15:36,3,+33603827717,transfert,20190219,101536,15923510358,48,133
33458005709,2019-02-19 10:15:36,3,+33603827717,transfert,20190219,101536,15923510144,48,134
33458005730,2019-02-19 10:44:24,4,+33603827717,transfert,20190219,104424,15923789128,48,135
33458005709,2019-02-19 10:44:24,4,+33603827717,transfert,20190219,104424,15923788939,48,136
33458005730,2019-02-19 11:38:45,160,+33603827717,transfert,20190219,113845,15924345067,48,137
33458005709,2019-02-19 11:38:45,160,+33603827717,incoming,20190219,113845,15924345206,48,137
33458005730,2019-02-19 14:31:25,105,+33603827717,transfert,20190219,143125,15925302693,48,138
33458005709,2019-02-19 14:31:25,105,+33603827717,incoming,20190219,143125,15925302911,48,138
33458005730,2019-02-20 10:32:55,16,+33603827717,transfert,20190220,103255,15929784900,48,139
33458005709,2019-02-20 10:32:55,16,+33603827717,incoming,20190220,103255,15929785038,48,139
33458005730,2019-02-20 10:34:58,104,+33603827717,transfert,20190220,103458,15929828068,48,140
33458005709,2019-02-20 10:34:58,104,+33603827717,incoming,20190220,103458,15929828202,48,140
33458005730,2019-02-20 11:16:37,103,+33603827717,transfert,20190220,111637,15930211785,48,141
33458005709,2019-02-20 11:16:37,103,+33603827717,incoming,20190220,111637,15930212598,48,141
33458005709,2019-02-21 15:56:29,320,+33603827717,incoming,20190221,155629,15938025117,48,141
33458005707,2019-02-19 19:14:28,404,+33607085327,incoming,20190219,191428,15927401890,49,142
33458005707,2019-02-19 19:21:23,1,+33607085327,incoming,20190219,192123,15927401721,49,142
33458005707,2019-02-19 19:21:30,282,+33607085327,incoming,20190219,192130,15927416999,49,142
33458005709,2019-02-07 08:43:57,35,+33607119109,transfert,20190207,84357,15860514437,50,143
33458005709,2019-02-08 15:56:59,4,+33607119109,transfert,20190208,155659,15869659537,50,144
33458005730,2019-02-01 08:54:11,6,+33607426837,transfert,20190201,85411,15828289120,51,145
33458005709,2019-02-01 08:54:11,6,+33607426837,transfert,20190201,85411,15828289032,51,146
33458005730,2019-02-01 08:54:53,108,+33607426837,transfert,20190201,85453,15828297477,51,147
33458005707,2019-02-01 08:54:53,108,+33607426837,incoming,20190201,85453,15828297377,51,147
33458005730,2019-02-01 09:09:17,316,+33607426837,transfert,20190201,90917,15828416908,51,148
33458005707,2019-02-01 09:09:17,316,+33607426837,incoming,20190201,90917,15828417303,51,148
33458005709,2019-02-01 17:16:54,131,+33607448742,incoming,20190201,171654,15832103853,52,149
33458005730,2019-02-12 11:05:42,258,+33607457078,transfert,20190212,110542,15887223407,53,150
33458005709,2019-02-12 11:05:42,258,+33607457078,incoming,20190212,110542,15887224621,53,150
33458005730,2019-02-11 08:50:05,69,+33607559403,transfert,20190211,85005,15879614500,54,151
33458005709,2019-02-11 08:50:05,69,+33607559403,transfert,20190211,85005,15879613951,54,152
33458005730,2019-02-11 10:52:22,339,+33607559403,transfert,20190211,105222,15880823769,54,153
33458005709,2019-02-11 10:52:22,339,+33607559403,incoming,20190211,105222,15880823348,54,153
33458005730,2019-02-11 14:42:15,76,+33607559403,transfert,20190211,144215,15882430982,54,154
33458005709,2019-02-11 14:42:15,76,+33607559403,transfert,20190211,144215,15882431053,54,155
33458005730,2019-02-13 09:17:15,34,+33607559403,transfert,20190213,91715,15892176069,54,156
33458005709,2019-02-13 09:17:15,34,+33607559403,transfert,20190213,91715,15892175982,54,157
33458005730,2019-02-13 09:35:37,380,+33607559403,transfert,20190213,93537,15892382158,54,158
33458005709,2019-02-13 09:35:37,380,+33607559403,incoming,20190213,93537,15892382189,54,158
33458005730,2019-02-14 10:23:56,562,+33607559403,transfert,20190214,102356,15898583881,54,159
33458005709,2019-02-14 10:23:56,562,+33607559403,incoming,20190214,102356,15898584426,54,159
33458005730,2019-02-19 17:23:19,496,+33607963979,transfert,20190219,172319,15926895342,55,160
33458005707,2019-02-19 17:23:19,496,+33607963979,incoming,20190219,172319,15926895349,55,160
33458005730,2019-02-19 17:37:30,437,+33607963979,transfert,20190219,173730,15926988498,55,161
33458005709,2019-02-19 17:37:30,437,+33607963979,incoming,20190219,173730,15926988390,55,161
33458005730,2019-02-19 17:45:07,59,+33607963979,transfert,20190219,174507,15926995563,55,162
33458005709,2019-02-19 17:45:07,59,+33607963979,incoming,20190219,174507,15926995573,55,162
33458005730,2019-02-20 10:40:59,323,+33607963979,transfert,20190220,104059,15929923474,55,163
33458005709,2019-02-20 10:40:59,323,+33607963979,incoming,20190220,104059,15929923484,55,163
33458005730,2019-02-20 11:03:16,162,+33607963979,transfert,20190220,110316,15930109458,55,164
33458005709,2019-02-20 11:03:16,162,+33607963979,incoming,20190220,110316,15930109365,55,164
33458005730,2019-02-20 11:26:13,304,+33607963979,transfert,20190220,112613,15930325929,55,165
33458005709,2019-02-20 11:26:13,304,+33607963979,incoming,20190220,112613,15930325840,55,165
33458005730,2019-02-14 10:54:26,11,+33608429394,transfert,20190214,105426,15898785930,56,166
33458005707,2019-02-14 10:54:26,11,+33608429394,transfert,20190214,105426,15898785850,56,167
33458005730,2019-02-14 10:55:19,372,+33608429394,transfert,20190214,105519,15898846120,56,168
33458005709,2019-02-14 10:55:19,372,+33608429394,incoming,20190214,105519,15898846055,56,168
33458005730,2019-02-07 17:10:53,1806,+33609169071,transfert,20190207,171053,15864616886,57,169
33458005709,2019-02-07 17:10:53,1806,+33609169071,incoming,20190207,171053,15864616842,57,169
33458005730,2019-02-25 10:28:42,1237,+33609287790,transfert,20190225,102842,15954828384,58,170
33458005707,2019-02-25 10:28:42,1237,+33609287790,incoming,20190225,102842,15954828488,58,170
33458005730,2019-02-05 14:19:14,824,+33611043368,transfert,20190205,141914,15850957113,59,171
33458005707,2019-02-05 14:19:14,824,+33611043368,incoming,20190205,141914,15850956882,59,171
33458005730,2019-02-07 16:56:55,250,+33611174432,transfert,20190207,165655,15864339710,60,172
33458005709,2019-02-07 16:56:55,250,+33611174432,incoming,20190207,165655,15864340037,60,172
33458005730,2019-02-13 09:50:35,662,+33611174432,transfert,20190213,95035,15892555405,60,173
33458005709,2019-02-13 09:50:35,662,+33611174432,incoming,20190213,95035,15892555395,60,173
33458005730,2019-02-13 10:05:40,76,+33611174432,transfert,20190213,100540,15892608028,60,174
33458005709,2019-02-13 10:05:40,76,+33611174432,incoming,20190213,100540,15892607951,60,174
33458005730,2019-02-13 10:07:09,76,+33611174432,transfert,20190213,100709,15892620792,60,175
33458005709,2019-02-13 10:07:09,76,+33611174432,incoming,20190213,100709,15892620081,60,175
33458005730,2019-02-19 11:50:06,5,+33611174432,transfert,20190219,115006,15924426493,60,176
33458005709,2019-02-19 11:50:06,5,+33611174432,transfert,20190219,115006,15924426481,60,177
33458005730,2019-02-19 16:26:22,607,+33611174432,transfert,20190219,162622,15926477336,60,178
33458005707,2019-02-19 16:26:22,607,+33611174432,incoming,20190219,162622,15926477400,60,178
33458005730,2019-02-22 14:22:04,135,+33611174432,transfert,20190222,142204,15943141208,60,179
33458005709,2019-02-22 14:22:04,135,+33611174432,incoming,20190222,142204,15943141169,60,179
33458005730,2019-02-21 11:50:19,15,+33611353049,transfert,20190221,115019,15936381070,61,180
33458005707,2019-02-21 11:50:19,15,+33611353049,transfert,20190221,115019,15936381102,61,181
33458005730,2019-02-19 16:35:15,183,+33611424770,transfert,20190219,163515,15926494675,62,182
33458005709,2019-02-19 16:35:15,183,+33611424770,incoming,20190219,163515,15926494633,62,182
33458005730,2019-02-19 11:48:09,40,+33611875634,transfert,20190219,114809,15924414988,63,183
33458005709,2019-02-19 11:48:09,40,+33611875634,transfert,20190219,114809,15924415058,63,184
33458005730,2019-02-05 10:20:14,14,+33612737148,transfert,20190205,102014,15849004495,64,185
33458005707,2019-02-05 10:20:14,14,+33612737148,transfert,20190205,102014,15849003751,64,186
33458005730,2019-02-05 10:30:03,406,+33612737148,transfert,20190205,103003,15849165216,64,187
33458005709,2019-02-05 10:30:03,406,+33612737148,incoming,20190205,103003,15849164886,64,187
33458005730,2019-02-12 08:41:37,0,+33612737148,transfert,20190212,84137,15885855050,64,188
33458005709,2019-02-12 08:41:37,0,+33612737148,miss,20190212,84137,15885855021,64,188
33458005730,2019-02-14 16:39:40,95,+33612737148,transfert,20190214,163940,15901315418,64,189
33458005709,2019-02-14 16:39:40,95,+33612737148,incoming,20190214,163940,15901315351,64,189
33458005730,2019-02-05 17:31:51,37,+33612962057,transfert,20190205,173151,15852630566,65,190
33458005707,2019-02-05 17:31:51,37,+33612962057,transfert,20190205,173151,15852630513,65,191
33458005730,2019-02-06 13:58:31,591,+33612962057,transfert,20190206,135831,15857073127,65,192
33458005709,2019-02-06 13:58:31,591,+33612962057,incoming,20190206,135831,15857073321,65,192
33458005707,2019-02-13 10:54:28,186,+33612962057,incoming,20190213,105428,15893100196,65,192
33458005730,2019-02-01 16:57:02,187,+33613611343,transfert,20190201,165702,15831992640,66,193
33458005709,2019-02-01 16:57:02,187,+33613611343,incoming,20190201,165702,15831992755,66,193
33458005730,2019-02-18 10:44:14,608,+33613611343,transfert,20190218,104414,15917532379,66,194
33458005707,2019-02-18 10:44:14,608,+33613611343,incoming,20190218,104414,15917532660,66,194
33458005730,2019-02-21 11:47:45,920,+33613611343,transfert,20190221,114745,15936481620,66,195
33458005707,2019-02-21 11:47:45,920,+33613611343,incoming,20190221,114745,15936481610,66,195
33458005730,2019-02-19 16:17:34,123,+33614307192,transfert,20190219,161734,15926322855,67,196
33458005707,2019-02-19 16:17:34,123,+33614307192,incoming,20190219,161734,15926322709,67,196
33458005730,2019-02-22 15:48:39,151,+33614307192,transfert,20190222,154839,15943813105,67,197
33458005707,2019-02-22 15:48:39,151,+33614307192,incoming,20190222,154839,15943813093,67,197
33458005730,2019-02-15 09:42:56,340,+33615375658,transfert,20190215,94256,15904096629,68,198
33458005709,2019-02-15 09:42:56,340,+33615375658,incoming,20190215,94256,15904096489,68,198
33458005730,2019-02-15 10:04:24,149,+33615375658,transfert,20190215,100424,15904275025,68,199
33458005709,2019-02-15 10:04:24,149,+33615375658,incoming,20190215,100424,15904274207,68,199
33458005730,2019-02-07 14:36:39,200,+33615621185,transfert,20190207,143639,15863097934,69,200
33458005709,2019-02-07 14:36:39,200,+33615621185,incoming,20190207,143639,15863097760,69,200
33458005709,2019-02-07 16:27:17,120,+33615621185,incoming,20190207,162717,15864071039,69,200
33458005730,2019-02-20 15:00:01,5,+33615621185,transfert,20190220,150001,15931522777,69,201
33458005709,2019-02-20 15:00:01,5,+33615621185,transfert,20190220,150001,15931522647,69,202
33458005730,2019-02-20 15:00:41,353,+33615621185,transfert,20190220,150041,15931579554,69,203
33458005709,2019-02-20 15:00:41,353,+33615621185,incoming,20190220,150041,15931579290,69,203
33458005730,2019-02-22 11:40:08,5,+33615621185,transfert,20190222,114008,15942238617,69,204
33458005709,2019-02-22 11:40:08,5,+33615621185,transfert,20190222,114008,15942239630,69,205
33458005730,2019-02-22 11:40:56,58,+33615621185,transfert,20190222,114056,15942252721,69,206
33458005709,2019-02-22 11:40:56,58,+33615621185,incoming,20190222,114056,15942253238,69,206
33458005730,2019-02-28 08:56:21,101,+33615621185,transfert,20190228,85621,15972353461,69,207
33458005709,2019-02-28 08:56:21,101,+33615621185,incoming,20190228,85621,15972353442,69,207
33458005730,2019-02-26 14:04:21,12,+33616670716,transfert,20190226,140421,15962486762,70,208
33458005707,2019-02-26 14:04:21,12,+33616670716,transfert,20190226,140421,15962486693,70,209
33458005730,2019-02-26 14:10:40,434,+33616670716,transfert,20190226,141040,15962607400,70,210
33458005707,2019-02-26 14:10:40,434,+33616670716,incoming,20190226,141040,15962607379,70,210
33458005730,2019-02-28 15:35:50,274,+33616863377,transfert,20190228,153550,15975489573,71,211
33458005709,2019-02-28 15:35:51,274,+33616863377,incoming,20190228,153551,15975488596,71,211
33458005730,2019-02-08 14:39:33,9,+33616891034,transfert,20190208,143933,15868998289,72,212
33458005707,2019-02-08 14:39:33,9,+33616891034,transfert,20190208,143933,15868998188,72,213
33458005730,2019-02-11 16:18:59,12,+33617081813,transfert,20190211,161859,15883372020,73,214
33458005709,2019-02-11 16:18:59,12,+33617081813,transfert,20190211,161859,15883372116,73,215
33458005707,2019-02-13 15:56:29,97,+33617081813,incoming,20190213,155629,15895308470,73,215
33458005730,2019-02-16 09:54:35,11,+33617963056,transfert,20190216,95435,15909862500,74,216
33458005707,2019-02-16 09:54:35,11,+33617963056,transfert,20190216,95435,15909862510,74,217
33458005730,2019-02-14 16:11:40,659,+33619767858,transfert,20190214,161140,15901159038,75,218
33458005709,2019-02-14 16:11:40,659,+33619767858,incoming,20190214,161140,15901159053,75,218
33458005730,2019-02-25 14:43:19,211,+33620063763,transfert,20190225,144319,15956496717,76,219
33458005709,2019-02-25 14:43:19,211,+33620063763,incoming,20190225,144319,15956497270,76,219
33458005709,2019-02-25 14:53:22,20,+33620063763,incoming,20190225,145322,15956560052,76,219
33458005709,2019-02-25 14:53:53,546,+33620063763,incoming,20190225,145353,15956656906,76,219
33458005709,2019-02-25 15:06:02,376,+33620063763,incoming,20190225,150602,15956738915,76,219
33458005709,2019-02-08 16:07:55,64,+33623310729,incoming,20190208,160755,15869750674,77,220
33458005730,2019-02-06 11:52:48,124,+33623387341,transfert,20190206,115248,15856450996,78,221
33458005709,2019-02-06 11:52:48,124,+33623387341,incoming,20190206,115248,15856449728,78,221
33458005730,2019-02-07 16:05:45,368,+33626767894,transfert,20190207,160545,15863908039,79,222
33458005709,2019-02-07 16:05:45,368,+33626767894,incoming,20190207,160545,15863908128,79,222
33458005730,2019-02-08 08:41:57,6,+33626767894,transfert,20190208,84157,15866392617,79,223
33458005709,2019-02-08 08:41:57,6,+33626767894,transfert,20190208,84157,15866392590,79,224
33458005730,2019-02-08 14:26:36,590,+33626767894,transfert,20190208,142636,15868967930,79,225
33458005709,2019-02-08 14:26:36,590,+33626767894,incoming,20190208,142636,15868967987,79,225
33458005730,2019-02-12 10:24:19,77,+33626767894,transfert,20190212,102419,15886764719,79,226
33458005709,2019-02-12 10:24:19,77,+33626767894,incoming,20190212,102419,15886764497,79,226
33458005730,2019-02-12 10:41:23,183,+33626767894,transfert,20190212,104123,15886965775,79,227
33458005709,2019-02-12 10:41:23,183,+33626767894,incoming,20190212,104123,15886964815,79,227
33458005730,2019-02-20 10:45:48,91,+33627327661,transfert,20190220,104548,15929933227,80,228
33458005707,2019-02-20 10:45:48,91,+33627327661,incoming,20190220,104548,15929933352,80,228
33458005730,2019-02-08 15:48:29,197,+33629020184,transfert,20190208,154829,15869616078,81,229
33458005707,2019-02-08 15:48:29,197,+33629020184,incoming,20190208,154829,15869615984,81,229
33458005730,2019-02-19 11:41:33,799,+33629020184,transfert,20190219,114133,15924465142,81,230
33458005709,2019-02-19 11:41:33,799,+33629020184,incoming,20190219,114133,15924464582,81,230
33458005730,2019-02-14 15:40:08,827,+33629708330,transfert,20190214,154008,15900898323,82,231
33458005707,2019-02-14 15:40:08,827,+33629708330,incoming,20190214,154008,15900898522,82,231
33458005730,2019-02-22 09:43:46,393,+33630481676,transfert,20190222,94346,15941202705,83,232
33458005707,2019-02-22 09:43:46,393,+33630481676,incoming,20190222,94346,15941202842,83,232
33458005707,2019-02-27 10:39:13,129,+33630481676,incoming,20190227,103913,15967291217,83,232
33458005709,2019-02-11 11:11:22,324,+33632891463,incoming,20190211,111122,15881021438,84,233
33458005709,2019-02-13 10:10:26,171,+33632891463,incoming,20190213,101026,15892662996,84,233
33458005709,2019-02-14 15:50:48,215,+33632891463,incoming,20190214,155048,15900902586,84,233
33458005730,2019-02-22 14:54:59,272,+33633243774,transfert,20190222,145459,15943428322,85,234
33458005709,2019-02-22 14:54:59,272,+33633243774,incoming,20190222,145459,15943428405,85,234
33458005730,2019-02-25 17:12:51,419,+33633243774,transfert,20190225,171251,15957869571,85,235
33458005709,2019-02-25 17:12:51,419,+33633243774,incoming,20190225,171251,15957869672,85,235
33458005730,2019-02-21 14:12:52,53,+33633679128,transfert,20190221,141252,15937093830,86,236
33458005709,2019-02-21 14:12:52,53,+33633679128,transfert,20190221,141252,15937093919,86,237
33458005709,2019-02-21 15:44:07,332,+33633679128,incoming,20190221,154407,15937922551,86,237
33458005709,2019-02-21 18:13:49,55,+33633679128,transfert,20190221,181349,15938911389,86,238
33458005730,2019-02-26 15:39:09,1067,+33642686678,transfert,20190226,153909,15963528922,87,239
33458005707,2019-02-26 15:39:09,1067,+33642686678,incoming,20190226,153909,15963529183,87,239
33458005730,2019-02-14 16:44:09,752,+33645015395,transfert,20190214,164409,15901447055,88,240
33458005707,2019-02-14 16:44:09,752,+33645015395,incoming,20190214,164409,15901447182,88,240
33458005730,2019-02-19 11:07:55,4,+33645015395,transfert,20190219,110755,15924023056,88,241
33458005709,2019-02-19 11:07:55,4,+33645015395,transfert,20190219,110755,15924022882,88,242
33458005730,2019-02-19 11:08:38,356,+33645015395,transfert,20190219,110838,15924087517,88,243
33458005707,2019-02-19 11:08:38,356,+33645015395,incoming,20190219,110838,15924087623,88,243
33458005730,2019-02-21 14:13:52,838,+33645015395,transfert,20190221,141352,15937201945,88,244
33458005707,2019-02-21 14:13:52,838,+33645015395,incoming,20190221,141352,15937202022,88,244
33458005730,2019-02-21 14:43:57,462,+33645015395,transfert,20190221,144357,15937413647,88,245
33458005709,2019-02-21 14:43:57,462,+33645015395,incoming,20190221,144357,15937413499,88,245
33458005730,2019-02-22 15:24:21,223,+33645015395,transfert,20190222,152421,15943648455,88,246
33458005707,2019-02-22 15:24:21,223,+33645015395,incoming,20190222,152421,15943648530,88,246
33458005730,2019-02-05 16:15:15,2644,+33645705016,transfert,20190205,161515,15852363878,89,247
33458005707,2019-02-05 16:15:15,2644,+33645705016,incoming,20190205,161515,15852364122,89,247
33458005730,2019-02-19 14:48:23,347,+33645705016,transfert,20190219,144823,15925508228,89,248
33458005709,2019-02-19 14:48:23,347,+33645705016,incoming,20190219,144823,15925508067,89,248
33458005730,2019-02-20 17:12:00,306,+33645705016,transfert,20190220,171200,15932648341,89,249
33458005709,2019-02-20 17:12:00,306,+33645705016,incoming,20190220,171200,15932648296,89,249
33458005730,2019-02-26 10:48:20,11,+33645705016,transfert,20190226,104820,15961260874,89,250
33458005709,2019-02-26 10:48:20,11,+33645705016,transfert,20190226,104820,15961260639,89,251
33458005730,2019-02-26 15:50:11,49,+33645705016,transfert,20190226,155011,15963481032,89,252
33458005709,2019-02-26 15:50:11,49,+33645705016,transfert,20190226,155011,15963481127,89,253
33458005730,2019-02-04 15:36:21,11,+33648939169,transfert,20190204,153621,15845164130,90,254
33458005707,2019-02-04 15:36:21,11,+33648939169,transfert,20190204,153621,15845164151,90,255
33458005730,2019-02-04 15:37:21,711,+33648939169,transfert,20190204,153721,15845281811,90,256
33458005707,2019-02-04 15:37:21,711,+33648939169,incoming,20190204,153721,15845282725,90,256
33458005730,2019-02-14 14:24:39,11,+33650054731,transfert,20190214,142439,15900090509,91,257
33458005709,2019-02-14 14:24:39,11,+33650054731,transfert,20190214,142439,15900090556,91,258
33458005730,2019-02-14 14:30:30,12,+33650054731,transfert,20190214,143030,15900136388,91,259
33458005709,2019-02-14 14:30:31,12,+33650054731,transfert,20190214,143031,15900138026,91,260
33458005730,2019-02-14 14:55:20,151,+33650054731,transfert,20190214,145520,15900365433,91,261
33458005709,2019-02-14 14:55:20,151,+33650054731,incoming,20190214,145520,15900365258,91,261
33458005730,2019-02-19 17:04:32,88,+33650556381,transfert,20190219,170432,15926715394,92,262
33458005707,2019-02-19 17:04:32,88,+33650556381,incoming,20190219,170432,15926715475,92,262
33458005730,2019-02-28 11:09:41,103,+33650556381,transfert,20190228,110941,15973690464,92,263
33458005709,2019-02-28 11:09:41,102,+33650556381,incoming,20190228,110941,15973690804,92,263
33458005730,2019-02-14 15:44:47,45,+33652394331,transfert,20190214,154447,15900820680,93,264
33458005707,2019-02-14 15:44:47,45,+33652394331,transfert,20190214,154447,15900820813,93,265
33458005730,2019-02-14 15:47:46,3,+33652394331,transfert,20190214,154746,15900842480,93,266
33458005707,2019-02-14 15:47:46,3,+33652394331,transfert,20190214,154746,15900842342,93,267
33458005730,2019-02-14 15:48:43,5,+33652394331,transfert,20190214,154843,15900851768,93,268
33458005709,2019-02-14 15:48:43,5,+33652394331,transfert,20190214,154843,15900851693,93,269
33458005730,2019-02-14 16:25:04,237,+33652394331,transfert,20190214,162504,15901212748,93,270
33458005707,2019-02-14 16:25:04,237,+33652394331,incoming,20190214,162504,15901212631,93,270
33458005730,2019-02-15 09:49:01,449,+33652394331,transfert,20190215,94901,15904168172,93,271
33458005707,2019-02-15 09:49:01,449,+33652394331,incoming,20190215,94901,15904169073,93,271
33458005730,2019-02-18 11:54:16,256,+33652394331,transfert,20190218,115416,15918163517,93,272
33458005709,2019-02-18 11:54:16,256,+33652394331,incoming,20190218,115416,15918163505,93,272
33458005730,2019-02-18 12:13:12,4,+33652394331,transfert,20190218,121312,15918263717,93,273
33458005709,2019-02-18 12:13:12,4,+33652394331,transfert,20190218,121312,15918263666,93,274
33458005730,2019-02-18 15:45:43,109,+33652394331,transfert,20190218,154543,15919754951,93,275
33458005707,2019-02-18 15:45:43,109,+33652394331,incoming,20190218,154543,15919755068,93,275
33458005730,2019-02-19 10:34:01,546,+33652394331,transfert,20190219,103401,15923775476,93,276
33458005707,2019-02-19 10:34:01,546,+33652394331,incoming,20190219,103401,15923775412,93,276
33458005730,2019-02-19 11:59:49,156,+33652394331,transfert,20190219,115949,15924525430,93,277
33458005707,2019-02-19 11:59:49,156,+33652394331,incoming,20190219,115949,15924525684,93,277
33458005730,2019-02-21 14:07:57,991,+33652394331,transfert,20190221,140757,15937175593,93,278
33458005707,2019-02-21 14:07:57,991,+33652394331,incoming,20190221,140757,15937175954,93,278
33458005730,2019-02-22 09:29:31,12,+33652394331,transfert,20190222,92931,15941015118,93,279
33458005707,2019-02-22 09:29:31,12,+33652394331,transfert,20190222,92931,15941014911,93,280
33458005730,2019-02-22 09:30:27,331,+33652394331,transfert,20190222,93027,15941067340,93,281
33458005709,2019-02-22 09:30:27,331,+33652394331,incoming,20190222,93027,15941067583,93,281
33458005730,2019-02-22 10:14:15,140,+33652394331,transfert,20190222,101415,15941446351,93,282
33458005709,2019-02-22 10:14:15,140,+33652394331,incoming,20190222,101415,15941446362,93,282
33458005730,2019-02-25 09:04:44,10,+33652394331,transfert,20190225,90444,15953796277,93,283
33458005709,2019-02-25 09:04:45,10,+33652394331,transfert,20190225,90445,15953794798,93,284
33458005730,2019-02-25 09:05:31,9,+33652394331,transfert,20190225,90531,15953801745,93,285
33458005707,2019-02-25 09:05:31,9,+33652394331,transfert,20190225,90531,15953801265,93,286
33458005730,2019-02-25 09:13:46,3,+33652394331,transfert,20190225,91346,15953875158,93,287
33458005709,2019-02-25 09:13:46,3,+33652394331,transfert,20190225,91346,15953875452,93,288
33458005730,2019-02-25 09:17:53,1767,+33652394331,transfert,20190225,91753,15954194838,93,289
33458005707,2019-02-25 09:17:53,1767,+33652394331,incoming,20190225,91753,15954194757,93,289
33458005730,2019-02-25 10:05:33,211,+33652394331,transfert,20190225,100533,15954418398,93,290
33458005707,2019-02-25 10:05:33,211,+33652394331,incoming,20190225,100533,15954418357,93,290
33458005730,2019-02-25 10:09:25,379,+33652394331,transfert,20190225,100925,15954487425,93,291
33458005707,2019-02-25 10:09:25,379,+33652394331,incoming,20190225,100925,15954487490,93,291
33458005730,2019-02-25 16:39:08,192,+33652394331,transfert,20190225,163908,15957578288,93,292
33458005709,2019-02-25 16:39:08,192,+33652394331,incoming,20190225,163908,15957578397,93,292
33458005730,2019-02-01 15:10:45,11,+33658898832,transfert,20190201,151045,15831117657,94,293
33458005709,2019-02-01 15:10:46,11,+33658898832,transfert,20190201,151046,15831117150,94,294
33458005730,2019-02-01 15:56:38,300,+33658898832,transfert,20190201,155638,15831552766,94,295
33458005709,2019-02-01 15:56:38,300,+33658898832,incoming,20190201,155638,15831552551,94,295
33458005730,2019-02-06 09:52:02,3,+33658898832,transfert,20190206,95202,15855207294,94,296
33458005709,2019-02-06 09:52:02,3,+33658898832,transfert,20190206,95202,15855207242,94,297
33458005730,2019-02-06 10:10:46,233,+33658898832,transfert,20190206,101046,15855421486,94,298
33458005709,2019-02-06 10:10:46,233,+33658898832,incoming,20190206,101046,15855421285,94,298
33458005730,2019-02-13 10:16:09,113,+33658898832,transfert,20190213,101609,15892713004,94,299
33458005709,2019-02-13 10:16:09,113,+33658898832,incoming,20190213,101609,15892712761,94,299
33458005730,2019-02-19 16:17:48,6,+33658898832,transfert,20190219,161748,15926311901,94,300
33458005709,2019-02-19 16:17:48,6,+33658898832,transfert,20190219,161748,15926311892,94,301
33458005730,2019-02-19 16:18:34,247,+33658898832,transfert,20190219,161834,15926352725,94,302
33458005709,2019-02-19 16:18:34,247,+33658898832,incoming,20190219,161834,15926352710,94,302
33458005730,2019-02-01 13:47:07,4,+33659582529,transfert,20190201,134707,15830396493,95,303
33458005709,2019-02-01 13:47:07,4,+33659582529,transfert,20190201,134707,15830396502,95,304
33458005730,2019-02-20 11:44:41,787,+33660492250,transfert,20190220,114441,15930549234,96,305
33458005709,2019-02-20 11:44:41,787,+33660492250,incoming,20190220,114441,15930549781,96,305
33458005730,2019-02-12 16:07:54,6,+33660959720,transfert,20190212,160754,15889591892,97,306
33458005709,2019-02-12 16:07:54,6,+33660959720,transfert,20190212,160754,15889591991,97,307
33458005730,2019-02-12 16:08:55,0,+33660959720,transfert,20190212,160855,15889601693,97,308
33458005709,2019-02-12 16:08:55,0,+33660959720,miss,20190212,160855,15889601671,97,308
33458005730,2019-02-12 16:09:30,105,+33660959720,transfert,20190212,160930,15889621823,97,309
33458005707,2019-02-12 16:09:30,105,+33660959720,incoming,20190212,160930,15889622487,97,309
33458005730,2019-02-12 17:03:30,5,+33660959720,transfert,20190212,170330,15890075685,97,310
33458005709,2019-02-12 17:03:30,5,+33660959720,transfert,20190212,170330,15890075882,97,311
33458005730,2019-02-22 09:59:28,75,+33660959720,transfert,20190222,95928,15941300346,97,312
33458005709,2019-02-22 09:59:28,75,+33660959720,incoming,20190222,95928,15941299596,97,312
33458005730,2019-02-01 15:37:54,1193,+33661568014,transfert,20190201,153754,15831520165,98,313
33458005707,2019-02-01 15:37:54,1193,+33661568014,incoming,20190201,153754,15831520115,98,313
33458005709,2019-02-25 14:13:17,224,+33661568014,incoming,20190225,141317,15956224215,98,313
33458005709,2019-02-27 13:54:26,528,+33661568014,incoming,20190227,135426,15968602964,98,313
33458005709,2019-02-27 16:15:02,176,+33661568014,incoming,20190227,161502,15969763651,98,313
33458005730,2019-02-11 09:59:22,165,+33661875288,transfert,20190211,95922,15880245281,99,314
33458005709,2019-02-11 09:59:22,165,+33661875288,incoming,20190211,95922,15880245904,99,314
33458005730,2019-02-12 09:56:22,188,+33661875288,transfert,20190212,95622,15886483448,99,315
33458005709,2019-02-12 09:56:22,188,+33661875288,incoming,20190212,95622,15886483194,99,315
33458005730,2019-02-01 09:22:16,33,+33662417762,transfert,20190201,92216,15828484542,100,316
33458005707,2019-02-01 09:22:16,33,+33662417762,incoming,20190201,92216,15828484560,100,316
33458005730,2019-02-01 15:15:44,96,+33662417762,transfert,20190201,151544,15831180175,100,317
33458005707,2019-02-01 15:15:44,96,+33662417762,incoming,20190201,151544,15831180621,100,317
33458005730,2019-02-01 15:51:48,0,+33662417762,transfert,20190201,155148,15831476202,100,318
33458005707,2019-02-01 15:51:48,0,+33662417762,miss,20190201,155148,15831476234,100,318
33458005730,2019-02-01 15:55:29,4,+33662417762,transfert,20190201,155529,15831505297,100,319
33458005707,2019-02-01 15:55:29,4,+33662417762,transfert,20190201,155529,15831505362,100,320
33458005730,2019-02-01 15:57:04,0,+33662417762,transfert,20190201,155704,15831514113,100,321
33458005707,2019-02-01 15:57:04,0,+33662417762,miss,20190201,155704,15831513775,100,321
33458005730,2019-02-01 15:57:18,4,+33662417762,transfert,20190201,155718,15831518981,100,322
33458005709,2019-02-01 15:57:18,4,+33662417762,transfert,20190201,155718,15831519089,100,323
33458005730,2019-02-01 15:57:55,518,+33662417762,transfert,20190201,155755,15831590258,100,324
33458005707,2019-02-01 15:57:55,518,+33662417762,incoming,20190201,155755,15831590291,100,324
33458005730,2019-02-01 16:38:52,3,+33662417762,transfert,20190201,163852,15831841193,100,325
33458005707,2019-02-01 16:38:52,3,+33662417762,transfert,20190201,163852,15831841187,100,326
33458005730,2019-02-01 16:40:05,397,+33662417762,transfert,20190201,164005,15831891985,100,327
33458005709,2019-02-01 16:40:05,397,+33662417762,incoming,20190201,164005,15831891876,100,327
33458005730,2019-02-21 17:49:23,1329,+33662687578,transfert,20190221,174923,15938892911,101,328
33458005707,2019-02-21 17:49:23,1329,+33662687578,incoming,20190221,174923,15938892956,101,328
33458005730,2019-02-06 10:21:40,777,+33663357218,transfert,20190206,102140,15855624995,102,329
33458005707,2019-02-06 10:21:40,777,+33663357218,incoming,20190206,102140,15855625013,102,329
33458005730,2019-02-12 15:44:27,87,+33663357218,transfert,20190212,154427,15889385686,102,330
33458005707,2019-02-12 15:44:27,87,+33663357218,incoming,20190212,154427,15889385530,102,330
33458005730,2019-02-18 10:05:13,180,+33663357218,transfert,20190218,100513,15917070608,102,331
33458005707,2019-02-18 10:05:13,180,+33663357218,incoming,20190218,100513,15917070220,102,331
33458005730,2019-02-18 15:46:00,11,+33663357218,transfert,20190218,154600,15919743337,102,332
33458005707,2019-02-18 15:46:00,11,+33663357218,transfert,20190218,154600,15919743095,102,333
33458005730,2019-02-19 11:03:13,312,+33663357218,transfert,20190219,110313,15924024193,102,334
33458005707,2019-02-19 11:03:13,312,+33663357218,incoming,20190219,110313,15924023972,102,334
33458005730,2019-02-20 10:58:46,161,+33663357218,transfert,20190220,105846,15930064749,102,335
33458005707,2019-02-20 10:58:46,161,+33663357218,incoming,20190220,105846,15930067442,102,335
33458005709,2019-02-25 15:16:31,114,+33664672181,incoming,20190225,151631,15956797168,103,336
33458005707,2019-02-25 17:05:50,212,+33664672181,incoming,20190225,170550,15957797392,103,336
33458005730,2019-02-05 10:11:26,175,+33666973566,transfert,20190205,101126,15848941221,104,337
33458005709,2019-02-05 10:11:26,175,+33666973566,incoming,20190205,101126,15848941057,104,337
33458005730,2019-02-06 17:02:50,161,+33666973566,transfert,20190206,170250,15858537684,104,338
33458005709,2019-02-06 17:02:50,161,+33666973566,incoming,20190206,170250,15858537539,104,338
33458005730,2019-02-06 17:08:49,676,+33666973566,transfert,20190206,170849,15858647518,104,339
33458005709,2019-02-06 17:08:49,676,+33666973566,incoming,20190206,170849,15858647778,104,339
33458005730,2019-02-07 16:18:22,82,+33668056931,transfert,20190207,161822,15863983383,105,340
33458005707,2019-02-07 16:18:22,82,+33668056931,transfert,20190207,161822,15863983294,105,341
33458005730,2019-02-20 16:59:55,181,+33669457418,transfert,20190220,165955,15932540051,106,342
33458005709,2019-02-20 16:59:55,181,+33669457418,incoming,20190220,165955,15932540036,106,342
33458005730,2019-02-27 15:47:55,490,+33669608902,transfert,20190227,154755,15969564736,107,343
33458005709,2019-02-27 15:47:55,490,+33669608902,incoming,20190227,154755,15969564769,107,343
33458005730,2019-02-14 12:05:22,8,+33670181428,transfert,20190214,120522,15899421525,108,344
33458005709,2019-02-14 12:05:22,8,+33670181428,transfert,20190214,120522,15899421586,108,345
33458005730,2019-02-14 12:06:15,4,+33670181428,transfert,20190214,120615,15899426056,108,346
33458005707,2019-02-14 12:06:15,4,+33670181428,transfert,20190214,120615,15899426100,108,347
33458005730,2019-02-01 15:59:44,4,+33670552006,transfert,20190201,155944,15831537408,109,348
33458005707,2019-02-01 15:59:44,4,+33670552006,transfert,20190201,155944,15831537254,109,349
33458005730,2019-02-04 14:47:59,5,+33670552006,transfert,20190204,144759,15844684146,109,350
33458005707,2019-02-04 14:47:59,5,+33670552006,transfert,20190204,144759,15844684281,109,351
33458005730,2019-02-04 14:48:56,6,+33670552006,transfert,20190204,144856,15844693870,109,352
33458005707,2019-02-04 14:48:56,6,+33670552006,transfert,20190204,144856,15844693852,109,353
33458005730,2019-02-05 11:33:29,633,+33670552006,transfert,20190205,113329,15849890187,109,354
33458005707,2019-02-05 11:33:29,633,+33670552006,incoming,20190205,113329,15849891026,109,354
33458005730,2019-02-28 13:50:12,5,+33673195931,transfert,20190228,135012,15974613789,110,355
33458005709,2019-02-28 13:50:12,5,+33673195931,transfert,20190228,135012,15974613775,110,356
33458005730,2019-02-28 14:09:54,850,+33673195931,transfert,20190228,140954,15974859967,110,357
33458005709,2019-02-28 14:09:54,850,+33673195931,incoming,20190228,140954,15974860101,110,357
33458005730,2019-02-28 14:40:01,3,+33673195931,transfert,20190228,144001,15974996208,110,358
33458005709,2019-02-28 14:40:01,3,+33673195931,transfert,20190228,144001,15974996790,110,359
33458005730,2019-02-28 14:40:49,0,+33673195931,transfert,20190228,144049,15975000073,110,360
33458005709,2019-02-28 14:40:49,0,+33673195931,miss,20190228,144049,15975000112,110,360
33458005730,2019-02-01 08:58:23,4,+33673460704,transfert,20190201,85823,15828307307,111,361
33458005709,2019-02-01 08:58:23,4,+33673460704,transfert,20190201,85823,15828307426,111,362
33458005730,2019-02-01 09:13:27,284,+33673460704,transfert,20190201,91327,15828448085,111,363
33458005709,2019-02-01 09:13:27,284,+33673460704,incoming,20190201,91327,15828448208,111,363
33458005730,2019-02-01 14:53:49,16,+33673460704,transfert,20190201,145349,15830958560,111,364
33458005709,2019-02-01 14:53:49,16,+33673460704,transfert,20190201,145349,15830958369,111,365
33458005730,2019-02-01 14:55:05,3,+33673460704,transfert,20190201,145505,15830965682,111,366
33458005709,2019-02-01 14:55:05,3,+33673460704,transfert,20190201,145505,15830965676,111,367
33458005730,2019-02-01 14:55:47,41,+33673460704,transfert,20190201,145547,15830978354,111,368
33458005707,2019-02-01 14:55:47,41,+33673460704,incoming,20190201,145547,15830978318,111,368
33458005730,2019-02-01 15:10:07,120,+33673460704,transfert,20190201,151007,15831127181,111,369
33458005709,2019-02-01 15:10:07,120,+33673460704,incoming,20190201,151007,15831126898,111,369
33458005730,2019-02-06 10:55:29,106,+33673460704,transfert,20190206,105529,15855872628,111,370
33458005709,2019-02-06 10:55:29,106,+33673460704,incoming,20190206,105529,15855872524,111,370
33458005730,2019-02-27 15:40:50,270,+33673460704,transfert,20190227,154050,15969470877,111,371
33458005709,2019-02-27 15:40:50,270,+33673460704,incoming,20190227,154050,15969470972,111,371
33458005709,2019-02-07 17:23:12,0,+33674350898,miss,20190207,172312,15864499211,112,372
33458005709,2019-02-01 09:23:02,446,+33675890059,incoming,20190201,92302,15828545471,113,373
33458005709,2019-02-14 11:48:39,768,+33675890059,incoming,20190214,114839,15899394385,113,373
33458005709,2019-02-15 16:43:43,153,+33675890059,incoming,20190215,164343,15907200474,113,373
33458005709,2019-02-20 16:03:15,114,+33675890059,incoming,20190220,160315,15932064703,113,373
33458005709,2019-02-22 09:25:07,65,+33675890059,incoming,20190222,92507,15940981949,113,373
33458005709,2019-02-25 08:53:05,261,+33675890059,incoming,20190225,85305,15953747962,113,373
33458005709,2019-02-26 15:13:32,62,+33675890059,incoming,20190226,151332,15963139384,113,373
33458005709,2019-02-26 17:45:13,4,+33675890059,transfert,20190226,174513,15964434285,113,374
33458005730,2019-02-26 17:52:14,313,+33675890059,transfert,20190226,175214,15964513294,113,375
33458005707,2019-02-26 17:52:14,313,+33675890059,incoming,20190226,175214,15964513340,113,375
33458005709,2019-02-27 10:23:02,88,+33675890059,incoming,20190227,102302,15967121544,113,375
33458005709,2019-02-27 10:35:32,1336,+33675890059,incoming,20190227,103532,15967457199,113,375
33458005709,2019-02-27 11:09:14,129,+33675890059,incoming,20190227,110914,15967588450,113,375
33458005709,2019-02-27 11:19:38,0,+33675890059,miss,20190227,111938,15967662892,113,375
33458005709,2019-02-27 11:19:55,4,+33675890059,transfert,20190227,111955,15967671485,113,376
33458005709,2019-02-27 11:20:42,3,+33675890059,transfert,20190227,112042,15967674589,113,377
33458005709,2019-02-27 11:22:31,3,+33675890059,transfert,20190227,112231,15967692163,113,378
33458005709,2019-02-27 11:36:47,7,+33675890059,transfert,20190227,113647,15967831774,113,379
33458005709,2019-02-28 10:34:05,298,+33675890059,incoming,20190228,103405,15973362561,113,379
33458005709,2019-02-28 11:13:09,833,+33675890059,incoming,20190228,111309,15973839876,113,379
33458005730,2019-02-15 20:00:32,33,+33676432999,transfert,20190215,200032,15908123201,114,380
33458005707,2019-02-15 20:00:32,33,+33676432999,incoming,20190215,200032,15908123158,114,380
33458005730,2019-02-15 20:01:25,11,+33676432999,transfert,20190215,200125,15908124553,114,381
33458005707,2019-02-15 20:01:25,11,+33676432999,incoming,20190215,200125,15908124571,114,381
33458005730,2019-02-15 20:02:40,17,+33676432999,transfert,20190215,200240,15908128179,114,382
33458005707,2019-02-15 20:02:40,17,+33676432999,incoming,20190215,200240,15908128173,114,382
33458005730,2019-02-15 20:03:32,0,+33676432999,transfert,20190215,200332,15908130490,114,383
33458005707,2019-02-15 20:03:32,0,+33676432999,miss,20190215,200332,15908130529,114,383
33458005730,2019-02-15 20:03:58,0,+33676432999,transfert,20190215,200358,15908132299,114,384
33458005707,2019-02-15 20:03:58,0,+33676432999,miss,20190215,200358,15908132311,114,384
33458005730,2019-02-20 17:40:32,245,+33676432999,transfert,20190220,174032,15932854347,114,385
33458005707,2019-02-20 17:40:32,245,+33676432999,incoming,20190220,174032,15932854402,114,385
33458005730,2019-02-22 09:19:27,3,+33676432999,transfert,20190222,91927,15940926807,114,386
33458005709,2019-02-22 09:19:27,3,+33676432999,transfert,20190222,91927,15940926613,114,387
33458005730,2019-02-22 16:56:46,0,+33676432999,transfert,20190222,165646,15944285799,114,388
33458005707,2019-02-22 16:56:46,0,+33676432999,miss,20190222,165646,15944286018,114,388
33458005730,2019-02-15 10:46:58,78,+33676599748,transfert,20190215,104658,15904660202,115,389
33458005709,2019-02-15 10:46:58,78,+33676599748,incoming,20190215,104658,15904660135,115,389
33458005730,2019-02-15 15:42:35,729,+33676599748,transfert,20190215,154235,15906763306,115,390
33458005707,2019-02-15 15:42:35,729,+33676599748,incoming,20190215,154235,15906763188,115,390
33458005730,2019-02-15 16:00:02,172,+33676599748,transfert,20190215,160002,15906831938,115,391
33458005707,2019-02-15 16:00:02,172,+33676599748,incoming,20190215,160002,15906831952,115,391
33458005709,2019-02-06 15:47:42,536,+33676900130,incoming,20190206,154742,15857966722,116,392
33458005730,2019-02-25 13:36:39,4,+33679684621,transfert,20190225,133639,15955943573,117,393
33458005707,2019-02-25 13:36:39,3,+33679684621,incoming,20190225,133639,15955943659,117,393
33458005730,2019-02-25 13:37:14,1,+33679684621,transfert,20190225,133714,15955946424,117,394
33458005707,2019-02-25 13:37:14,1,+33679684621,incoming,20190225,133714,15955946450,117,394
33458005730,2019-02-13 11:09:17,1316,+33680012144,transfert,20190213,110917,15893409675,118,395
33458005707,2019-02-13 11:09:17,1316,+33680012144,incoming,20190213,110917,15893409586,118,395
33458005730,2019-02-19 10:15:03,164,+33680012144,transfert,20190219,101503,15923528249,118,396
33458005709,2019-02-19 10:15:03,164,+33680012144,incoming,20190219,101503,15923528327,118,396
33458005730,2019-02-06 14:21:12,76,+33680573866,transfert,20190206,142112,15857190368,119,397
33458005709,2019-02-06 14:21:12,76,+33680573866,incoming,20190206,142112,15857190703,119,397
33458005730,2019-02-01 10:46:08,4,+33681264060,transfert,20190201,104608,15829260672,120,398
33458005709,2019-02-01 10:46:08,4,+33681264060,transfert,20190201,104608,15829260496,120,399
33458005730,2019-02-01 10:47:07,293,+33681264060,transfert,20190201,104707,15829317177,120,400
33458005707,2019-02-01 10:47:07,293,+33681264060,incoming,20190201,104707,15829316047,120,400
33458005730,2019-02-01 11:08:31,0,+33681264060,transfert,20190201,110831,15829470422,120,401
33458005707,2019-02-01 11:08:31,0,+33681264060,miss,20190201,110831,15829470484,120,401
33458005730,2019-02-01 11:08:55,4,+33681264060,transfert,20190201,110855,15829478513,120,402
33458005709,2019-02-01 11:08:55,4,+33681264060,transfert,20190201,110855,15829478142,120,403
33458005730,2019-02-01 08:30:45,15,+33681878470,transfert,20190201,83045,15828175732,121,404
33458005707,2019-02-01 08:30:45,15,+33681878470,transfert,20190201,83045,15828175700,121,405
33458005730,2019-02-01 08:38:25,0,+33681878470,transfert,20190201,83825,15828214150,121,406
33458005707,2019-02-01 08:38:25,0,+33681878470,miss,20190201,83825,15828214292,121,406
33458005730,2019-02-01 11:34:36,348,+33681878470,transfert,20190201,113436,15829754717,121,407
33458005707,2019-02-01 11:34:36,348,+33681878470,incoming,20190201,113436,15829754537,121,407
33458005709,2019-02-16 15:19:24,0,+33682056522,miss,20190216,151924,15910794362,122,408
33458005730,2019-02-05 09:18:14,988,+33682641878,transfert,20190205,91814,15848535636,123,409
33458005709,2019-02-05 09:18:14,988,+33682641878,incoming,20190205,91814,15848536207,123,409
33458005730,2019-02-06 09:34:58,421,+33682682641,transfert,20190206,93458,15855118622,124,410
33458005707,2019-02-06 09:34:58,421,+33682682641,incoming,20190206,93458,15855118073,124,410
33458005730,2019-02-06 09:46:46,189,+33682682641,transfert,20190206,94646,15855185633,124,411
33458005707,2019-02-06 09:46:46,189,+33682682641,incoming,20190206,94646,15855185262,124,411
33458005709,2019-02-05 10:14:08,204,+33684086723,incoming,20190205,101408,15848972745,125,412
33458005709,2019-02-12 15:24:05,0,+33684086723,miss,20190212,152405,15889177165,125,412
33458005730,2019-02-05 15:24:06,79,+33684202541,transfert,20190205,152406,15851466446,126,413
33458005709,2019-02-05 15:24:06,79,+33684202541,incoming,20190205,152406,15851466346,126,413
33458005730,2019-02-11 17:16:55,114,+33684202541,transfert,20190211,171655,15883884846,126,414
33458005709,2019-02-11 17:16:55,114,+33684202541,incoming,20190211,171655,15883884985,126,414
33458005730,2019-02-06 10:48:03,61,+33685381243,transfert,20190206,104803,15855786513,127,415
33458005707,2019-02-06 10:48:03,61,+33685381243,incoming,20190206,104803,15855786919,127,415
33458005730,2019-02-07 14:29:47,43,+33685381243,transfert,20190207,142947,15863020428,127,416
33458005707,2019-02-07 14:29:47,43,+33685381243,transfert,20190207,142947,15863020370,127,417
33458005730,2019-02-07 16:04:28,194,+33685381243,transfert,20190207,160428,15863876413,127,418
33458005707,2019-02-07 16:04:28,194,+33685381243,incoming,20190207,160428,15863877000,127,418
33458005730,2019-02-14 12:59:35,54,+33685381243,transfert,20190214,125935,15899661671,127,419
33458005709,2019-02-14 12:59:35,54,+33685381243,transfert,20190214,125935,15899661714,127,420
33458005730,2019-02-14 15:29:05,347,+33685381243,transfert,20190214,152905,15900714985,127,421
33458005709,2019-02-14 15:29:05,347,+33685381243,incoming,20190214,152905,15900714925,127,421
33458005709,2019-02-14 15:48:04,147,+33685381243,incoming,20190214,154804,15900864400,127,421
33458005730,2019-02-18 10:39:55,229,+33685381243,transfert,20190218,103955,15917426839,127,422
33458005709,2019-02-18 10:39:55,229,+33685381243,incoming,20190218,103955,15917426883,127,422
33458005730,2019-02-18 10:47:32,354,+33685381243,transfert,20190218,104732,15917521203,127,423
33458005709,2019-02-18 10:47:32,354,+33685381243,incoming,20190218,104732,15917521258,127,423
33458005730,2019-02-18 10:55:46,281,+33685381243,transfert,20190218,105546,15917595428,127,424
33458005709,2019-02-18 10:55:46,281,+33685381243,incoming,20190218,105546,15917595219,127,424
33458005730,2019-02-25 13:56:10,430,+33685381243,transfert,20190225,135610,15956105310,127,425
33458005709,2019-02-25 13:56:10,430,+33685381243,incoming,20190225,135610,15956105414,127,425
33458005730,2019-02-26 09:12:19,145,+33685381243,transfert,20190226,91219,15960314646,127,426
33458005709,2019-02-26 09:12:19,145,+33685381243,incoming,20190226,91219,15960315214,127,426
33458005730,2019-02-26 09:16:54,560,+33685381243,transfert,20190226,91654,15960416181,127,427
33458005709,2019-02-26 09:16:54,560,+33685381243,incoming,20190226,91654,15960416220,127,427
33458005730,2019-02-26 09:39:33,5,+33685381243,transfert,20190226,93933,15960543146,127,428
33458005709,2019-02-26 09:39:33,5,+33685381243,transfert,20190226,93933,15960543500,127,429
33458005730,2019-02-26 09:41:39,300,+33685381243,transfert,20190226,94139,15960605478,127,430
33458005709,2019-02-26 09:41:39,300,+33685381243,incoming,20190226,94139,15960604391,127,430
33458005709,2019-02-26 15:48:59,91,+33685381243,incoming,20190226,154859,15963476758,127,430
33458005730,2019-02-07 14:36:59,6,+33686036353,transfert,20190207,143659,15863073802,128,431
33458005709,2019-02-07 14:36:59,6,+33686036353,transfert,20190207,143659,15863073839,128,432
33458005730,2019-02-07 14:47:46,635,+33686036353,transfert,20190207,144746,15863253904,128,433
33458005709,2019-02-07 14:47:46,635,+33686036353,incoming,20190207,144746,15863253950,128,433
33458005730,2019-02-18 10:14:17,145,+33686036353,transfert,20190218,101417,15917158293,128,434
33458005709,2019-02-18 10:14:17,145,+33686036353,incoming,20190218,101417,15917158579,128,434
33458005730,2019-02-19 10:21:27,93,+33686036353,transfert,20190219,102127,15923577790,128,435
33458005709,2019-02-19 10:21:27,93,+33686036353,incoming,20190219,102127,15923578715,128,435
33458005730,2019-02-04 10:53:20,5,+33688026645,transfert,20190204,105320,15842888985,129,436
33458005709,2019-02-04 10:53:20,5,+33688026645,transfert,20190204,105320,15842888931,129,437
33458005730,2019-02-04 15:41:30,144,+33688026645,transfert,20190204,154130,15845230552,129,438
33458005709,2019-02-04 15:41:30,144,+33688026645,incoming,20190204,154130,15845230466,129,438
33458005709,2019-02-06 16:17:30,222,+33688026645,incoming,20190206,161730,15858188149,129,438
33458005709,2019-02-06 16:31:37,106,+33688026645,incoming,20190206,163137,15858288624,129,438
33458005709,2019-02-06 16:37:42,212,+33688026645,incoming,20190206,163742,15858357253,129,438
33458005709,2019-02-12 11:12:39,10,+33688026645,transfert,20190212,111239,15887253073,129,439
33458005730,2019-02-12 11:13:25,5,+33688026645,transfert,20190212,111325,15887257278,129,440
33458005709,2019-02-12 11:13:25,5,+33688026645,transfert,20190212,111325,15887257352,129,441
33458005730,2019-02-12 11:13:54,205,+33688026645,transfert,20190212,111354,15887295684,129,442
33458005707,2019-02-12 11:13:54,205,+33688026645,incoming,20190212,111354,15887295699,129,442
33458005709,2019-02-12 11:18:43,3,+33688026645,transfert,20190212,111843,15887312332,129,443
33458005730,2019-02-21 15:14:33,409,+33698573482,transfert,20190221,151433,15937684284,130,444
33458005709,2019-02-21 15:14:33,409,+33698573482,incoming,20190221,151433,15937684276,130,444
33458005730,2019-02-14 11:16:13,11,+33761274463,transfert,20190214,111613,15898983347,131,445
33458005707,2019-02-14 11:16:13,11,+33761274463,transfert,20190214,111613,15898983165,131,446
33458005730,2019-02-14 11:17:09,1041,+33761274463,transfert,20190214,111709,15899152789,131,447
33458005707,2019-02-14 11:17:10,1041,+33761274463,incoming,20190214,111710,15899151161,131,447
33458005730,2019-02-18 11:04:33,67,+33763643867,transfert,20190218,110433,15917650055,132,448
33458005707,2019-02-18 11:04:33,67,+33763643867,incoming,20190218,110433,15917650130,132,448
33458005730,2019-02-04 14:18:54,665,+33771242003,transfert,20190204,141854,15844514055,133,449
33458005709,2019-02-04 14:18:54,665,+33771242003,incoming,20190204,141854,15844513853,133,449
33458005730,2019-02-13 14:52:13,173,+33772236715,transfert,20190213,145213,15894760515,134,450
33458005707,2019-02-13 14:52:13,173,+33772236715,incoming,20190213,145213,15894759930,134,450
33458005730,2019-02-13 15:01:19,15,+33772236715,transfert,20190213,150119,15894821963,134,451
33458005707,2019-02-13 15:01:19,15,+33772236715,transfert,20190213,150119,15894822227,134,452
33458005730,2019-02-13 15:02:22,6,+33772236715,transfert,20190213,150222,15894830913,134,453
33458005707,2019-02-13 15:02:22,6,+33772236715,transfert,20190213,150222,15894830691,134,454
33458005730,2019-02-13 15:10:51,262,+33772236715,transfert,20190213,151051,15894939029,134,455
33458005707,2019-02-13 15:10:51,262,+33772236715,incoming,20190213,151051,15894939345,134,455
33458005709,2019-02-14 09:59:52,525,+33772236715,incoming,20190214,95952,15898332663,134,455
33458005730,2019-02-14 15:11:00,2,+33772236715,transfert,20190214,151100,15900491206,134,456
33458005707,2019-02-14 15:11:00,2,+33772236715,transfert,20190214,151100,15900491042,134,457
33458005730,2019-02-22 12:27:08,63,+33772236715,transfert,20190222,122708,15942580712,134,458
33458005707,2019-02-22 12:27:08,63,+33772236715,incoming,20190222,122708,15942580782,134,458
33458005730,2019-02-22 13:56:15,4,+33772236715,transfert,20190222,135615,15942941006,134,459
33458005707,2019-02-22 13:56:15,4,+33772236715,transfert,20190222,135615,15942940943,134,460
33458005730,2019-02-22 14:04:36,4,+33772236715,transfert,20190222,140436,15942993029,134,461
33458005707,2019-02-22 14:04:36,4,+33772236715,transfert,20190222,140436,15942993118,134,462
33458005730,2019-02-22 14:05:24,335,+33772236715,transfert,20190222,140524,15943038252,134,463
33458005707,2019-02-22 14:05:24,335,+33772236715,incoming,20190222,140524,15943038214,134,463
33458005730,2019-02-09 11:28:26,0,+33783341758,transfert,20190209,112826,15873027470,135,464
33458005707,2019-02-09 11:28:26,0,+33783341758,miss,20190209,112826,15873027477,135,464
33458005730,2019-02-14 09:48:17,13,+33783341758,transfert,20190214,94817,15898132637,135,465
33458005707,2019-02-14 09:48:17,13,+33783341758,transfert,20190214,94817,15898132138,135,466
33458005730,2019-02-14 09:49:46,573,+33783341758,transfert,20190214,94946,15898234345,135,467
33458005707,2019-02-14 09:49:46,573,+33783341758,incoming,20190214,94946,15898235784,135,467
33458005730,2019-02-26 13:58:04,406,+33783341758,transfert,20190226,135804,15962486570,135,468
33458005707,2019-02-26 13:58:04,406,+33783341758,incoming,20190226,135804,15962486632,135,468
33458005730,2019-02-26 14:42:01,137,+33783341758,transfert,20190226,144201,15962849502,135,469
33458005707,2019-02-26 14:42:01,137,+33783341758,incoming,20190226,144201,15962849807,135,469
33458005730,2019-02-22 11:10:24,80,+33944221155,transfert,20190222,111024,15941985270,136,470
33458005707,2019-02-22 11:10:24,80,+33944221155,incoming,20190222,111024,15941985962,136,470
33458005730,2019-02-04 14:39:35,92,+33952026925,transfert,20190204,143935,15844617003,137,471
33458005707,2019-02-04 14:39:35,92,+33952026925,incoming,20190204,143935,15844617030,137,471
33458005730,2019-02-22 10:22:02,275,+33984366368,transfert,20190222,102202,15941543705,138,472
33458005707,2019-02-22 10:22:02,275,+33984366368,incoming,20190222,102202,15941543187,138,472
33458005730,2019-02-25 09:00:23,818,+33984366368,transfert,20190225,90023,15953876701,138,473
33458005707,2019-02-25 09:00:24,817,+33984366368,incoming,20190225,90024,15953875517,138,473
33458005730,2019-02-25 09:53:45,24,+33984366368,transfert,20190225,95345,15954262846,138,474
33458005707,2019-02-25 09:53:45,24,+33984366368,incoming,20190225,95345,15954262945,138,474
33458005730,2019-02-26 14:17:31,13,+33984366368,transfert,20190226,141731,15962606631,138,475
33458005709,2019-02-26 14:17:31,13,+33984366368,transfert,20190226,141731,15962606769,138,476
33458005730,2019-02-26 14:23:21,616,+33984366368,transfert,20190226,142321,15962748954,138,477
33458005707,2019-02-26 14:23:21,616,+33984366368,incoming,20190226,142321,15962748907,138,477
33458005730,2019-02-27 09:08:18,156,+33984366368,transfert,20190227,90818,15966384134,138,478
33458005709,2019-02-27 09:08:18,156,+33984366368,incoming,20190227,90818,15966383925,138,478
33458005730,2019-02-11 09:47:33,40,+352621797979,transfert,20190211,94733,15880103934,139,479
33458005709,2019-02-11 09:47:33,40,+352621797979,transfert,20190211,94733,15880103814,139,480
33458005709,2019-02-12 10:35:55,312,+352621797979,incoming,20190212,103555,15886929863,139,480
33458005730,2019-02-28 08:55:38,595,+35679470043,transfert,20190228,85538,15972398338,140,481
33458005707,2019-02-28 08:55:38,595,+35679470043,incoming,20190228,85538,15972398846,140,481
33458005730,2019-02-08 16:55:39,12,+393408982813,transfert,20190208,165539,15870114681,141,482
33458005709,2019-02-08 16:55:39,12,+393408982813,transfert,20190208,165539,15870114806,141,483
33458005730,2019-02-06 13:02:30,14,+41213458031,transfert,20190206,130230,15856773629,142,484
33458005709,2019-02-06 13:02:30,14,+41213458031,transfert,20190206,130230,15856773636,142,485
33458005730,2019-02-06 13:07:41,3,+41213458031,transfert,20190206,130741,15856791027,142,486
33458005709,2019-02-06 13:07:41,3,+41213458031,transfert,20190206,130741,15856790975,142,487
33458005730,2019-02-06 13:33:18,6,+41213458031,transfert,20190206,133318,15856887401,142,488
33458005709,2019-02-06 13:33:18,6,+41213458031,transfert,20190206,133318,15856887396,142,489
33458005730,2019-02-06 14:04:46,14,+41213458031,transfert,20190206,140446,15857049656,142,490
33458005709,2019-02-06 14:04:46,14,+41213458031,transfert,20190206,140446,15857049515,142,491
33458005709,2019-02-06 14:53:17,11,+41213458031,transfert,20190206,145317,15857437465,142,492
33458005730,2019-02-06 14:54:03,12,+41213458031,transfert,20190206,145403,15857444177,142,493
33458005709,2019-02-06 14:54:03,12,+41213458031,transfert,20190206,145403,15857443926,142,494
33458005709,2019-02-06 15:05:05,10,+41213458031,transfert,20190206,150505,15857537038,142,495
33458005709,2019-02-06 15:14:38,198,+41213458031,incoming,20190206,151438,15857641565,142,495
33458005709,2019-02-11 10:43:36,386,+41213458031,incoming,20190211,104336,15880739349,142,495
33458005709,2019-02-12 16:36:16,134,+41213458031,incoming,20190212,163616,15889851776,142,495
33458005707,2019-02-12 16:47:42,79,+41244952204,incoming,20190212,164742,15889942935,143,496
33458005730,2019-02-21 16:04:24,323,+41265667097,transfert,20190221,160424,15938084631,144,497
33458005707,2019-02-21 16:04:24,323,+41265667097,incoming,20190221,160424,15938084932,144,497
33458005730,2019-02-05 11:28:00,1342,+41584604393,transfert,20190205,112800,15849957005,145,498
33458005709,2019-02-05 11:28:00,1342,+41584604393,incoming,20190205,112800,15849956896,145,498
33458005730,2019-02-19 16:34:42,18,+41774122410,transfert,20190219,163442,15926469449,146,499
33458005707,2019-02-19 16:34:42,18,+41774122410,transfert,20190219,163442,15926469881,146,500
33458005730,2019-02-19 17:30:37,4,+41774122410,transfert,20190219,173037,15926892590,146,501
33458005707,2019-02-19 17:30:37,4,+41774122410,transfert,20190219,173037,15926892679,146,502
33458005730,2019-02-19 17:31:23,506,+41774122410,transfert,20190219,173123,15926955689,146,503
33458005707,2019-02-19 17:31:23,506,+41774122410,incoming,20190219,173123,15926955720,146,503
33458005730,2019-02-14 13:52:38,558,+41786231234,transfert,20190214,135238,15899903070,147,504
33458005707,2019-02-14 13:52:38,558,+41786231234,incoming,20190214,135238,15899903161,147,504
33458005707,2019-02-14 15:10:47,89,+41786231234,incoming,20190214,151047,15900499448,147,504
33458005730,2019-02-18 14:54:50,8,+41788784966,transfert,20190218,145450,15919248247,148,505
33458005707,2019-02-18 14:54:50,8,+41788784966,transfert,20190218,145450,15919248212,148,506
33458005730,2019-02-19 10:40:49,43,+41793483459,transfert,20190219,104049,15923763341,149,507
33458005707,2019-02-19 10:40:49,43,+41793483459,transfert,20190219,104049,15923763424,149,508
33458005730,2019-02-15 10:51:32,1001,+41794263488,transfert,20190215,105132,15904854518,150,509
33458005707,2019-02-15 10:51:32,1001,+41794263488,incoming,20190215,105132,15904855459,150,509
33458005730,2019-02-26 15:12:31,352,+41794263488,transfert,20190226,151231,15963176299,150,510
33458005707,2019-02-26 15:12:31,352,+41794263488,incoming,20190226,151231,15963176287,150,510
33458001003,2019-02-28 14:34:00,238,+41794263488,incoming,20190228,143400,15974974393,150,510
33458005730,2019-02-25 13:26:46,162,+41799459951,transfert,20190225,132646,15955912938,151,511
33458005707,2019-02-25 13:26:46,162,+41799459951,incoming,20190225,132646,15955912929,151,511
33458005730,2019-02-26 14:12:11,35,+41799459951,transfert,20190226,141211,15962559924,151,512
33458005709,2019-02-26 14:12:11,35,+41799459951,incoming,20190226,141211,15962559516,151,512
33458005730,2019-02-28 09:42:20,161,+41799459951,transfert,20190228,94220,15972790687,151,513
33458005709,2019-02-28 09:42:20,161,+41799459951,incoming,20190228,94220,15972790282,151,513
33458005730,2019-02-08 17:37:54,598,+447528677163,transfert,20190208,173754,15870453790,152,514
33458005709,2019-02-08 17:37:54,598,+447528677163,incoming,20190208,173754,15870453852,152,514
33458005730,2019-02-01 13:19:52,12,+590690619944,transfert,20190201,131952,15830278316,153,515
33458005709,2019-02-01 13:19:52,12,+590690619944,transfert,20190201,131952,15830278302,153,516
33458005730,2019-02-01 14:03:43,13,+590690619944,transfert,20190201,140343,15830481615,153,517
33458005709,2019-02-01 14:03:43,13,+590690619944,transfert,20190201,140343,15830481508,153,518
33458005730,2019-02-01 14:05:56,4,+590690619944,transfert,20190201,140556,15830497626,153,519
33458005709,2019-02-01 14:05:56,4,+590690619944,transfert,20190201,140556,15830497640,153,520
33458005730,2019-02-01 14:18:08,4,+590690619944,transfert,20190201,141808,15830608246,153,521
33458005709,2019-02-01 14:18:08,4,+590690619944,transfert,20190201,141808,15830608547,153,522
33458005730,2019-02-01 14:18:39,530,+590690619944,transfert,20190201,141839,15830692084,153,523
33458005707,2019-02-01 14:18:39,530,+590690619944,incoming,20190201,141839,15830692117,153,523
33458005730,2019-02-01 16:13:48,3,+590690619944,transfert,20190201,161348,15831652074,153,524
33458005707,2019-02-01 16:13:48,3,+590690619944,transfert,20190201,161348,15831652215,153,525
33458005730,2019-02-01 16:14:34,134,+590690619944,transfert,20190201,161434,15831673380,153,526
33458005709,2019-02-01 16:14:34,134,+590690619944,incoming,20190201,161434,15831673288,153,526
33458005730,2019-02-25 14:59:14,134,+886277335962,transfert,20190225,145914,15956642984,154,527
33458005707,2019-02-25 14:59:14,134,+886277335962,incoming,20190225,145914,15956645593,154,527
33458005730,2019-02-25 15:38:29,1260,+97147095064,transfert,20190225,153829,15957187092,155,528
33458005707,2019-02-25 15:38:29,1260,+97147095064,incoming,20190225,153829,15957186042,155,528
33458005730,2019-02-20 11:07:27,134,anonymous,transfert,20190220,110727,15930138497,156,529
33458005709,2019-02-20 11:07:27,134,anonymous,incoming,20190220,110727,15930138411,156,529
33458005730,2019-02-20 14:47:00,107,anonymous,transfert,20190220,144700,15931418104,156,530
33458005709,2019-02-20 14:47:00,107,anonymous,incoming,20190220,144700,15931418384,156,530
