phoneLine,datetime,duration,callingNumber,nature,date,time,idkey,customerCount,callCount
33458005730,2019-05-03 17:32:34,176,+212688972776,transfert,20190503,173234,16333690489,1,1
33458005709,2019-05-03 17:32:34,176,+212688972776,incoming,20190503,173234,16333690550,1,1
33458005730,2019-05-03 17:38:28,136,+212688972776,transfert,20190503,173828,16333721951,1,2
33458005709,2019-05-03 17:38:28,136,+212688972776,incoming,20190503,173828,16333721932,1,2
33458005730,2019-05-31 13:01:05,13,+2302121443,transfert,20190531,130105,16486568765,2,3
33458005707,2019-05-31 13:01:05,13,+2302121443,transfert,20190531,130105,16486568754,2,4
33458005730,2019-05-31 12:59:05,10,+23057671868,transfert,20190531,125905,16486559450,3,5
33458005709,2019-05-31 12:59:05,10,+23057671868,transfert,20190531,125905,16486559347,3,6
33458005730,2019-05-31 13:01:04,4,+23057671868,transfert,20190531,130104,16486567483,3,7
33458005707,2019-05-31 13:01:04,4,+23057671868,transfert,20190531,130104,16486567475,3,8
33458005730,2019-05-04 09:18:09,14,+262692705769,transfert,20190504,91809,16335706608,4,9
33458005707,2019-05-04 09:18:09,14,+262692705769,transfert,20190504,91809,16335706639,4,10
33458005730,2019-05-22 12:08:19,806,+302141008859,transfert,20190522,120819,16437057793,5,11
33458005707,2019-05-22 12:08:19,806,+302141008859,incoming,20190522,120819,16437057801,5,11
33458005730,2019-05-10 15:49:21,16,+3242346091,transfert,20190510,154921,16370001858,6,12
33458005709,2019-05-10 15:49:21,16,+3242346091,transfert,20190510,154921,16370450021,6,13
33458005730,2019-05-21 12:31:15,5,+32474223224,transfert,20190521,123115,16430800236,7,14
33458005709,2019-05-21 12:31:16,5,+32474223224,transfert,20190521,123116,16430800954,7,15
33458005730,2019-05-21 13:10:40,4,+32474223224,transfert,20190521,131040,16430953548,7,16
33458005709,2019-05-21 13:10:40,4,+32474223224,transfert,20190521,131040,16430953544,7,17
33458005730,2019-05-21 13:41:56,4,+32474223224,transfert,20190521,134156,16431079903,7,18
33458005709,2019-05-21 13:41:56,4,+32474223224,transfert,20190521,134156,16431079917,7,19
33458001003,2019-05-22 09:33:32,534,+32474223224,incoming,20190522,93332,16435623670,7,19
33458005730,2019-05-10 10:49:22,323,+32477377633,transfert,20190510,104922,16367809747,8,20
33458005709,2019-05-10 10:49:22,323,+32477377633,incoming,20190510,104922,16367809773,8,20
33458005730,2019-05-23 09:31:05,13,+32494046230,transfert,20190523,93105,16441861210,9,21
33458005707,2019-05-23 09:31:05,13,+32494046230,incoming,20190523,93105,16441859007,9,21
33458005730,2019-05-23 09:31:39,19,+32494046230,transfert,20190523,93139,16441865254,9,22
33458005707,2019-05-23 09:31:39,19,+32494046230,incoming,20190523,93139,16441866043,9,22
33458005730,2019-05-16 10:27:16,4,+32499941330,transfert,20190516,102716,16401375172,10,23
33458005709,2019-05-16 10:27:16,4,+32499941330,transfert,20190516,102716,16401377796,10,24
33458005730,2019-05-16 11:04:04,21,+32499941330,transfert,20190516,110404,16401744183,10,25
33458005709,2019-05-16 11:04:04,21,+32499941330,transfert,20190516,110404,16401746066,10,26
33458005730,2019-05-16 11:05:21,536,+32499941330,transfert,20190516,110521,16401840963,10,27
33458005707,2019-05-16 11:05:21,536,+32499941330,incoming,20190516,110521,16401841247,10,27
33458005730,2019-05-13 14:58:16,153,+3269810502,transfert,20190513,145816,16383919706,11,28
33458005707,2019-05-13 14:58:16,153,+3269810502,incoming,20190513,145816,16383919492,11,28
33458005730,2019-05-10 14:35:13,17,+3281261200,transfert,20190510,143513,16371156406,12,29
33458005707,2019-05-10 14:35:13,17,+3281261200,transfert,20190510,143513,16369843886,12,30
33458005730,2019-05-10 14:36:01,5,+3281261200,transfert,20190510,143601,16370125481,12,31
33458005709,2019-05-10 14:36:01,5,+3281261200,transfert,20190510,143601,16370342276,12,32
33458005730,2019-05-10 17:06:23,172,+3281261200,transfert,20190510,170623,16370230193,12,33
33458005709,2019-05-10 17:06:23,172,+3281261200,incoming,20190510,170623,16370236558,12,33
33458001003,2019-05-06 16:13:55,159,+33140174904,incoming,20190506,161355,16346799576,13,34
33458005730,2019-05-23 12:37:50,8,+33140555014,transfert,20190523,123750,16443495305,14,35
33458005707,2019-05-23 12:37:50,8,+33140555014,transfert,20190523,123750,16443495282,14,36
33458005730,2019-05-23 10:10:42,12,+33143646674,transfert,20190523,101042,16442244686,15,37
33458005709,2019-05-23 10:10:42,12,+33143646674,transfert,20190523,101042,16442244461,15,38
33458005730,2019-05-23 10:11:37,403,+33143646674,transfert,20190523,101137,16442317119,15,39
33458005707,2019-05-23 10:11:37,403,+33143646674,incoming,20190523,101137,16442316531,15,39
33458005707,2019-05-27 11:01:56,22,+33147565158,incoming,20190527,110156,16463160084,16,40
33458005730,2019-05-22 16:45:44,37,+33147566517,transfert,20190522,164544,16439024415,17,41
33458005707,2019-05-22 16:45:44,37,+33147566517,incoming,20190522,164544,16439024522,17,41
33458005730,2019-05-23 15:02:40,279,+33147566517,transfert,20190523,150240,16444429853,17,42
33458005707,2019-05-23 15:02:40,279,+33147566517,incoming,20190523,150240,16444429886,17,42
33458005730,2019-05-13 09:42:53,16,+33182285695,transfert,20190513,94253,16381339977,18,43
33458005709,2019-05-13 09:42:53,16,+33182285695,transfert,20190513,94253,16381339864,18,44
33458005730,2019-05-28 10:43:56,44,+33183818178,transfert,20190528,104356,16469828169,19,45
33458005707,2019-05-28 10:43:56,44,+33183818178,incoming,20190528,104356,16469828146,19,45
33458005730,2019-05-29 15:19:30,7,+33183818178,transfert,20190529,151930,16478279498,19,46
33458005707,2019-05-29 15:19:30,7,+33183818178,transfert,20190529,151930,16478279951,19,47
33458005730,2019-05-28 10:37:47,52,+33186262547,transfert,20190528,103747,16469769818,20,48
33458005707,2019-05-28 10:37:47,51,+33186262547,incoming,20190528,103747,16469769870,20,48
33458005730,2019-05-28 09:51:33,468,+33187397034,transfert,20190528,95133,16469350886,21,49
33458005707,2019-05-28 09:51:33,468,+33187397034,incoming,20190528,95133,16469348730,21,49
33458005730,2019-05-27 18:04:29,12,+33238227525,transfert,20190527,180429,16466725289,22,50
33458005709,2019-05-27 18:04:29,12,+33238227525,transfert,20190527,180429,16466725144,22,51
33458005730,2019-05-28 10:31:45,172,+33238227525,transfert,20190528,103145,16469725442,22,52
33458005709,2019-05-28 10:31:45,172,+33238227525,incoming,20190528,103145,16469725906,22,52
33458005730,2019-05-28 16:42:30,17,+33238227525,transfert,20190528,164230,16472678130,22,53
33458005709,2019-05-28 16:42:30,17,+33238227525,transfert,20190528,164230,16472677830,22,54
33458005730,2019-05-03 10:21:40,62,+33240777020,transfert,20190503,102140,16330307379,23,55
33458005709,2019-05-03 10:21:40,62,+33240777020,transfert,20190503,102140,16330307269,23,56
33458005730,2019-05-06 16:18:15,556,+33240777020,transfert,20190506,161815,16346888787,23,57
33458005709,2019-05-06 16:18:15,556,+33240777020,incoming,20190506,161815,16346888808,23,57
33458005730,2019-05-07 12:06:34,54,+33240777020,transfert,20190507,120634,16351506695,23,58
33458005709,2019-05-07 12:06:34,54,+33240777020,transfert,20190507,120634,16351506748,23,59
33458005730,2019-05-13 15:23:48,393,+33240777020,transfert,20190513,152348,16384223600,23,60
33458005709,2019-05-13 15:23:48,393,+33240777020,incoming,20190513,152348,16384223973,23,60
33458005730,2019-05-13 17:18:37,6,+33240777020,transfert,20190513,171837,16385189707,23,61
33458005709,2019-05-13 17:18:37,6,+33240777020,transfert,20190513,171837,16385189783,23,62
33458005730,2019-05-16 15:13:21,24,+33240777020,transfert,20190516,151321,16403567330,23,63
33458005709,2019-05-16 15:13:21,24,+33240777020,transfert,20190516,151321,16403567647,23,64
33458005730,2019-05-16 17:09:32,84,+33240777020,transfert,20190516,170932,16404572428,23,65
33458005709,2019-05-16 17:09:32,84,+33240777020,transfert,20190516,170932,16404572455,23,66
33458005709,2019-05-29 14:40:00,128,+33251679519,incoming,20190529,144000,16477915295,24,67
33458005730,2019-05-15 14:33:40,241,+33272735633,transfert,20190515,143340,16396965809,25,68
33458005707,2019-05-15 14:33:40,241,+33272735633,incoming,20190515,143340,16396966450,25,68
33458005730,2019-05-03 18:23:46,117,+33298305543,transfert,20190503,182346,16333961736,26,69
33458005707,2019-05-03 18:23:46,117,+33298305543,incoming,20190503,182346,16333961724,26,69
33458005730,2019-05-03 18:42:50,3,+33298305543,transfert,20190503,184250,16334030445,26,70
33458005709,2019-05-03 18:42:50,3,+33298305543,transfert,20190503,184250,16334030432,26,71
33458005730,2019-05-17 09:34:32,204,+33299008484,transfert,20190517,93432,16407255196,27,72
33458005709,2019-05-17 09:34:32,204,+33299008484,incoming,20190517,93432,16407255485,27,72
33458005730,2019-05-02 17:05:38,0,+33322389353,transfert,20190502,170538,16327119763,28,73
33458005707,2019-05-02 17:05:38,0,+33322389353,miss,20190502,170538,16327119935,28,73
33458005730,2019-05-02 17:06:02,274,+33322389353,transfert,20190502,170602,16327162064,28,74
33458005709,2019-05-02 17:06:02,274,+33322389353,incoming,20190502,170602,16327161998,28,74
33458005730,2019-05-16 18:12:04,8,+33323063216,transfert,20190516,181204,16404921525,29,75
33458005709,2019-05-16 18:12:04,8,+33323063216,transfert,20190516,181204,16404921517,29,76
33458005730,2019-05-16 18:12:56,0,+33323063216,transfert,20190516,181256,16404924027,29,77
33458005709,2019-05-16 18:12:56,0,+33323063216,miss,20190516,181256,16404924096,29,77
33458005730,2019-05-03 17:32:16,152,+33324380920,transfert,20190503,173216,16333684936,30,78
33458005707,2019-05-03 17:32:16,152,+33324380920,incoming,20190503,173216,16333684983,30,78
33458005730,2019-05-23 11:41:31,92,+33358931697,transfert,20190523,114131,16443147797,31,79
33458005709,2019-05-23 11:41:31,92,+33358931697,incoming,20190523,114131,16443148170,31,79
33458005730,2019-05-07 14:45:13,9,+33385981600,transfert,20190507,144513,16352442856,32,80
33458005709,2019-05-07 14:45:13,9,+33385981600,transfert,20190507,144513,16352442934,32,81
33458005707,2019-05-13 10:15:04,364,+33387258515,incoming,20190513,101504,16381757306,33,82
33458005707,2019-05-13 14:55:01,33,+33387258515,incoming,20190513,145501,16383867520,33,82
33458005730,2019-05-09 14:46:12,117,+33388180885,transfert,20190509,144612,16362851422,34,83
33458005707,2019-05-09 14:46:12,117,+33388180885,incoming,20190509,144612,16362851648,34,83
33458005730,2019-05-22 14:08:36,9,+33437903002,transfert,20190522,140836,16437608418,35,84
33458005709,2019-05-22 14:08:36,9,+33437903002,transfert,20190522,140836,16437608666,35,85
33458005730,2019-05-22 14:09:26,391,+33437903002,transfert,20190522,140926,16437675995,35,86
33458005707,2019-05-22 14:09:26,391,+33437903002,incoming,20190522,140926,16437675540,35,86
33458005730,2019-05-02 14:47:33,66,+33457364871,transfert,20190502,144733,16325896945,36,87
33458005709,2019-05-02 14:47:33,66,+33457364871,transfert,20190502,144733,16325896797,36,88
33458005730,2019-05-15 11:54:42,696,+33457421316,transfert,20190515,115442,16396043152,37,89
33458005707,2019-05-15 11:54:42,696,+33457421316,incoming,20190515,115442,16396043162,37,89
33458001003,2019-05-02 10:10:13,197,+33458005707,incoming,20190502,101013,16323676871,38,90
33458001003,2019-05-02 10:28:09,34,+33458005707,incoming,20190502,102809,16323846365,38,90
33458001003,2019-05-02 11:25:54,707,+33458005707,incoming,20190502,112554,16324585275,38,90
33458001003,2019-05-02 11:42:30,681,+33458005707,incoming,20190502,114230,16324751320,38,90
33458001003,2019-05-02 12:09:18,192,+33458005707,incoming,20190502,120918,16324930651,38,90
33458001003,2019-05-02 14:26:02,243,+33458005707,incoming,20190502,142602,16325716095,38,90
33458001003,2019-05-03 10:04:29,790,+33458005707,incoming,20190503,100429,16330253812,38,90
33458001003,2019-05-06 09:03:23,137,+33458005707,incoming,20190506,90323,16343004299,38,90
33458001003,2019-05-06 09:44:34,954,+33458005707,incoming,20190506,94434,16343563448,38,90
33458001003,2019-05-06 16:02:33,73,+33458005707,incoming,20190506,160233,16346689376,38,90
33458001003,2019-05-06 16:29:49,572,+33458005707,incoming,20190506,162949,16346993210,38,90
33458001003,2019-05-07 11:56:24,115,+33458005707,incoming,20190507,115624,16351436100,38,90
33458001003,2019-05-07 14:31:41,952,+33458005707,incoming,20190507,143141,16352464963,38,90
33458001003,2019-05-07 15:09:56,150,+33458005707,incoming,20190507,150956,16352701749,38,90
33458001003,2019-05-07 16:10:27,649,+33458005707,incoming,20190507,161027,16353360314,38,90
33458001003,2019-05-07 16:35:26,56,+33458005707,incoming,20190507,163526,16353496735,38,90
33458001003,2019-05-07 16:58:34,72,+33458005707,incoming,20190507,165834,16353703317,38,90
33458001003,2019-05-07 17:02:56,108,+33458005707,incoming,20190507,170256,16353743834,38,90
33458001003,2019-05-07 17:30:53,53,+33458005707,incoming,20190507,173053,16353936887,38,90
33458001003,2019-05-09 12:39:00,211,+33458005707,incoming,20190509,123900,16362033679,38,90
33458001003,2019-05-09 14:46:21,117,+33458005707,incoming,20190509,144621,16362853839,38,90
33458001003,2019-05-09 16:09:49,275,+33458005707,incoming,20190509,160949,16363660909,38,90
33458001003,2019-05-09 16:28:11,45,+33458005707,incoming,20190509,162811,16363794284,38,90
33458001003,2019-05-09 17:01:42,3209,+33458005707,incoming,20190509,170142,16364450132,38,90
33458001003,2019-05-10 09:09:27,43,+33458005707,incoming,20190510,90927,16366763525,38,90
33458001003,2019-05-10 10:53:37,788,+33458005707,incoming,20190510,105337,16367929517,38,90
33458001003,2019-05-10 15:07:56,60,+33458005707,incoming,20190510,150756,16371296961,38,90
33458001003,2019-05-13 09:16:58,134,+33458005707,incoming,20190513,91658,16381100624,38,90
33458001003,2019-05-13 10:15:11,364,+33458005707,incoming,20190513,101511,16381758373,38,90
33458001003,2019-05-13 14:05:18,773,+33458005707,incoming,20190513,140518,16383517389,38,90
33458001003,2019-05-13 14:34:51,150,+33458005707,incoming,20190513,143451,16383693339,38,90
33458001003,2019-05-13 14:55:10,33,+33458005707,incoming,20190513,145510,16383868494,38,90
33458001003,2019-05-13 16:32:39,258,+33458005707,incoming,20190513,163239,16384843059,38,90
33458001003,2019-05-14 09:16:13,325,+33458005707,incoming,20190514,91613,16387698641,38,90
33458001003,2019-05-14 15:01:50,1519,+33458005707,incoming,20190514,150150,16390792088,38,90
33458001003,2019-05-14 16:03:22,713,+33458005707,incoming,20190514,160322,16391253266,38,90
33458001003,2019-05-14 16:18:04,537,+33458005707,incoming,20190514,161804,16391374299,38,90
33458001003,2019-05-15 10:12:10,393,+33458005707,incoming,20190515,101210,16394999957,38,90
33458001003,2019-05-15 11:41:29,362,+33458005707,incoming,20190515,114129,16395876795,38,90
33458001003,2019-05-15 11:54:47,696,+33458005707,incoming,20190515,115447,16396043748,38,90
33458001003,2019-05-15 14:33:44,241,+33458005707,incoming,20190515,143344,16396966350,38,90
33458001003,2019-05-15 17:06:07,322,+33458005707,incoming,20190515,170607,16398309147,38,90
33458001003,2019-05-16 09:27:20,944,+33458005707,incoming,20190516,92720,16400930687,38,90
33458001003,2019-05-16 10:29:57,203,+33458005707,incoming,20190516,102957,16401427988,38,90
33458001003,2019-05-16 10:48:44,877,+33458005707,incoming,20190516,104844,16401728399,38,90
33458001003,2019-05-16 11:05:33,536,+33458005707,incoming,20190516,110533,16401836951,38,90
33458001003,2019-05-16 14:47:35,385,+33458005707,incoming,20190516,144735,16403380396,38,90
33458001003,2019-05-16 14:54:11,496,+33458005707,incoming,20190516,145411,16403460407,38,90
33458001003,2019-05-17 13:55:19,174,+33458005707,incoming,20190517,135519,16409367991,38,90
33458001003,2019-05-17 15:35:01,357,+33458005707,incoming,20190517,153501,16410314707,38,90
33458001003,2019-05-17 16:29:44,205,+33458005707,incoming,20190517,162944,16410786783,38,90
33458001003,2019-05-20 09:45:12,162,+33458005707,incoming,20190520,94512,16422048143,38,90
33458001003,2019-05-20 09:49:41,50,+33458005707,incoming,20190520,94941,16422072422,38,90
33458001003,2019-05-20 11:33:16,126,+33458005707,incoming,20190520,113316,16423207272,38,90
33458001003,2019-05-20 11:44:40,40,+33458005707,incoming,20190520,114440,16423315848,38,90
33458001003,2019-05-20 11:52:26,128,+33458005707,incoming,20190520,115226,16423414661,38,90
33458001003,2019-05-21 08:47:31,3,+33458005707,incoming,20190521,84731,16428732737,38,90
33458001003,2019-05-21 08:52:03,420,+33458005707,incoming,20190521,85203,16428788556,38,90
33458001003,2019-05-21 16:33:33,1110,+33458005707,incoming,20190521,163333,16432829288,38,90
33458001003,2019-05-22 12:08:29,806,+33458005707,incoming,20190522,120829,16437057826,38,90
33458001003,2019-05-22 14:09:35,391,+33458005707,incoming,20190522,140935,16437677282,38,90
33458001003,2019-05-22 14:59:30,1069,+33458005707,incoming,20190522,145930,16438242645,38,90
33458001003,2019-05-22 16:29:22,237,+33458005707,incoming,20190522,162922,16438914326,38,90
33458001003,2019-05-22 16:45:40,335,+33458005707,incoming,20190522,164540,16439063605,38,90
33458001003,2019-05-23 09:31:09,13,+33458005707,incoming,20190523,93109,16441859124,38,90
33458001003,2019-05-23 09:31:43,19,+33458005707,incoming,20190523,93143,16441868603,38,90
33458001003,2019-05-23 10:21:42,129,+33458005707,incoming,20190523,102142,16442364521,38,90
33458001003,2019-05-23 14:12:00,362,+33458005707,incoming,20190523,141200,16443974526,38,90
33458001003,2019-05-23 15:02:43,279,+33458005707,incoming,20190523,150243,16444432210,38,90
33458001003,2019-05-23 15:23:46,100,+33458005707,incoming,20190523,152346,16444596986,38,90
33458001003,2019-05-23 17:15:09,552,+33458005707,incoming,20190523,171509,16445611504,38,90
33458001003,2019-05-23 17:39:51,70,+33458005707,incoming,20190523,173951,16445729268,38,90
33458001003,2019-05-24 10:42:49,169,+33458005707,incoming,20190524,104249,16448909106,38,90
33458001003,2019-05-24 14:49:33,10,+33458005707,incoming,20190524,144933,16450584711,38,90
33458001003,2019-05-24 14:59:35,923,+33458005707,incoming,20190524,145935,16450788551,38,90
33458001003,2019-05-24 15:42:19,443,+33458005707,incoming,20190524,154219,16451072289,38,90
33458001003,2019-05-27 11:02:03,22,+33458005707,incoming,20190527,110203,16463155050,38,90
33458001003,2019-05-27 14:00:55,104,+33458005707,incoming,20190527,140055,16464387430,38,90
33458001003,2019-05-27 14:03:57,1,+33458005707,incoming,20190527,140357,16464401879,38,90
33458001003,2019-05-28 09:51:43,468,+33458005707,incoming,20190528,95143,16469348836,38,90
33458001003,2019-05-28 10:37:56,51,+33458005707,incoming,20190528,103756,16469766280,38,90
33458001003,2019-05-28 10:44:04,44,+33458005707,incoming,20190528,104404,16469828821,38,90
33458001003,2019-05-28 13:59:26,410,+33458005707,incoming,20190528,135926,16471227469,38,90
33458001003,2019-05-28 15:37:59,416,+33458005707,incoming,20190528,153759,16472162787,38,90
33458001003,2019-05-28 15:56:35,95,+33458005707,incoming,20190528,155635,16472284637,38,90
33458001003,2019-05-29 13:26:43,473,+33458005707,incoming,20190529,132643,16477399109,38,90
33458001003,2019-05-29 13:37:31,53,+33458005707,incoming,20190529,133731,16477421566,38,90
33458001003,2019-05-29 14:06:30,31,+33458005707,incoming,20190529,140630,16477606638,38,90
33458001003,2019-05-29 15:18:23,84,+33458005707,incoming,20190529,151823,16478279647,38,90
33458001003,2019-05-29 15:19:53,0,+33458005707,miss,20190529,151953,16478279629,38,90
33458001003,2019-05-31 12:06:50,169,+33458005707,incoming,20190531,120650,16486338653,38,90
33458001003,2019-05-31 14:47:52,45,+33458005707,incoming,20190531,144752,16487210894,38,90
33458001003,2019-05-31 15:50:53,897,+33458005707,incoming,20190531,155053,16487771829,38,90
33458005730,2019-05-20 17:45:01,14,+33474421800,transfert,20190520,174501,16426318482,39,91
33458005707,2019-05-20 17:45:01,14,+33474421800,transfert,20190520,174501,16426318511,39,92
33458005730,2019-05-21 14:21:14,564,+33474421800,transfert,20190521,142114,16431483668,39,93
33458005707,2019-05-21 14:21:14,564,+33474421800,incoming,20190521,142114,16431483678,39,93
33458005730,2019-05-23 17:15:04,552,+33474421800,transfert,20190523,171504,16445612091,39,94
33458005707,2019-05-23 17:15:04,552,+33474421800,incoming,20190523,171504,16445611965,39,94
33458005730,2019-05-28 11:35:57,244,+33474421800,transfert,20190528,113557,16470429394,39,95
33458005707,2019-05-28 11:35:57,244,+33474421800,incoming,20190528,113557,16470429719,39,95
33458005730,2019-05-10 14:07:41,14,+33476078858,transfert,20190510,140741,16369163928,40,96
33458005709,2019-05-10 14:07:41,14,+33476078858,transfert,20190510,140741,16369163470,40,97
33458005730,2019-05-10 15:18:45,292,+33476078858,transfert,20190510,151845,16370668627,40,98
33458005709,2019-05-10 15:18:45,292,+33476078858,incoming,20190510,151845,16371331227,40,98
33458005730,2019-05-10 15:39:45,6,+33476078858,transfert,20190510,153945,16370529388,40,99
33458005709,2019-05-10 15:39:45,6,+33476078858,transfert,20190510,153945,16371744479,40,100
33458005730,2019-05-10 15:51:09,6,+33476078858,transfert,20190510,155109,16370791097,40,101
33458005709,2019-05-10 15:51:09,6,+33476078858,transfert,20190510,155109,16369986611,40,102
33458005730,2019-05-28 16:36:37,11,+33476152121,transfert,20190528,163637,16472623193,41,103
33458005709,2019-05-28 16:36:37,11,+33476152121,transfert,20190528,163637,16472623317,41,104
33458005730,2019-05-28 16:37:07,5,+33476152121,transfert,20190528,163707,16472625681,41,105
33458005709,2019-05-28 16:37:07,5,+33476152121,transfert,20190528,163707,16472626012,41,106
33458005730,2019-05-17 12:20:34,8,+33476675148,transfert,20190517,122034,16408938214,42,107
33458005709,2019-05-17 12:20:34,8,+33476675148,transfert,20190517,122034,16408938206,42,108
33458005730,2019-05-17 16:44:09,623,+33476675148,transfert,20190517,164409,16410956129,42,109
33458005709,2019-05-17 16:44:09,623,+33476675148,incoming,20190517,164409,16410956405,42,109
33458005730,2019-05-20 16:00:51,264,+33476675148,transfert,20190520,160051,16425439101,42,110
33458005709,2019-05-20 16:00:51,264,+33476675148,incoming,20190520,160051,16425461586,42,110
33458005730,2019-05-29 10:04:12,187,+33476681768,transfert,20190529,100412,16475868443,43,111
33458005709,2019-05-29 10:04:12,187,+33476681768,incoming,20190529,100412,16475867896,43,111
33458005730,2019-05-10 09:09:32,0,+33476904157,transfert,20190510,90932,16366758614,44,112
33458005707,2019-05-10 09:09:32,0,+33476904157,miss,20190510,90932,16366759261,44,112
33458005730,2019-05-23 15:23:41,100,+33476904157,transfert,20190523,152341,16444594386,44,113
33458005707,2019-05-23 15:23:41,100,+33476904157,incoming,20190523,152341,16444594409,44,113
33458005730,2019-05-21 11:53:54,190,+33495501000,transfert,20190521,115354,16430583752,45,114
33458005709,2019-05-21 11:53:54,190,+33495501000,incoming,20190521,115354,16430584298,45,114
33458005730,2019-05-21 16:11:58,44,+33495501000,transfert,20190521,161158,16432451504,45,115
33458005709,2019-05-21 16:11:58,44,+33495501000,incoming,20190521,161158,16432451447,45,115
33458005730,2019-05-24 11:31:20,14,+33559122057,transfert,20190524,113120,16449349733,46,116
33458005709,2019-05-24 11:31:20,14,+33559122057,transfert,20190524,113120,16449349490,46,117
33458005730,2019-05-13 10:34:00,128,+33561060380,transfert,20190513,103400,16381924191,47,118
33458005709,2019-05-13 10:34:00,128,+33561060380,incoming,20190513,103400,16381923847,47,118
33458005730,2019-05-06 09:02:03,217,+33561078723,transfert,20190506,90203,16343005736,48,119
33458005707,2019-05-06 09:02:03,217,+33561078723,incoming,20190506,90203,16343005753,48,119
33458005730,2019-05-02 16:10:42,278,+33565607055,transfert,20190502,161042,16326684962,49,120
33458005709,2019-05-02 16:10:42,278,+33565607055,incoming,20190502,161042,16326685212,49,120
33458005730,2019-05-07 11:56:15,115,+33607349901,transfert,20190507,115615,16351436623,50,121
33458005707,2019-05-07 11:56:15,115,+33607349901,incoming,20190507,115615,16351435840,50,121
33458005730,2019-05-07 14:08:12,12,+33607349901,transfert,20190507,140812,16352092841,50,122
33458005709,2019-05-07 14:08:12,12,+33607349901,transfert,20190507,140812,16352092371,50,123
33458005730,2019-05-07 16:16:35,694,+33607349901,transfert,20190507,161635,16353420637,50,124
33458005707,2019-05-07 16:16:35,694,+33607349901,incoming,20190507,161635,16353420662,50,124
33458005730,2019-05-07 17:44:42,258,+33607426837,transfert,20190507,174442,16354049744,51,125
33458005709,2019-05-07 17:44:42,258,+33607426837,incoming,20190507,174442,16354049731,51,125
33458005730,2019-05-06 09:44:29,954,+33607956032,transfert,20190506,94429,16343566473,52,126
33458005707,2019-05-06 09:44:29,954,+33607956032,incoming,20190506,94429,16343565802,52,126
33458005730,2019-05-15 10:10:32,18,+33607956032,transfert,20190515,101032,16394920190,52,127
33458005709,2019-05-15 10:10:32,18,+33607956032,transfert,20190515,101032,16394920050,52,128
33458005730,2019-05-15 10:11:53,393,+33607956032,transfert,20190515,101153,16394998659,52,129
33458005707,2019-05-15 10:11:53,393,+33607956032,incoming,20190515,101153,16394998582,52,129
33458005730,2019-05-20 10:54:23,92,+33607956032,transfert,20190520,105423,16422786425,52,130
33458005709,2019-05-20 10:54:23,92,+33607956032,incoming,20190520,105423,16422786943,52,130
33458005730,2019-05-23 11:49:34,177,+33607956032,transfert,20190523,114934,16443240294,52,131
33458005709,2019-05-23 11:49:34,177,+33607956032,incoming,20190523,114934,16443240818,52,131
33458005730,2019-05-23 14:11:53,362,+33607956032,transfert,20190523,141153,16443975322,52,132
33458005707,2019-05-23 14:11:53,362,+33607956032,incoming,20190523,141153,16443975288,52,132
33458005709,2019-05-16 10:01:09,9,+33608415214,transfert,20190516,100109,16401115874,53,133
33458005730,2019-05-16 10:03:16,12,+33608415214,transfert,20190516,100316,16401135971,53,134
33458005709,2019-05-16 10:03:16,12,+33608415214,transfert,20190516,100316,16401135873,53,135
33458005730,2019-05-16 10:07:38,6,+33608415214,transfert,20190516,100738,16401184131,53,136
33458005709,2019-05-16 10:07:39,6,+33608415214,transfert,20190516,100739,16401182614,53,137
33458005730,2019-05-02 15:50:58,43,+33608415338,transfert,20190502,155058,16326467304,54,138
33458005709,2019-05-02 15:50:58,43,+33608415338,transfert,20190502,155058,16326467363,54,139
33458005709,2019-05-06 14:24:23,23,+33608415338,incoming,20190506,142423,16345732120,54,139
33458005730,2019-05-13 14:34:43,150,+33608429394,transfert,20190513,143443,16383692160,55,140
33458005707,2019-05-13 14:34:43,150,+33608429394,incoming,20190513,143443,16383692188,55,140
33458005730,2019-05-15 11:39:11,0,+33608429394,transfert,20190515,113911,16395802667,55,141
33458005709,2019-05-15 11:39:11,0,+33608429394,miss,20190515,113911,16395802653,55,141
33458005730,2019-05-15 11:40:46,7,+33608429394,transfert,20190515,114046,16395815418,55,142
33458005709,2019-05-15 11:40:46,7,+33608429394,transfert,20190515,114046,16395815374,55,143
33458005730,2019-05-15 11:41:25,362,+33608429394,transfert,20190515,114125,16395878824,55,144
33458005707,2019-05-15 11:41:25,362,+33608429394,incoming,20190515,114125,16395878493,55,144
33458005709,2019-05-21 14:23:25,33,+33608698179,incoming,20190521,142325,16431417395,56,145
33458005730,2019-05-07 14:44:54,45,+33608841533,transfert,20190507,144454,16352445726,57,146
33458005709,2019-05-07 14:44:54,45,+33608841533,transfert,20190507,144454,16352445689,57,147
33458005730,2019-05-16 17:28:32,33,+33608864874,transfert,20190516,172832,16404684663,58,148
33458005709,2019-05-16 17:28:32,33,+33608864874,transfert,20190516,172832,16404684839,58,149
33458005730,2019-05-16 17:44:25,5,+33608864874,transfert,20190516,174425,16404768802,58,150
33458005709,2019-05-16 17:44:25,5,+33608864874,transfert,20190516,174425,16404768800,58,151
33458005730,2019-05-16 18:27:47,4,+33608864874,transfert,20190516,182747,16404983286,58,152
33458005709,2019-05-16 18:27:47,4,+33608864874,transfert,20190516,182747,16404983310,58,153
33458005730,2019-05-22 14:59:22,1069,+33608936938,transfert,20190522,145922,16438242436,59,154
33458005707,2019-05-22 14:59:22,1069,+33608936938,incoming,20190522,145922,16438241978,59,154
33458005730,2019-05-21 08:47:25,3,+33609094206,transfert,20190521,84725,16428732572,60,155
33458005707,2019-05-21 08:47:25,3,+33609094206,incoming,20190521,84725,16428732541,60,155
33458005730,2019-05-21 08:51:56,420,+33609094206,transfert,20190521,85156,16428788965,60,156
33458005707,2019-05-21 08:51:56,420,+33609094206,incoming,20190521,85156,16428789039,60,156
33458005709,2019-05-16 14:50:57,7,+33609723460,transfert,20190516,145057,16403356325,61,157
33458005709,2019-05-16 14:52:57,0,+33609723460,miss,20190516,145257,16403372166,61,157
33458005707,2019-05-16 14:53:28,531,+33609723460,incoming,20190516,145328,16403459116,61,157
33458005730,2019-05-20 11:51:07,6,+33609723460,transfert,20190520,115107,16423379289,61,158
33458005709,2019-05-20 11:51:07,6,+33609723460,transfert,20190520,115107,16423378882,61,159
33458005730,2019-05-20 11:52:20,128,+33609723460,transfert,20190520,115220,16423413606,61,160
33458005707,2019-05-20 11:52:20,128,+33609723460,incoming,20190520,115220,16423414468,61,160
33458005730,2019-05-23 17:39:34,70,+33609723460,transfert,20190523,173934,16445729192,61,161
33458005707,2019-05-23 17:39:34,70,+33609723460,incoming,20190523,173934,16445729251,61,161
33458005730,2019-05-09 17:05:01,85,+33610376311,transfert,20190509,170501,16364117154,62,162
33458005707,2019-05-09 17:05:01,85,+33610376311,incoming,20190509,170501,16364117058,62,162
33458005730,2019-05-03 11:17:25,53,+33610599750,transfert,20190503,111725,16330865713,63,163
33458005709,2019-05-03 11:17:25,53,+33610599750,incoming,20190503,111725,16330866170,63,163
33458005730,2019-05-03 14:23:58,24,+33610599750,transfert,20190503,142358,16332069694,63,164
33458005709,2019-05-03 14:23:58,24,+33610599750,incoming,20190503,142358,16332069729,63,164
33458005730,2019-05-06 16:26:57,3,+33610599750,transfert,20190506,162657,16346886330,63,165
33458005709,2019-05-06 16:26:57,3,+33610599750,transfert,20190506,162657,16346886233,63,166
33458005730,2019-05-06 16:37:43,142,+33610599750,transfert,20190506,163743,16347000164,63,167
33458005709,2019-05-06 16:37:43,142,+33610599750,incoming,20190506,163743,16347000101,63,167
33458005730,2019-05-06 17:03:35,95,+33610599750,transfert,20190506,170335,16347211495,63,168
33458005709,2019-05-06 17:03:35,95,+33610599750,incoming,20190506,170335,16347211337,63,168
33458005730,2019-05-10 16:35:55,271,+33610599750,transfert,20190510,163555,16371752892,63,169
33458005709,2019-05-10 16:35:55,271,+33610599750,incoming,20190510,163555,16371853021,63,169
33458005730,2019-05-10 16:55:16,101,+33610599750,transfert,20190510,165516,16371850198,63,170
33458005709,2019-05-10 16:55:16,101,+33610599750,incoming,20190510,165516,16371154897,63,170
33458005730,2019-05-10 17:44:20,33,+33610599750,transfert,20190510,174420,16370485420,63,171
33458005709,2019-05-10 17:44:20,33,+33610599750,incoming,20190510,174420,16370484995,63,171
33458005730,2019-05-13 09:36:05,3,+33610599750,transfert,20190513,93605,16381267453,63,172
33458005709,2019-05-13 09:36:05,3,+33610599750,transfert,20190513,93605,16381266606,63,173
33458005730,2019-05-13 09:39:39,3,+33610599750,transfert,20190513,93939,16381305870,63,174
33458005709,2019-05-13 09:39:39,3,+33610599750,transfert,20190513,93939,16381306019,63,175
33458005730,2019-05-13 09:56:34,4,+33610599750,transfert,20190513,95634,16381484603,63,176
33458005709,2019-05-13 09:56:34,4,+33610599750,transfert,20190513,95634,16381484169,63,177
33458005730,2019-05-15 11:47:24,3,+33610599750,transfert,20190515,114724,16395884234,63,178
33458005709,2019-05-15 11:47:24,3,+33610599750,transfert,20190515,114724,16395884532,63,179
33458005730,2019-05-15 15:29:29,271,+33610599750,transfert,20190515,152929,16397510335,63,180
33458005709,2019-05-15 15:29:29,271,+33610599750,incoming,20190515,152929,16397510515,63,180
33458005730,2019-05-28 16:42:24,105,+33610599750,transfert,20190528,164224,16472689114,63,181
33458005709,2019-05-28 16:42:24,105,+33610599750,incoming,20190528,164224,16472689178,63,181
33458005730,2019-05-29 10:13:08,29,+33610599750,transfert,20190529,101308,16475933905,63,182
33458005709,2019-05-29 10:13:08,29,+33610599750,incoming,20190529,101308,16475934441,63,182
33458005709,2019-05-29 14:59:41,3,+33610599750,transfert,20190529,145941,16478084799,63,183
33458005730,2019-05-29 15:00:20,52,+33610599750,transfert,20190529,150020,16478097164,63,184
33458005709,2019-05-29 15:00:20,52,+33610599750,incoming,20190529,150020,16478097020,63,184
33458005730,2019-05-31 12:23:33,19,+33610599750,transfert,20190531,122333,16486396042,63,185
33458005709,2019-05-31 12:23:33,19,+33610599750,incoming,20190531,122333,16486396033,63,185
33458005730,2019-05-31 14:43:30,3,+33610599750,transfert,20190531,144330,16487167869,63,186
33458005709,2019-05-31 14:43:30,3,+33610599750,transfert,20190531,144330,16487167622,63,187
33458005730,2019-05-31 14:44:46,185,+33610599750,transfert,20190531,144446,16487205419,63,188
33458005709,2019-05-31 14:44:46,185,+33610599750,incoming,20190531,144446,16487205522,63,188
33458005730,2019-05-23 14:12:42,7,+33610710166,transfert,20190523,141242,16443928581,64,189
33458005709,2019-05-23 14:12:42,7,+33610710166,transfert,20190523,141242,16443928130,64,190
33458005730,2019-05-15 17:06:00,322,+33611023244,transfert,20190515,170600,16398308012,65,191
33458005707,2019-05-15 17:06:00,322,+33611023244,incoming,20190515,170600,16398308147,65,191
33458005730,2019-05-20 11:33:10,126,+33611023244,transfert,20190520,113310,16423205194,65,192
33458005707,2019-05-20 11:33:10,126,+33611023244,incoming,20190520,113310,16423204498,65,192
33458005730,2019-05-06 18:48:30,3,+33611174432,transfert,20190506,184830,16347856024,66,193
33458005707,2019-05-06 18:48:30,3,+33611174432,transfert,20190506,184830,16347856005,66,194
33458005730,2019-05-06 18:49:11,3,+33611174432,transfert,20190506,184911,16347858561,66,195
33458005709,2019-05-06 18:49:12,3,+33611174432,transfert,20190506,184912,16347858627,66,196
33458005730,2019-05-14 14:08:04,4,+33611174432,transfert,20190514,140804,16390006963,66,197
33458005709,2019-05-14 14:08:04,4,+33611174432,transfert,20190514,140804,16390007338,66,198
33458005730,2019-05-14 14:08:29,322,+33611174432,transfert,20190514,140829,16390060052,66,199
33458005707,2019-05-14 14:08:29,322,+33611174432,incoming,20190514,140829,16390060469,66,199
33458005730,2019-05-10 11:05:47,56,+33611186442,transfert,20190510,110547,16367934109,67,200
33458005707,2019-05-10 11:05:47,56,+33611186442,transfert,20190510,110547,16367934606,67,201
33458005730,2019-05-20 09:49:34,50,+33611697860,transfert,20190520,94934,16422071175,68,202
33458005707,2019-05-20 09:49:34,50,+33611697860,incoming,20190520,94934,16422070570,68,202
33458005730,2019-05-20 11:44:34,40,+33611697860,transfert,20190520,114434,16423317844,68,203
33458005707,2019-05-20 11:44:34,40,+33611697860,incoming,20190520,114434,16423316765,68,203
33458005730,2019-05-09 16:28:00,45,+33612495779,transfert,20190509,162800,16363793278,69,204
33458005707,2019-05-09 16:28:00,45,+33612495779,incoming,20190509,162800,16363793384,69,204
33458005730,2019-05-10 14:10:20,10,+33612495779,transfert,20190510,141020,16369200658,69,205
33458005707,2019-05-10 14:10:20,10,+33612495779,transfert,20190510,141020,16369206793,69,206
33458005730,2019-05-03 10:04:18,790,+33612896318,transfert,20190503,100418,16330253085,70,207
33458005707,2019-05-03 10:04:18,790,+33612896318,incoming,20190503,100418,16330252771,70,207
33458001003,2019-05-03 13:56:44,60,+33612896318,incoming,20190503,135644,16331835735,70,207
33458005709,2019-05-03 15:23:14,10,+33612906097,transfert,20190503,152314,16332611573,71,208
33458005730,2019-05-13 15:01:41,268,+33612906097,transfert,20190513,150141,16383977109,71,209
33458005709,2019-05-13 15:01:41,268,+33612906097,incoming,20190513,150141,16383976955,71,209
33458005730,2019-05-23 17:15:23,13,+33612906097,transfert,20190523,171523,16445547031,71,210
33458005709,2019-05-23 17:15:23,13,+33612906097,transfert,20190523,171523,16445546975,71,211
33458005730,2019-05-23 17:17:24,1232,+33612906097,transfert,20190523,171724,16445708271,71,212
33458005707,2019-05-23 17:17:24,1232,+33612906097,incoming,20190523,171724,16445708444,71,212
33458005730,2019-05-24 10:42:40,169,+33612906097,transfert,20190524,104240,16448910918,71,213
33458005707,2019-05-24 10:42:40,169,+33612906097,incoming,20190524,104240,16448910717,71,213
33458005730,2019-05-07 11:21:20,56,+33613100765,transfert,20190507,112120,16351069408,72,214
33458005709,2019-05-07 11:21:20,56,+33613100765,transfert,20190507,112120,16351069632,72,215
33458005730,2019-05-07 11:32:59,4,+33613100765,transfert,20190507,113259,16351183931,72,216
33458005709,2019-05-07 11:32:59,4,+33613100765,transfert,20190507,113259,16351184033,72,217
33458005730,2019-05-07 12:04:00,5,+33613100765,transfert,20190507,120400,16351482214,72,218
33458005709,2019-05-07 12:04:00,5,+33613100765,transfert,20190507,120400,16351482183,72,219
33458005730,2019-05-07 15:22:36,109,+33613100765,transfert,20190507,152236,16352816707,72,220
33458005709,2019-05-07 15:22:36,109,+33613100765,incoming,20190507,152236,16352816073,72,220
33458005709,2019-05-07 17:23:41,112,+33613100765,incoming,20190507,172341,16353895993,72,220
33458005730,2019-05-03 14:27:54,5,+33613147652,transfert,20190503,142754,16332104274,73,221
33458005709,2019-05-03 14:27:54,5,+33613147652,transfert,20190503,142754,16332104094,73,222
33458005730,2019-05-06 17:24:11,423,+33613147652,transfert,20190506,172411,16347405901,73,223
33458005709,2019-05-06 17:24:11,423,+33613147652,incoming,20190506,172411,16347405869,73,223
33458005730,2019-05-10 10:52:34,12,+33613161148,transfert,20190510,105234,16367792684,74,224
33458005709,2019-05-10 10:52:34,12,+33613161148,transfert,20190510,105234,16367793102,74,225
33458005730,2019-05-10 10:53:26,788,+33613161148,transfert,20190510,105326,16367929661,74,226
33458005707,2019-05-10 10:53:26,788,+33613161148,incoming,20190510,105326,16367927602,74,226
33458005730,2019-05-21 15:36:27,489,+33613161148,transfert,20190521,153627,16432177338,74,227
33458005709,2019-05-21 15:36:27,489,+33613161148,incoming,20190521,153627,16432177421,74,227
33458005730,2019-05-21 15:51:10,220,+33613161148,transfert,20190521,155110,16432266961,74,228
33458005709,2019-05-21 15:51:10,220,+33613161148,incoming,20190521,155110,16432267040,74,228
33458005730,2019-05-02 11:25:45,707,+33613240455,transfert,20190502,112545,16324582613,75,229
33458005707,2019-05-02 11:25:45,707,+33613240455,incoming,20190502,112545,16324582483,75,229
33458005730,2019-05-02 11:42:21,681,+33613240455,transfert,20190502,114221,16324750113,75,230
33458005707,2019-05-02 11:42:21,681,+33613240455,incoming,20190502,114221,16324750589,75,230
33458005730,2019-05-02 12:09:14,192,+33613240455,transfert,20190502,120914,16324930667,75,231
33458005707,2019-05-02 12:09:14,192,+33613240455,incoming,20190502,120914,16324930704,75,231
33458005730,2019-05-04 13:49:22,19,+33613240455,transfert,20190504,134922,16336618210,75,232
33458005709,2019-05-04 13:49:22,19,+33613240455,transfert,20190504,134922,16336618255,75,233
33458005730,2019-05-04 14:07:41,12,+33613240455,transfert,20190504,140741,16336676046,75,234
33458005709,2019-05-04 14:07:42,12,+33613240455,transfert,20190504,140742,16336675982,75,235
33458005730,2019-05-04 14:08:56,12,+33613240455,transfert,20190504,140856,16336681809,75,236
33458005707,2019-05-04 14:08:56,12,+33613240455,transfert,20190504,140856,16336681825,75,237
33458005709,2019-05-09 14:47:48,738,+33613240455,incoming,20190509,144748,16362959832,75,237
33458005709,2019-05-09 15:00:33,438,+33613240455,incoming,20190509,150033,16363035431,75,237
33458005709,2019-05-09 17:00:20,62,+33613240455,transfert,20190509,170020,16364076210,75,238
33458005730,2019-05-09 17:01:17,4,+33613240455,transfert,20190509,170117,16364075462,75,239
33458005709,2019-05-09 17:01:17,4,+33613240455,transfert,20190509,170117,16364075326,75,240
33458005707,2019-05-09 17:01:39,3209,+33613240455,incoming,20190509,170139,16364450850,75,240
33458005730,2019-05-24 14:49:18,10,+33614024779,transfert,20190524,144918,16450586802,76,241
33458005707,2019-05-24 14:49:18,10,+33614024779,incoming,20190524,144918,16450586772,76,241
33458005730,2019-05-24 14:59:24,923,+33614024779,transfert,20190524,145924,16450788424,76,242
33458005707,2019-05-24 14:59:24,923,+33614024779,incoming,20190524,145924,16450788173,76,242
33458005730,2019-05-31 15:50:46,897,+33615447240,transfert,20190531,155046,16487771330,77,243
33458005707,2019-05-31 15:50:46,897,+33615447240,incoming,20190531,155046,16487771338,77,243
33458005730,2019-05-07 10:58:03,5,+33615621185,transfert,20190507,105803,16350805691,78,244
33458005709,2019-05-07 10:58:03,5,+33615621185,transfert,20190507,105803,16350805017,78,245
33458005730,2019-05-07 10:58:33,5,+33615621185,transfert,20190507,105833,16350811205,78,246
33458005709,2019-05-07 10:58:33,5,+33615621185,transfert,20190507,105833,16350810605,78,247
33458005730,2019-05-07 11:35:23,5,+33615621185,transfert,20190507,113523,16351207749,78,248
33458005709,2019-05-07 11:35:23,5,+33615621185,transfert,20190507,113523,16351208394,78,249
33458005730,2019-05-07 11:35:59,2,+33615621185,transfert,20190507,113559,16351214110,78,250
33458005709,2019-05-07 11:35:59,2,+33615621185,transfert,20190507,113559,16351214633,78,251
33458005730,2019-05-07 11:40:21,18,+33615621185,transfert,20190507,114021,16351259942,78,252
33458005709,2019-05-07 11:40:21,18,+33615621185,transfert,20190507,114021,16351258361,78,253
33458005730,2019-05-07 11:53:05,2,+33615621185,transfert,20190507,115305,16351390923,78,254
33458005709,2019-05-07 11:53:05,2,+33615621185,transfert,20190507,115305,16351390552,78,255
33458005730,2019-05-07 12:00:38,5,+33615621185,transfert,20190507,120038,16351456573,78,256
33458005709,2019-05-07 12:00:38,5,+33615621185,transfert,20190507,120038,16351455932,78,257
33458005730,2019-05-14 10:24:32,0,+33617165916,transfert,20190514,102432,16388335835,79,258
33458005709,2019-05-14 10:24:32,0,+33617165916,miss,20190514,102432,16388337319,79,258
33458005709,2019-05-27 14:15:48,12,+33617165916,transfert,20190527,141548,16464529447,79,259
33458005709,2019-05-27 14:19:16,0,+33617165916,miss,20190527,141916,16464559879,79,259
33458005730,2019-05-29 15:58:45,366,+33620970453,transfert,20190529,155845,16478714928,80,260
33458005709,2019-05-29 15:58:45,366,+33620970453,incoming,20190529,155845,16478715207,80,260
33458005709,2019-05-14 09:13:14,13,+33621161724,transfert,20190514,91314,16387632055,81,261
33458005709,2019-05-14 09:17:21,130,+33621161724,incoming,20190514,91721,16387681428,81,261
33458005709,2019-05-14 10:34:37,166,+33621161724,incoming,20190514,103437,16388477150,81,261
33458005730,2019-05-09 17:35:07,671,+33621883924,transfert,20190509,173507,16364395665,82,262
33458005707,2019-05-09 17:35:07,671,+33621883924,incoming,20190509,173507,16364395601,82,262
33458005730,2019-05-02 14:25:57,243,+33622309206,transfert,20190502,142557,16325714932,83,263
33458005707,2019-05-02 14:25:57,243,+33622309206,incoming,20190502,142557,16325714961,83,263
33458005730,2019-05-02 15:22:48,197,+33623664277,transfert,20190502,152248,16326244001,84,264
33458005709,2019-05-02 15:22:48,197,+33623664277,incoming,20190502,152248,16326244152,84,264
33458005730,2019-05-06 09:35:11,13,+33623664277,transfert,20190506,93511,16343298540,84,265
33458005709,2019-05-06 09:35:11,13,+33623664277,transfert,20190506,93511,16343298323,84,266
33458005730,2019-05-15 11:38:48,155,+33623664277,transfert,20190515,113848,16395820358,84,267
33458005709,2019-05-15 11:38:48,155,+33623664277,incoming,20190515,113848,16395820009,84,267
33458005730,2019-05-16 15:59:46,44,+33623664277,transfert,20190516,155946,16403980982,84,268
33458005709,2019-05-16 15:59:46,44,+33623664277,transfert,20190516,155946,16403980534,84,269
33458005730,2019-05-13 09:16:50,134,+33625623735,transfert,20190513,91650,16381102786,85,270
33458005707,2019-05-13 09:16:50,134,+33625623735,incoming,20190513,91650,16381103034,85,270
33458005730,2019-05-29 17:00:45,1440,+33626632564,transfert,20190529,170045,16479397762,86,271
33458005707,2019-05-29 17:00:45,1440,+33626632564,incoming,20190529,170045,16479397771,86,271
33458005709,2019-05-03 16:29:50,320,+33630312671,incoming,20190503,162950,16333243115,87,272
33458005709,2019-05-03 17:08:47,95,+33630312671,incoming,20190503,170847,16333517609,87,272
33458005730,2019-05-02 11:01:25,219,+33630481676,transfert,20190502,110125,16324238008,88,273
33458005709,2019-05-02 11:01:25,219,+33630481676,incoming,20190502,110125,16324237778,88,273
33458005730,2019-05-03 16:49:31,36,+33630513012,transfert,20190503,164931,16333367879,89,274
33458005709,2019-05-03 16:49:31,36,+33630513012,incoming,20190503,164931,16333367813,89,274
33458005730,2019-05-13 10:45:39,152,+33630513012,transfert,20190513,104539,16382057859,89,275
33458005709,2019-05-13 10:45:39,152,+33630513012,incoming,20190513,104539,16382058174,89,275
33458005730,2019-05-16 09:54:57,11,+33630513012,transfert,20190516,95457,16401055131,89,276
33458005709,2019-05-16 09:54:57,11,+33630513012,transfert,20190516,95457,16401055577,89,277
33458005730,2019-05-16 10:03:48,2,+33630513012,transfert,20190516,100348,16401142658,89,278
33458005709,2019-05-16 10:03:48,2,+33630513012,transfert,20190516,100348,16401142643,89,279
33458005730,2019-05-16 10:29:14,2,+33630513012,transfert,20190516,102914,16401391650,89,280
33458005709,2019-05-16 10:29:14,2,+33630513012,transfert,20190516,102914,16401392627,89,281
33458005730,2019-05-16 10:29:50,203,+33630513012,transfert,20190516,102950,16401426920,89,282
33458005707,2019-05-16 10:29:50,203,+33630513012,incoming,20190516,102950,16401426552,89,282
33458005730,2019-05-17 09:08:23,293,+33630513012,transfert,20190517,90823,16407013327,89,283
33458005709,2019-05-17 09:08:23,293,+33630513012,incoming,20190517,90823,16407012738,89,283
33458005730,2019-05-20 09:53:03,70,+33630513012,transfert,20190520,95303,16422108355,89,284
33458005709,2019-05-20 09:53:03,70,+33630513012,incoming,20190520,95303,16422109650,89,284
33458005730,2019-05-21 16:40:31,348,+33630513012,transfert,20190521,164031,16432779068,89,285
33458005709,2019-05-21 16:40:31,348,+33630513012,incoming,20190521,164031,16432778871,89,285
33458005730,2019-05-22 16:43:52,9,+33630513012,transfert,20190522,164352,16439006760,89,286
33458005709,2019-05-22 16:43:52,9,+33630513012,transfert,20190522,164352,16439006982,89,287
33458005730,2019-05-22 16:45:02,3,+33630513012,transfert,20190522,164502,16439016377,89,288
33458005709,2019-05-22 16:45:02,3,+33630513012,transfert,20190522,164502,16439016096,89,289
33458005730,2019-05-22 16:45:31,335,+33630513012,transfert,20190522,164531,16439061848,89,290
33458005707,2019-05-22 16:45:31,335,+33630513012,incoming,20190522,164531,16439061800,89,290
33458005730,2019-05-23 16:02:28,5,+33630513012,transfert,20190523,160228,16444940261,89,291
33458005709,2019-05-23 16:02:28,5,+33630513012,transfert,20190523,160228,16444940513,89,292
33458005730,2019-05-23 16:15:32,4,+33630513012,transfert,20190523,161532,16445060327,89,293
33458005709,2019-05-23 16:15:32,4,+33630513012,transfert,20190523,161532,16445060047,89,294
33458005730,2019-05-23 16:29:12,3,+33630513012,transfert,20190523,162912,16445190802,89,295
33458005709,2019-05-23 16:29:13,3,+33630513012,transfert,20190523,162913,16445191172,89,296
33458005730,2019-05-23 16:50:27,3,+33630513012,transfert,20190523,165027,16445367679,89,297
33458005709,2019-05-23 16:50:28,3,+33630513012,transfert,20190523,165028,16445367130,89,298
33458005730,2019-05-27 10:15:25,4,+33630513012,transfert,20190527,101525,16462675126,89,299
33458005709,2019-05-27 10:15:25,4,+33630513012,transfert,20190527,101525,16462675190,89,300
33458005730,2019-05-27 11:17:45,3,+33630513012,transfert,20190527,111745,16463307297,89,301
33458005709,2019-05-27 11:17:45,3,+33630513012,transfert,20190527,111745,16463307214,89,302
33458005730,2019-05-27 14:00:29,3,+33630513012,transfert,20190527,140029,16464372079,89,303
33458005709,2019-05-27 14:00:29,3,+33630513012,transfert,20190527,140029,16464372391,89,304
33458005730,2019-05-27 14:03:04,11,+33630513012,transfert,20190527,140304,16464396148,89,305
33458005709,2019-05-27 14:03:04,11,+33630513012,transfert,20190527,140304,16464396281,89,306
33458005730,2019-05-27 14:03:42,1,+33630513012,transfert,20190527,140342,16464401706,89,307
33458005707,2019-05-27 14:03:42,1,+33630513012,incoming,20190527,140342,16464402077,89,307
33458005709,2019-05-27 14:04:12,206,+33630513012,incoming,20190527,140412,16464442153,89,307
33458005709,2019-05-27 17:06:52,2,+33630513012,transfert,20190527,170652,16466288427,89,308
33458005709,2019-05-28 11:30:23,19,+33630513012,incoming,20190528,113023,16470330409,89,308
33458005709,2019-05-29 15:43:40,40,+33630513012,incoming,20190529,154340,16478513881,89,308
33458005709,2019-05-29 16:19:44,115,+33630513012,incoming,20190529,161944,16478860949,89,308
33458005709,2019-05-29 16:23:17,44,+33630513012,incoming,20190529,162317,16478878674,89,308
33458005730,2019-05-31 12:06:44,169,+33630513012,transfert,20190531,120644,16486338364,89,309
33458005707,2019-05-31 12:06:44,169,+33630513012,incoming,20190531,120644,16486338406,89,309
33458005730,2019-05-17 13:55:09,174,+33631444094,transfert,20190517,135509,16409368013,90,310
33458005707,2019-05-17 13:55:09,174,+33631444094,incoming,20190517,135509,16409367974,90,310
33458005730,2019-05-17 15:32:51,76,+33632660386,transfert,20190517,153251,16410259356,91,311
33458005709,2019-05-17 15:32:51,76,+33632660386,transfert,20190517,153251,16410259555,91,312
33458005730,2019-05-17 15:34:57,357,+33632660386,transfert,20190517,153457,16410313976,91,313
33458005707,2019-05-17 15:34:57,357,+33632660386,incoming,20190517,153457,16410313916,91,313
33458005730,2019-05-29 11:21:27,297,+33633119600,transfert,20190529,112127,16476662910,92,314
33458005709,2019-05-29 11:21:27,297,+33633119600,incoming,20190529,112127,16476663487,92,314
33458005730,2019-05-15 11:43:09,449,+33638431672,transfert,20190515,114309,16395908067,93,315
33458005707,2019-05-15 11:43:10,449,+33638431672,incoming,20190515,114310,16395908580,93,315
33458005730,2019-05-07 15:07:52,21,+33645231362,transfert,20190507,150752,16352658196,94,316
33458005709,2019-05-07 15:07:52,21,+33645231362,transfert,20190507,150752,16352658619,94,317
33458005730,2019-05-07 15:09:00,15,+33645231362,transfert,20190507,150900,16352668890,94,318
33458005709,2019-05-07 15:09:00,15,+33645231362,transfert,20190507,150900,16352668953,94,319
33458005730,2019-05-07 15:09:50,150,+33645231362,transfert,20190507,150950,16352700699,94,320
33458005707,2019-05-07 15:09:50,150,+33645231362,incoming,20190507,150950,16352700411,94,320
33458005730,2019-05-07 15:24:55,34,+33645231362,transfert,20190507,152455,16352826417,94,321
33458005709,2019-05-07 15:24:55,34,+33645231362,transfert,20190507,152455,16352826379,94,322
33458005730,2019-05-07 15:35:50,127,+33645231362,transfert,20190507,153550,16352938349,94,323
33458005709,2019-05-07 15:35:50,127,+33645231362,incoming,20190507,153550,16352938511,94,323
33458005730,2019-05-07 16:03:56,4,+33645231362,transfert,20190507,160356,16353195295,94,324
33458005709,2019-05-07 16:03:56,4,+33645231362,transfert,20190507,160356,16353194445,94,325
33458005730,2019-05-07 16:04:32,3,+33645231362,transfert,20190507,160432,16353198563,94,326
33458005709,2019-05-07 16:04:32,3,+33645231362,transfert,20190507,160432,16353197417,94,327
33458005730,2019-05-07 16:11:53,8,+33645231362,transfert,20190507,161153,16353270124,94,328
33458005709,2019-05-07 16:11:53,8,+33645231362,transfert,20190507,161153,16353270115,94,329
33458005730,2019-05-07 16:24:48,7,+33645231362,transfert,20190507,162448,16353395253,94,330
33458005709,2019-05-07 16:24:48,7,+33645231362,transfert,20190507,162448,16353395236,94,331
33458005730,2019-05-07 16:35:17,56,+33645231362,transfert,20190507,163517,16353496526,94,332
33458005707,2019-05-07 16:35:17,56,+33645231362,incoming,20190507,163517,16353496563,94,332
33458005730,2019-05-20 17:54:08,4,+33648350528,transfert,20190520,175408,16426386857,95,333
33458005707,2019-05-20 17:54:08,4,+33648350528,transfert,20190520,175408,16426386866,95,334
33458005730,2019-05-21 16:33:26,1110,+33648350528,transfert,20190521,163326,16432827752,95,335
33458005707,2019-05-21 16:33:26,1110,+33648350528,incoming,20190521,163326,16432827980,95,335
33458005730,2019-05-22 17:54:11,10,+33648350528,transfert,20190522,175411,16439531015,95,336
33458005709,2019-05-22 17:54:11,10,+33648350528,transfert,20190522,175411,16439531066,95,337
33458005730,2019-05-28 15:51:21,10,+33648350528,transfert,20190528,155121,16472222013,95,338
33458005709,2019-05-28 15:51:21,10,+33648350528,transfert,20190528,155121,16472221822,95,339
33458005730,2019-05-28 16:45:38,815,+33648350528,transfert,20190528,164538,16472824301,95,340
33458005709,2019-05-28 16:45:38,815,+33648350528,incoming,20190528,164538,16472824440,95,340
33458005730,2019-05-02 10:29:00,100,+33648544291,transfert,20190502,102900,16323867999,96,341
33458005709,2019-05-02 10:29:00,100,+33648544291,incoming,20190502,102900,16323867752,96,341
33458005730,2019-05-02 10:36:37,114,+33648544291,transfert,20190502,103637,16323959192,96,342
33458005709,2019-05-02 10:36:37,114,+33648544291,incoming,20190502,103637,16323959473,96,342
33458005730,2019-05-02 16:22:02,3,+33648544291,transfert,20190502,162202,16326749081,96,343
33458005709,2019-05-02 16:22:02,3,+33648544291,transfert,20190502,162202,16326749118,96,344
33458005730,2019-05-02 16:28:05,111,+33648544291,transfert,20190502,162805,16326814535,96,345
33458005709,2019-05-02 16:28:05,111,+33648544291,incoming,20190502,162805,16326814548,96,345
33458005730,2019-05-03 09:12:49,132,+33648544291,transfert,20190503,91249,16329650084,96,346
33458005709,2019-05-03 09:12:49,132,+33648544291,incoming,20190503,91249,16329650027,96,346
33458005730,2019-05-21 14:12:16,408,+33650315458,transfert,20190521,141216,16431366540,97,347
33458005707,2019-05-21 14:12:16,408,+33650315458,incoming,20190521,141216,16431367152,97,347
33458005730,2019-05-16 10:48:39,877,+33651624737,transfert,20190516,104839,16401728044,98,348
33458005707,2019-05-16 10:48:39,877,+33651624737,incoming,20190516,104839,16401728603,98,348
33458005709,2019-05-03 16:06:45,42,+33651757419,incoming,20190503,160645,16333004522,99,349
33458005707,2019-05-09 18:17:02,20,+33651903825,transfert,20190509,181702,16364575575,100,350
33458005707,2019-05-10 14:23:46,12,+33651903825,transfert,20190510,142346,16369423093,100,351
33458005707,2019-05-10 15:07:52,60,+33651903825,incoming,20190510,150752,16371155755,100,351
33458005730,2019-05-10 14:27:15,48,+33652394331,transfert,20190510,142715,16369438286,101,352
33458005709,2019-05-10 14:27:15,48,+33652394331,transfert,20190510,142715,16369425465,101,353
33458005730,2019-05-10 14:45:39,5,+33652394331,transfert,20190510,144539,16371604188,101,354
33458005709,2019-05-10 14:45:39,6,+33652394331,transfert,20190510,144539,16370670020,101,355
33458005730,2019-05-10 14:55:45,0,+33652394331,transfert,20190510,145545,16369731633,101,356
33458005709,2019-05-10 14:55:45,0,+33652394331,transfert,20190510,145545,16369972651,101,357
33458005730,2019-05-10 14:56:13,13,+33652394331,transfert,20190510,145613,16369604536,101,358
33458005707,2019-05-10 14:56:13,13,+33652394331,transfert,20190510,145613,16370665317,101,359
33458005730,2019-05-10 15:10:48,392,+33652394331,transfert,20190510,151048,16369785375,101,360
33458005709,2019-05-10 15:10:48,392,+33652394331,incoming,20190510,151048,16370582151,101,360
33458005730,2019-05-28 13:59:19,410,+33652394331,transfert,20190528,135919,16471226897,101,361
33458005707,2019-05-28 13:59:19,410,+33652394331,incoming,20190528,135919,16471226962,101,361
33458005730,2019-05-14 16:02:41,6,+33658898832,transfert,20190514,160241,16391142996,102,362
33458005709,2019-05-14 16:02:41,6,+33658898832,transfert,20190514,160241,16391143027,102,363
33458005730,2019-05-14 16:03:13,713,+33658898832,transfert,20190514,160313,16391254366,102,364
33458005707,2019-05-14 16:03:13,713,+33658898832,incoming,20190514,160313,16391254137,102,364
33458005730,2019-05-20 11:26:40,4,+33658898832,transfert,20190520,112640,16423119066,102,365
33458005709,2019-05-20 11:26:40,4,+33658898832,transfert,20190520,112640,16423119263,102,366
33458005730,2019-05-29 13:37:24,53,+33658898832,transfert,20190529,133724,16477421064,102,367
33458005707,2019-05-29 13:37:24,53,+33658898832,incoming,20190529,133724,16477421186,102,367
33458005730,2019-05-29 14:32:53,263,+33658898832,transfert,20190529,143253,16477872510,102,368
33458005709,2019-05-29 14:32:53,263,+33658898832,incoming,20190529,143253,16477872376,102,368
33458005730,2019-05-09 12:38:13,12,+33660492250,transfert,20190509,123813,16362019432,103,369
33458005709,2019-05-09 12:38:13,12,+33660492250,transfert,20190509,123813,16362019438,103,370
33458005730,2019-05-09 12:38:52,211,+33660492250,transfert,20190509,123852,16362034194,103,371
33458005707,2019-05-09 12:38:52,211,+33660492250,incoming,20190509,123852,16362034172,103,371
33458005709,2019-05-09 14:39:07,426,+33660492250,incoming,20190509,143907,16362832324,103,371
33458005709,2019-05-03 17:31:30,30,+33660505934,incoming,20190503,173130,16333666940,104,372
33458005709,2019-05-03 18:18:36,2,+33660505934,transfert,20190503,181836,16333933282,104,373
33458005730,2019-05-03 12:18:47,12,+33660763580,transfert,20190503,121847,16331397711,105,374
33458005709,2019-05-03 12:18:47,12,+33660763580,transfert,20190503,121847,16331397671,105,375
33458005730,2019-05-06 14:04:59,420,+33660763580,transfert,20190506,140459,16345591849,105,376
33458005709,2019-05-06 14:04:59,420,+33660763580,incoming,20190506,140459,16345591822,105,376
33458005730,2019-05-06 16:41:22,6,+33660763580,transfert,20190506,164122,16347014613,105,377
33458005709,2019-05-06 16:41:22,6,+33660763580,transfert,20190506,164122,16347014792,105,378
33458005709,2019-05-09 14:21:09,106,+33660763580,incoming,20190509,142109,16362618431,105,378
33458005730,2019-05-06 14:06:08,13,+33660770402,transfert,20190506,140608,16345533510,106,379
33458005709,2019-05-06 14:06:08,13,+33660770402,transfert,20190506,140608,16345533518,106,380
33458005730,2019-05-06 14:37:07,397,+33660770402,transfert,20190506,143707,16345931458,106,381
33458005709,2019-05-06 14:37:07,397,+33660770402,incoming,20190506,143707,16345930884,106,381
33458005730,2019-05-06 16:41:16,100,+33660770402,transfert,20190506,164116,16347025150,106,382
33458005709,2019-05-06 16:41:16,100,+33660770402,incoming,20190506,164116,16347025068,106,382
33458005730,2019-05-06 16:45:22,3,+33660770402,transfert,20190506,164522,16347050071,106,383
33458005709,2019-05-06 16:45:22,3,+33660770402,transfert,20190506,164522,16347050203,106,384
33458005730,2019-05-07 14:48:52,11,+33660770402,transfert,20190507,144852,16352479879,106,385
33458005709,2019-05-07 14:48:52,11,+33660770402,transfert,20190507,144852,16352480167,106,386
33458005730,2019-05-07 15:09:09,5,+33660770402,transfert,20190507,150909,16352672364,106,387
33458005709,2019-05-07 15:09:09,5,+33660770402,transfert,20190507,150909,16352672021,106,388
33458005730,2019-05-07 15:41:33,7,+33660770402,transfert,20190507,154133,16352977724,106,389
33458005709,2019-05-07 15:41:33,7,+33660770402,transfert,20190507,154133,16352977600,106,390
33458005730,2019-05-07 15:51:33,1158,+33660770402,transfert,20190507,155133,16353255293,106,391
33458005709,2019-05-07 15:51:33,1158,+33660770402,incoming,20190507,155133,16353255215,106,391
33458005730,2019-05-09 09:54:35,9,+33660770402,transfert,20190509,95435,16360469776,106,392
33458005709,2019-05-09 09:54:35,9,+33660770402,transfert,20190509,95435,16360469942,106,393
33458005730,2019-05-09 10:31:29,4,+33660770402,transfert,20190509,103129,16360892978,106,394
33458005709,2019-05-09 10:31:29,4,+33660770402,transfert,20190509,103129,16360893106,106,395
33458005730,2019-05-09 11:00:12,4,+33660770402,transfert,20190509,110012,16361200509,106,396
33458005709,2019-05-09 11:00:12,4,+33660770402,transfert,20190509,110012,16361201038,106,397
33458005730,2019-05-16 14:42:41,4,+33660770402,transfert,20190516,144241,16403277308,106,398
33458005709,2019-05-16 14:42:41,4,+33660770402,transfert,20190516,144241,16403277220,106,399
33458005730,2019-05-16 14:47:28,385,+33660770402,transfert,20190516,144728,16403379099,106,400
33458005707,2019-05-16 14:47:28,385,+33660770402,incoming,20190516,144728,16403379061,106,400
33458005730,2019-05-06 16:17:52,0,+33661106704,transfert,20190506,161752,16346808647,107,401
33458005709,2019-05-06 16:17:52,0,+33661106704,miss,20190506,161752,16346808741,107,401
33458005730,2019-05-06 16:29:41,572,+33661106704,transfert,20190506,162941,16346991961,107,402
33458005707,2019-05-06 16:29:41,572,+33661106704,incoming,20190506,162941,16346991385,107,402
33458005730,2019-05-14 18:02:13,11,+33661106704,transfert,20190514,180213,16392159295,107,403
33458005709,2019-05-14 18:02:13,11,+33661106704,transfert,20190514,180213,16392159290,107,404
33458005730,2019-05-07 14:30:57,12,+33661354281,transfert,20190507,143057,16352308060,108,405
33458005709,2019-05-07 14:30:57,12,+33661354281,transfert,20190507,143057,16352308213,108,406
33458005730,2019-05-07 14:31:31,952,+33661354281,transfert,20190507,143131,16352465065,108,407
33458005707,2019-05-07 14:31:31,952,+33661354281,incoming,20190507,143131,16352464996,108,407
33458005730,2019-05-07 18:47:14,7,+33661916499,transfert,20190507,184714,16354370999,109,408
33458005707,2019-05-07 18:47:14,7,+33661916499,transfert,20190507,184714,16354370989,109,409
33458005730,2019-05-07 18:48:25,11,+33661916499,transfert,20190507,184825,16354374672,109,410
33458005709,2019-05-07 18:48:25,11,+33661916499,transfert,20190507,184825,16354374644,109,411
33458005730,2019-05-13 16:04:58,12,+33661916499,transfert,20190513,160458,16384552404,109,412
33458005707,2019-05-13 16:04:58,12,+33661916499,transfert,20190513,160458,16384552489,109,413
33458005730,2019-05-13 16:06:04,287,+33661916499,transfert,20190513,160604,16384599085,109,414
33458005709,2019-05-13 16:06:04,287,+33661916499,incoming,20190513,160604,16384599061,109,414
33458005730,2019-05-24 11:44:45,357,+33663801570,transfert,20190524,114445,16449522094,110,415
33458005709,2019-05-24 11:44:45,357,+33663801570,incoming,20190524,114445,16449521981,110,415
33458005730,2019-05-24 17:14:01,378,+33663801570,transfert,20190524,171401,16451757972,110,416
33458005709,2019-05-24 17:14:01,378,+33663801570,incoming,20190524,171401,16451758051,110,416
33458005730,2019-05-21 16:39:06,4,+33664111670,transfert,20190521,163906,16432712287,111,417
33458005707,2019-05-21 16:39:06,4,+33664111670,transfert,20190521,163906,16432711985,111,418
33458005730,2019-05-27 11:37:27,16,+33664111670,transfert,20190527,113727,16463511281,111,419
33458005709,2019-05-27 11:37:27,16,+33664111670,transfert,20190527,113727,16463511326,111,420
33458005730,2019-05-14 09:00:39,12,+33666495386,transfert,20190514,90039,16387525190,112,421
33458005709,2019-05-14 09:00:39,12,+33666495386,transfert,20190514,90039,16387525307,112,422
33458005730,2019-05-14 09:02:30,5,+33666495386,transfert,20190514,90230,16387539274,112,423
33458005709,2019-05-14 09:02:31,5,+33666495386,transfert,20190514,90231,16387539963,112,424
33458005730,2019-05-14 09:09:12,3,+33666495386,transfert,20190514,90912,16387594859,112,425
33458005709,2019-05-14 09:09:12,3,+33666495386,transfert,20190514,90912,16387594351,112,426
33458005730,2019-05-14 09:15:09,5,+33666495386,transfert,20190514,91509,16387646364,112,427
33458005709,2019-05-14 09:15:09,5,+33666495386,transfert,20190514,91509,16387646631,112,428
33458005730,2019-05-14 09:16:08,325,+33666495386,transfert,20190514,91608,16387698660,112,429
33458005707,2019-05-14 09:16:08,325,+33666495386,incoming,20190514,91608,16387698497,112,429
33458005730,2019-05-02 10:10:00,197,+33666973566,transfert,20190502,101000,16323674017,113,430
33458005707,2019-05-02 10:10:00,197,+33666973566,incoming,20190502,101000,16323674162,113,430
33458005730,2019-05-27 14:00:49,104,+33669457321,transfert,20190527,140049,16464387092,114,431
33458005707,2019-05-27 14:00:49,104,+33669457321,incoming,20190527,140049,16464386899,114,431
33458005730,2019-05-23 12:03:09,54,+33669906993,transfert,20190523,120309,16443326729,115,432
33458005709,2019-05-23 12:03:09,54,+33669906993,incoming,20190523,120309,16443326753,115,432
33458005730,2019-05-27 16:29:50,24,+33669906993,transfert,20190527,162950,16465929457,115,433
33458005709,2019-05-27 16:29:50,24,+33669906993,incoming,20190527,162950,16465929436,115,433
33458005730,2019-05-27 17:02:22,407,+33669906993,transfert,20190527,170222,16466306421,115,434
33458005709,2019-05-27 17:02:22,407,+33669906993,incoming,20190527,170222,16466306157,115,434
33458005730,2019-05-17 14:07:16,486,+33670319041,transfert,20190517,140716,16409520110,116,435
33458005709,2019-05-17 14:07:16,486,+33670319041,incoming,20190517,140716,16409523602,116,435
33458005730,2019-05-20 11:42:43,576,+33670469564,transfert,20190520,114243,16423390584,117,436
33458005709,2019-05-20 11:42:43,576,+33670469564,incoming,20190520,114243,16423391345,117,436
33458005709,2019-05-21 11:43:08,202,+33670469564,incoming,20190521,114308,16430478471,117,436
33458005730,2019-05-20 09:44:54,162,+33671670769,transfert,20190520,94454,16422046244,118,437
33458005707,2019-05-20 09:44:54,162,+33671670769,incoming,20190520,94454,16422044085,118,437
33458005730,2019-05-22 14:08:21,448,+33671764653,transfert,20190522,140821,16437674621,119,438
33458005709,2019-05-22 14:08:21,448,+33671764653,incoming,20190522,140821,16437674231,119,438
33458005708,2019-05-07 14:17:49,1884,+33672875481,incoming,20190507,141749,16352483250,120,439
33458005730,2019-05-28 11:19:27,112,+33673188402,transfert,20190528,111927,16470230063,121,440
33458005707,2019-05-28 11:19:27,112,+33673188402,incoming,20190528,111927,16470229944,121,440
33458005730,2019-05-14 17:22:47,124,+33675504159,transfert,20190514,172247,16391865676,122,441
33458005709,2019-05-14 17:22:47,124,+33675504159,incoming,20190514,172247,16391865762,122,441
33458005709,2019-05-07 15:40:45,588,+33675890059,incoming,20190507,154045,16353055061,123,442
33458005709,2019-05-09 15:26:04,511,+33675890059,incoming,20190509,152604,16363299000,123,442
33458005709,2019-05-09 16:08:31,3,+33675890059,transfert,20190509,160831,16363609849,123,443
33458005730,2019-05-09 16:09:37,275,+33675890059,transfert,20190509,160937,16363656314,123,444
33458005707,2019-05-09 16:09:37,275,+33675890059,incoming,20190509,160937,16363655778,123,444
33458005709,2019-05-10 09:36:09,247,+33675890059,incoming,20190510,93609,16367046985,123,444
33458005709,2019-05-10 16:02:57,71,+33675890059,incoming,20190510,160257,16371439005,123,444
33458005709,2019-05-10 16:11:51,544,+33675890059,incoming,20190510,161151,16370451098,123,444
33458005730,2019-05-28 10:56:25,259,+33676194613,transfert,20190528,105625,16470007148,124,445
33458005709,2019-05-28 10:56:25,259,+33676194613,incoming,20190528,105625,16470007862,124,445
33458005730,2019-05-10 09:09:16,43,+33678941936,transfert,20190510,90916,16366764549,125,446
33458005707,2019-05-10 09:09:16,43,+33678941936,incoming,20190510,90916,16366764337,125,446
33458005730,2019-05-02 14:10:29,5,+33680012144,transfert,20190502,141029,16325529513,126,447
33458005709,2019-05-02 14:10:29,5,+33680012144,transfert,20190502,141029,16325529676,126,448
33458005730,2019-05-03 10:46:10,110,+33680012144,transfert,20190503,104610,16330558010,126,449
33458005709,2019-05-03 10:46:10,110,+33680012144,incoming,20190503,104610,16330557961,126,449
33458005709,2019-05-06 14:40:45,0,+33680012144,miss,20190506,144045,16345904166,126,449
33458005730,2019-05-10 14:27:15,9,+33680012144,transfert,20190510,142715,16369617640,126,450
33458005709,2019-05-10 14:27:15,9,+33680012144,transfert,20190510,142715,16369791266,126,451
33458005730,2019-05-13 14:32:52,73,+33680012144,transfert,20190513,143252,16383663261,126,452
33458005709,2019-05-13 14:32:52,73,+33680012144,incoming,20190513,143252,16383662752,126,452
33458005730,2019-05-13 16:49:42,82,+33680089125,transfert,20190513,164942,16384969255,127,453
33458005709,2019-05-13 16:49:42,82,+33680089125,incoming,20190513,164942,16384969275,127,453
33458005730,2019-05-07 12:46:36,6,+33680479448,transfert,20190507,124636,16351699459,128,454
33458005709,2019-05-07 12:46:36,6,+33680479448,transfert,20190507,124636,16351699469,128,455
33458005730,2019-05-07 16:25:58,7,+33680479448,transfert,20190507,162558,16353405453,128,456
33458005707,2019-05-07 16:25:58,7,+33680479448,transfert,20190507,162558,16353405691,128,457
33458005730,2019-05-07 17:02:45,108,+33680479448,transfert,20190507,170245,16353744246,128,458
33458005707,2019-05-07 17:02:45,108,+33680479448,incoming,20190507,170245,16353744020,128,458
33458005730,2019-05-14 14:41:48,1096,+33680606520,transfert,20190514,144148,16390512274,129,459
33458005707,2019-05-14 14:41:48,1096,+33680606520,incoming,20190514,144148,16390510859,129,459
33458005730,2019-05-14 16:17:53,537,+33680606520,transfert,20190514,161753,16391374237,129,460
33458005707,2019-05-14 16:17:53,537,+33680606520,incoming,20190514,161753,16391374170,129,460
33458005730,2019-05-31 14:46:31,3,+33681878470,transfert,20190531,144631,16487194078,130,461
33458005709,2019-05-31 14:46:31,3,+33681878470,transfert,20190531,144631,16487194046,130,462
33458005730,2019-05-31 17:09:21,517,+33681878470,transfert,20190531,170921,16488244654,130,463
33458005709,2019-05-31 17:09:21,517,+33681878470,incoming,20190531,170921,16488244635,130,463
33458005730,2019-05-02 10:28:00,34,+33681975031,transfert,20190502,102800,16323844901,131,464
33458005707,2019-05-02 10:28:00,34,+33681975031,incoming,20190502,102800,16323845520,131,464
33458005730,2019-05-20 09:43:40,11,+33682525500,transfert,20190520,94340,16422011662,132,465
33458005709,2019-05-20 09:43:40,11,+33682525500,transfert,20190520,94340,16422012324,132,466
33458005730,2019-05-24 11:28:23,292,+33682599061,transfert,20190524,112823,16449361709,133,467
33458005709,2019-05-24 11:28:23,292,+33682599061,incoming,20190524,112823,16449361839,133,467
33458005730,2019-05-27 14:12:38,33,+33683314468,transfert,20190527,141238,16464499676,134,468
33458005709,2019-05-27 14:12:38,33,+33683314468,transfert,20190527,141238,16464499774,134,469
33458005730,2019-05-27 14:50:55,161,+33683314468,transfert,20190527,145055,16464915164,134,470
33458005709,2019-05-27 14:50:55,161,+33683314468,incoming,20190527,145055,16464915275,134,470
33458005730,2019-05-03 13:07:06,4,+33683368143,transfert,20190503,130706,16331602890,135,471
33458005709,2019-05-03 13:07:06,4,+33683368143,transfert,20190503,130706,16331602900,135,472
33458005730,2019-05-03 15:47:23,208,+33683368143,transfert,20190503,154723,16332863990,135,473
33458005709,2019-05-03 15:47:23,208,+33683368143,incoming,20190503,154723,16332864358,135,473
33458005730,2019-05-07 16:55:50,40,+33683368143,transfert,20190507,165550,16353678128,135,474
33458005709,2019-05-07 16:55:50,40,+33683368143,transfert,20190507,165550,16353678196,135,475
33458005730,2019-05-07 16:58:23,72,+33683368143,transfert,20190507,165823,16353703257,135,476
33458005707,2019-05-07 16:58:23,72,+33683368143,incoming,20190507,165823,16353703877,135,476
33458005707,2019-05-07 17:30:44,53,+33683368143,incoming,20190507,173044,16353935733,135,476
33458005708,2019-05-10 10:33:12,4151,+33684638546,incoming,20190510,103312,16368264641,136,477
33458005708,2019-05-13 14:04:42,5222,+33684638546,incoming,20190513,140442,16384237067,136,477
33458005730,2019-05-23 10:13:31,16,+33684720685,transfert,20190523,101331,16442273975,137,478
33458005707,2019-05-23 10:13:31,16,+33684720685,transfert,20190523,101331,16442273530,137,479
33458005707,2019-05-23 10:21:37,129,+33684720685,incoming,20190523,102137,16442367574,137,479
33458005730,2019-05-15 17:07:25,419,+33685708650,transfert,20190515,170725,16398331562,138,480
33458005709,2019-05-15 17:07:25,419,+33685708650,incoming,20190515,170725,16398331609,138,480
33458005730,2019-05-20 15:36:07,367,+33685708650,transfert,20190520,153607,16425196373,138,481
33458005709,2019-05-20 15:36:07,367,+33685708650,incoming,20190520,153607,16425196462,138,481
33458005730,2019-05-27 14:58:45,362,+33685708650,transfert,20190527,145845,16465037699,138,482
33458005709,2019-05-27 14:58:45,362,+33685708650,incoming,20190527,145845,16465038663,138,482
33458005730,2019-05-24 13:37:18,12,+33685915513,transfert,20190524,133718,16450062747,139,483
33458005709,2019-05-24 13:37:18,12,+33685915513,transfert,20190524,133718,16450062734,139,484
33458005730,2019-05-24 13:54:55,4,+33685915513,transfert,20190524,135455,16450145868,139,485
33458005709,2019-05-24 13:54:55,4,+33685915513,transfert,20190524,135455,16450146156,139,486
33458005730,2019-05-24 14:01:38,3,+33685915513,transfert,20190524,140138,16450192887,139,487
33458005709,2019-05-24 14:01:38,3,+33685915513,transfert,20190524,140138,16450192729,139,488
33458005730,2019-05-24 14:13:28,118,+33685915513,transfert,20190524,141328,16450308285,139,489
33458005709,2019-05-24 14:13:28,118,+33685915513,incoming,20190524,141328,16450308968,139,489
33458005709,2019-05-10 16:29:19,399,+33686036353,incoming,20190510,162919,16371504741,140,490
33458005709,2019-05-14 16:49:19,249,+33686036353,incoming,20190514,164919,16391621914,140,490
33458005709,2019-05-15 10:15:54,255,+33686036353,incoming,20190515,101554,16395010907,140,490
33458005709,2019-05-27 14:26:49,197,+33686036353,incoming,20190527,142649,16464671983,140,490
33458005709,2019-05-15 14:37:09,77,+33686209242,incoming,20190515,143709,16396976618,141,491
33458005730,2019-05-03 17:16:13,535,+33688222647,transfert,20190503,171613,16333620519,142,492
33458005709,2019-05-03 17:16:13,535,+33688222647,incoming,20190503,171613,16333620493,142,492
33458005730,2019-05-20 09:08:05,393,+33688222647,transfert,20190520,90805,16421730392,142,493
33458005709,2019-05-20 09:08:05,393,+33688222647,incoming,20190520,90805,16421730080,142,493
33458005730,2019-05-08 15:19:24,7,+33695123314,transfert,20190508,151924,16357324609,143,494
33458005707,2019-05-08 15:19:24,7,+33695123314,transfert,20190508,151924,16357324587,143,495
33458005730,2019-05-10 17:26:40,396,+33695123314,transfert,20190510,172640,16370381381,143,496
33458005709,2019-05-10 17:26:40,396,+33695123314,incoming,20190510,172640,16370381366,143,496
33458005730,2019-05-13 16:30:40,12,+33695123314,transfert,20190513,163040,16384793222,143,497
33458005709,2019-05-13 16:30:40,12,+33695123314,transfert,20190513,163040,16384792971,143,498
33458005730,2019-05-13 16:31:44,6,+33695123314,transfert,20190513,163144,16384800377,143,499
33458005709,2019-05-13 16:31:44,6,+33695123314,transfert,20190513,163144,16384800292,143,500
33458005730,2019-05-13 16:32:30,258,+33695123314,transfert,20190513,163230,16384843465,143,501
33458005707,2019-05-13 16:32:30,258,+33695123314,incoming,20190513,163230,16384843312,143,501
33458005730,2019-05-16 09:27:13,944,+33695511609,transfert,20190516,92713,16400932366,144,502
33458005707,2019-05-16 09:27:13,944,+33695511609,incoming,20190516,92713,16400933966,144,502
33458005730,2019-05-29 09:00:01,204,+33699253887,transfert,20190529,90001,16475282207,145,503
33458005709,2019-05-29 09:00:01,204,+33699253887,incoming,20190529,90001,16475282293,145,503
33458005709,2019-05-29 17:30:32,404,+33755506479,incoming,20190529,173032,16479500741,146,504
33458005730,2019-05-15 16:22:37,179,+33758751982,transfert,20190515,162237,16397951892,147,505
33458005709,2019-05-15 16:22:37,179,+33758751982,incoming,20190515,162237,16397951851,147,505
33458005730,2019-05-15 14:04:13,17,+33760830284,transfert,20190515,140413,16396650870,148,506
33458005709,2019-05-15 14:04:13,17,+33760830284,transfert,20190515,140413,16396650728,148,507
33458005730,2019-05-15 14:06:31,217,+33760830284,transfert,20190515,140631,16396705143,148,508
33458005709,2019-05-15 14:06:32,217,+33760830284,incoming,20190515,140632,16396704082,148,508
33458005730,2019-05-22 16:29:13,237,+33769387095,transfert,20190522,162913,16438914574,149,509
33458005707,2019-05-22 16:29:14,237,+33769387095,incoming,20190522,162914,16438914627,149,509
33458005730,2019-05-01 12:50:21,11,+33769494028,transfert,20190501,125021,16320279710,150,510
33458005709,2019-05-01 12:50:21,11,+33769494028,transfert,20190501,125021,16320279730,150,511
33458005730,2019-05-01 12:50:58,3,+33769494028,transfert,20190501,125058,16320281454,150,512
33458005707,2019-05-01 12:50:58,3,+33769494028,transfert,20190501,125058,16320281482,150,513
33458005730,2019-05-01 13:21:05,5,+33769494028,transfert,20190501,132105,16320346826,150,514
33458005709,2019-05-01 13:21:05,5,+33769494028,transfert,20190501,132105,16320346827,150,515
33458005730,2019-05-01 13:21:33,4,+33769494028,transfert,20190501,132133,16320348277,150,516
33458005707,2019-05-01 13:21:33,4,+33769494028,transfert,20190501,132133,16320348276,150,517
33458005730,2019-05-01 13:59:42,3,+33769494028,transfert,20190501,135942,16320427116,150,518
33458005709,2019-05-01 13:59:43,3,+33769494028,transfert,20190501,135943,16320427037,150,519
33458005730,2019-05-01 14:00:09,3,+33769494028,transfert,20190501,140009,16320427882,150,520
33458005707,2019-05-01 14:00:09,3,+33769494028,transfert,20190501,140009,16320427887,150,521
33458005730,2019-05-02 10:20:57,90,+33769494028,transfert,20190502,102057,16323777328,150,522
33458005709,2019-05-02 10:20:57,90,+33769494028,incoming,20190502,102057,16323777281,150,522
33458005730,2019-05-24 15:41:09,11,+33769494028,transfert,20190524,154109,16451004421,150,523
33458005709,2019-05-24 15:41:09,11,+33769494028,transfert,20190524,154109,16451004430,150,524
33458005730,2019-05-24 15:41:44,3,+33769494028,transfert,20190524,154144,16451008833,150,525
33458005709,2019-05-24 15:41:44,3,+33769494028,transfert,20190524,154144,16451008574,150,526
33458005730,2019-05-24 15:42:11,443,+33769494028,transfert,20190524,154211,16451073090,150,527
33458005707,2019-05-24 15:42:11,443,+33769494028,incoming,20190524,154211,16451073058,150,527
33458005730,2019-05-24 16:24:51,45,+33769494028,transfert,20190524,162451,16451360678,150,528
33458005709,2019-05-24 16:24:51,45,+33769494028,incoming,20190524,162451,16451360771,150,528
33458005730,2019-05-14 14:40:00,297,+33771932745,transfert,20190514,144000,16390354772,151,529
33458005709,2019-05-14 14:40:00,297,+33771932745,incoming,20190514,144000,16390355038,151,529
33458005709,2019-05-07 09:26:42,58,+33782298799,transfert,20190507,92642,16349859957,152,530
33458005709,2019-05-23 10:06:53,530,+33782298799,incoming,20190523,100653,16442291658,152,530
33458005709,2019-05-24 09:25:37,6,+33782298799,transfert,20190524,92537,16448132053,152,531
33458005709,2019-05-24 14:36:06,48,+33782298799,transfert,20190524,143606,16450487869,152,532
33458005709,2019-05-24 15:56:28,281,+33782298799,incoming,20190524,155628,16451169117,152,532
33458005730,2019-05-06 16:02:23,73,+33825100080,transfert,20190506,160223,16346683609,153,533
33458005707,2019-05-06 16:02:23,73,+33825100080,incoming,20190506,160223,16346711865,153,533
33458005730,2019-05-10 15:56:12,6,+33825100080,transfert,20190510,155612,16369923733,153,534
33458005707,2019-05-10 15:56:12,6,+33825100080,transfert,20190510,155612,16371565362,153,535
33458005730,2019-05-10 15:57:05,4,+33825100080,transfert,20190510,155705,16371542024,153,536
33458005709,2019-05-10 15:57:05,4,+33825100080,transfert,20190510,155705,16371870281,153,537
33458005730,2019-05-29 14:05:34,95,+33950384869,transfert,20190529,140534,16477610168,154,538
33458005709,2019-05-29 14:05:34,95,+33950384869,transfert,20190529,140534,16477610095,154,539
33458005730,2019-05-29 14:06:18,31,+33950384869,transfert,20190529,140618,16477606929,154,540
33458005707,2019-05-29 14:06:18,31,+33950384869,incoming,20190529,140618,16477607068,154,540
33458005730,2019-05-20 16:09:39,654,+33950682682,transfert,20190520,160939,16425578727,155,541
33458005709,2019-05-20 16:09:39,654,+33950682682,incoming,20190520,160939,16425578684,155,541
33458005730,2019-05-22 15:05:17,74,+33951918755,transfert,20190522,150517,16438144434,156,542
33458005709,2019-05-22 15:05:17,74,+33951918755,incoming,20190522,150517,16438144741,156,542
33458005730,2019-05-20 14:02:16,1028,+33972376065,transfert,20190520,140216,16424324010,157,543
33458005707,2019-05-20 14:02:16,1028,+33972376065,incoming,20190520,140216,16424324344,157,543
33458005730,2019-05-29 13:11:30,18,+34609903507,transfert,20190529,131130,16477302606,158,544
33458005707,2019-05-29 13:11:30,18,+34609903507,transfert,20190529,131130,16477302600,158,545
33458005730,2019-05-29 13:12:40,4,+34609903507,transfert,20190529,131240,16477305378,158,546
33458005709,2019-05-29 13:12:40,4,+34609903507,transfert,20190529,131240,16477305387,158,547
33458005730,2019-05-29 13:26:28,473,+34609903507,transfert,20190529,132628,16477399038,158,548
33458005707,2019-05-29 13:26:28,473,+34609903507,incoming,20190529,132628,16477399045,158,548
33458005730,2019-05-17 16:29:39,205,+34934897486,transfert,20190517,162939,16410786425,159,549
33458005707,2019-05-17 16:29:39,205,+34934897486,incoming,20190517,162939,16410786538,159,549
33458005730,2019-05-14 14:53:59,14,+351962594356,transfert,20190514,145359,16390452789,160,550
33458005707,2019-05-14 14:53:59,14,+351962594356,transfert,20190514,145359,16390452744,160,551
33458005730,2019-05-14 14:54:58,12,+351962594356,transfert,20190514,145458,16390460356,160,552
33458005707,2019-05-14 14:54:58,12,+351962594356,transfert,20190514,145458,16390460531,160,553
33458005730,2019-05-14 15:01:43,1519,+351962594356,transfert,20190514,150143,16390793094,160,554
33458005707,2019-05-14 15:01:43,1519,+351962594356,incoming,20190514,150143,16390793110,160,554
33458005730,2019-05-27 15:01:32,10,+40740071530,transfert,20190527,150132,16465010003,161,555
33458005709,2019-05-27 15:01:32,10,+40740071530,transfert,20190527,150132,16465009774,161,556
33458005730,2019-05-13 13:35:06,13,+41264697416,transfert,20190513,133506,16383247238,162,557
33458005709,2019-05-13 13:35:06,13,+41264697416,transfert,20190513,133506,16383247224,162,558
33458005730,2019-05-13 15:52:50,425,+41264697416,transfert,20190513,155250,16384499191,162,559
33458005709,2019-05-13 15:52:50,425,+41264697416,incoming,20190513,155250,16384499228,162,559
33458005730,2019-05-28 17:20:12,160,+41264697416,transfert,20190528,172012,16473018417,162,560
33458005709,2019-05-28 17:20:12,160,+41264697416,incoming,20190528,172012,16473018512,162,560
33458005730,2019-05-24 13:38:18,16,+41788784966,transfert,20190524,133818,16450066565,163,561
33458005709,2019-05-24 13:38:18,16,+41788784966,transfert,20190524,133818,16450066626,163,562
33458005730,2019-05-24 13:38:51,4,+41788784966,transfert,20190524,133851,16450068723,163,563
33458005709,2019-05-24 13:38:51,4,+41788784966,transfert,20190524,133851,16450068707,163,564
33458005730,2019-05-24 15:42:46,5,+41788784966,transfert,20190524,154246,16451017969,163,565
33458005709,2019-05-24 15:42:46,6,+41788784966,transfert,20190524,154246,16451017757,163,566
33458005730,2019-05-27 12:05:29,3,+41788784966,transfert,20190527,120529,16463757258,163,567
33458005709,2019-05-27 12:05:29,3,+41788784966,transfert,20190527,120529,16463757066,163,568
33458005730,2019-05-09 16:37:28,12,+41795393049,transfert,20190509,163728,16363874578,164,569
33458005709,2019-05-09 16:37:28,12,+41795393049,transfert,20190509,163728,16363874835,164,570
33458005730,2019-05-09 16:38:12,4,+41795393049,transfert,20190509,163812,16363879305,164,571
33458005709,2019-05-09 16:38:12,4,+41795393049,transfert,20190509,163812,16363879613,164,572
33458005730,2019-05-09 16:38:40,2,+41795393049,transfert,20190509,163840,16363882121,164,573
33458005709,2019-05-09 16:38:40,2,+41795393049,transfert,20190509,163840,16363882165,164,574
33458005730,2019-05-09 16:39:33,2,+41795393049,transfert,20190509,163933,16363891314,164,575
33458005709,2019-05-09 16:39:33,2,+41795393049,transfert,20190509,163933,16363892283,164,576
33458005730,2019-05-13 09:50:14,181,+41795393049,transfert,20190513,95014,16381448996,164,577
33458005709,2019-05-13 09:50:14,181,+41795393049,incoming,20190513,95014,16381448838,164,577
33458005730,2019-05-28 16:32:43,12,+41797062670,transfert,20190528,163243,16472590841,165,578
33458005709,2019-05-28 16:32:43,12,+41797062670,transfert,20190528,163243,16472590621,165,579
33458005730,2019-05-29 11:02:29,152,+41797062670,transfert,20190529,110229,16476454405,165,580
33458005709,2019-05-29 11:02:29,152,+41797062670,incoming,20190529,110229,16476454314,165,580
33458005730,2019-05-10 13:55:26,11,+41799459951,transfert,20190510,135526,16368989084,166,581
33458005709,2019-05-10 13:55:26,11,+41799459951,transfert,20190510,135526,16368989220,166,582
33458005730,2019-05-10 13:55:48,3,+41799459951,transfert,20190510,135548,16368992840,166,583
33458005707,2019-05-10 13:55:48,3,+41799459951,transfert,20190510,135548,16368992971,166,584
33458005730,2019-05-13 09:24:45,156,+41799459951,transfert,20190513,92445,16381186898,166,585
33458005709,2019-05-13 09:24:45,156,+41799459951,incoming,20190513,92445,16381186751,166,585
33458005730,2019-05-22 09:42:39,111,+41799459951,transfert,20190522,94239,16435642884,166,586
33458005709,2019-05-22 09:42:39,111,+41799459951,incoming,20190522,94239,16435642863,166,586
33458005730,2019-05-23 16:29:43,4,+41799459951,transfert,20190523,162943,16445194127,166,587
33458005709,2019-05-23 16:29:43,4,+41799459951,transfert,20190523,162943,16445193971,166,588
33458005730,2019-05-28 15:56:31,95,+442075626753,transfert,20190528,155631,16472285110,167,589
33458005707,2019-05-28 15:56:31,95,+442075626753,incoming,20190528,155631,16472285077,167,589
33458005730,2019-05-31 14:47:44,45,+442075626753,transfert,20190531,144744,16487211316,167,590
33458005707,2019-05-31 14:47:44,45,+442075626753,incoming,20190531,144744,16487211264,167,590
33458005730,2019-05-07 16:10:16,649,+447794525432,transfert,20190507,161016,16353360301,168,591
33458005707,2019-05-07 16:10:16,649,+447794525432,incoming,20190507,161016,16353360425,168,591
33458005730,2019-05-15 11:47:12,200,+494067380661,transfert,20190515,114712,16395904525,169,592
33458005709,2019-05-15 11:47:12,200,+494067380661,incoming,20190515,114712,16395904460,169,592
33458005730,2019-05-02 11:56:13,16,+594694937374,transfert,20190502,115613,16324783720,170,593
33458005709,2019-05-02 11:56:13,16,+594694937374,transfert,20190502,115613,16324785290,170,594
33458005730,2019-05-02 11:57:15,53,+594694937374,transfert,20190502,115715,16324797158,170,595
33458005709,2019-05-02 11:57:15,53,+594694937374,incoming,20190502,115715,16324798906,170,595
33458005730,2019-05-02 11:59:31,6,+594694937374,transfert,20190502,115931,16324820224,170,596
33458005709,2019-05-02 11:59:31,6,+594694937374,transfert,20190502,115931,16324829014,170,597
33458005730,2019-05-02 11:59:52,10,+594694937374,transfert,20190502,115952,16324823471,170,598
33458005709,2019-05-02 11:59:52,10,+594694937374,transfert,20190502,115952,16324824902,170,599
33458005730,2019-05-02 12:00:57,14,+594694937374,transfert,20190502,120057,16324852800,170,600
33458005709,2019-05-02 12:00:57,14,+594694937374,transfert,20190502,120057,16324852093,170,601
33458005730,2019-05-02 13:58:10,702,+594694937374,transfert,20190502,135810,16325519892,170,602
33458005709,2019-05-02 13:58:10,702,+594694937374,incoming,20190502,135810,16325519977,170,602
33458005730,2019-05-02 14:22:33,1060,+594694937374,transfert,20190502,142233,16325813598,170,603
33458005709,2019-05-02 14:22:33,1060,+594694937374,incoming,20190502,142233,16325813232,170,603
33458005730,2019-05-09 16:55:33,5,+594694937374,transfert,20190509,165533,16364025413,170,604
33458005709,2019-05-09 16:55:33,5,+594694937374,transfert,20190509,165533,16364025013,170,605
33458005730,2019-05-09 16:56:05,278,+594694937374,transfert,20190509,165605,16364071133,170,606
33458005707,2019-05-09 16:56:05,278,+594694937374,incoming,20190509,165605,16364071115,170,606
33458005730,2019-05-13 17:12:54,984,+594694937374,transfert,20190513,171254,16385256392,170,607
33458005709,2019-05-13 17:12:54,984,+594694937374,incoming,20190513,171254,16385256334,170,607
33458005730,2019-05-13 17:46:31,9,+594694937374,transfert,20190513,174631,16385367157,170,608
33458005709,2019-05-13 17:46:32,9,+594694937374,transfert,20190513,174632,16385367791,170,609
33458005730,2019-05-17 14:49:22,7,+594694937374,transfert,20190517,144922,16409853610,170,610
33458005709,2019-05-17 14:49:22,7,+594694937374,transfert,20190517,144922,16409853521,170,611
33458005730,2019-05-17 15:26:11,598,+594694937374,transfert,20190517,152611,16410274681,170,612
33458005709,2019-05-17 15:26:11,598,+594694937374,incoming,20190517,152611,16410274756,170,612
33458005709,2019-05-17 15:58:24,307,+594694937374,incoming,20190517,155824,16410520836,170,612
33458005709,2019-05-17 16:10:17,10,+594694937374,transfert,20190517,161017,16410585645,170,613
33458005709,2019-05-17 16:12:43,5,+594694937374,transfert,20190517,161243,16410608425,170,614
33458005709,2019-05-17 16:32:15,551,+594694937374,incoming,20190517,163215,16410850299,170,614
33458005709,2019-05-17 16:57:34,315,+594694937374,incoming,20190517,165734,16411018049,170,614
33458005709,2019-05-17 17:13:17,0,+594694937374,miss,20190517,171317,16411095254,170,614
33458005709,2019-05-17 17:13:30,156,+594694937374,incoming,20190517,171330,16411116322,170,614
33458005730,2019-05-31 16:28:50,253,+594694937374,transfert,20190531,162850,16487945924,170,615
33458005709,2019-05-31 16:28:50,253,+594694937374,incoming,20190531,162850,16487945956,170,615
33458005709,2019-05-31 17:44:54,5,+594694937374,transfert,20190531,174454,16488412336,170,616
33458005730,2019-05-31 17:46:34,8,+594694937374,transfert,20190531,174634,16488421988,170,617
33458005709,2019-05-31 17:46:34,8,+594694937374,transfert,20190531,174634,16488422026,170,618
33458005730,2019-05-13 14:05:09,773,anonymous,transfert,20190513,140509,16383517533,171,619
33458005707,2019-05-13 14:05:09,773,anonymous,incoming,20190513,140509,16383517442,171,619
33458005709,2019-05-14 09:25:44,5,anonymous,transfert,20190514,92544,16387739069,171,620
33458005709,2019-05-14 09:27:10,6,anonymous,transfert,20190514,92710,16387751365,171,621
33458005709,2019-05-14 09:40:14,5,anonymous,transfert,20190514,94014,16387873238,171,622
33458005709,2019-05-14 09:43:05,10,anonymous,transfert,20190514,94305,16387908485,171,623
33458005709,2019-05-14 10:44:21,4,anonymous,transfert,20190514,104421,16388553147,171,624
33458005709,2019-05-17 10:27:37,179,anonymous,incoming,20190517,102737,16407833418,171,624
33458005730,2019-05-28 14:24:56,20,anonymous,transfert,20190528,142456,16471400676,171,625
33458005709,2019-05-28 14:24:56,20,anonymous,transfert,20190528,142456,16471400694,171,626
33458005730,2019-05-28 14:26:30,6,anonymous,transfert,20190528,142630,16471415282,171,627
33458005709,2019-05-28 14:26:30,6,anonymous,transfert,20190528,142630,16471415386,171,628
33458005730,2019-05-28 15:37:51,416,anonymous,transfert,20190528,153751,16472163001,171,629
33458005707,2019-05-28 15:37:51,416,anonymous,incoming,20190528,153751,16472162872,171,629
33458005730,2019-05-29 09:23:42,87,anonymous,transfert,20190529,92342,16475461799,171,630
33458005707,2019-05-29 09:23:42,87,anonymous,incoming,20190529,92342,16475461908,171,630
33458005730,2019-05-29 11:46:04,0,anonymous,transfert,20190529,114604,16476855526,171,631
33458005707,2019-05-29 11:46:04,0,anonymous,miss,20190529,114604,16476855798,171,631
33458005730,2019-05-29 15:18:14,84,anonymous,transfert,20190529,151814,16478277042,171,632
33458005707,2019-05-29 15:18:14,84,anonymous,incoming,20190529,151814,16478276966,171,632
