phoneLine,datetime,duration,callingNumber,nature,date,time,idkey,customerCount,callCount
33458005730,2020-12-09 16:18:33,671,+14015005130,transfert,20201209,161833,19238493078,1,1
33458005709,2020-12-09 16:18:33,671,+14015005130,incoming,20201209,161833,19238492892,1,1
33458005730,2020-12-22 15:50:46,235,+14015005130,transfert,20201222,155046,19290662707,1,2
33458005709,2020-12-22 15:50:46,235,+14015005130,incoming,20201222,155046,19290662752,1,2
33458005730,2020-12-23 15:31:00,169,+14015005130,transfert,20201223,153100,19295061989,1,3
33458005709,2020-12-23 15:31:00,169,+14015005130,incoming,20201223,153100,19295062000,1,3
33458005730,2020-12-23 16:16:45,18,+14015005130,transfert,20201223,161645,19295385270,1,4
33458005709,2020-12-23 16:16:45,18,+14015005130,incoming,20201223,161645,19295385476,1,4
33458005730,2020-12-23 16:17:37,108,+14015005130,transfert,20201223,161737,19295401275,1,5
33458005709,2020-12-23 16:17:37,108,+14015005130,incoming,20201223,161737,19295401182,1,5
33458005730,2020-12-23 17:20:15,0,+14015005130,transfert,20201223,172015,19295808812,1,6
33458005709,2020-12-23 17:20:15,0,+14015005130,miss,20201223,172015,19295808777,1,6
33458005730,2020-12-23 17:20:32,1147,+14015005130,transfert,20201223,172032,19295910930,1,7
33458005709,2020-12-23 17:20:32,1147,+14015005130,incoming,20201223,172032,19295910939,1,7
33458005730,2020-12-11 14:06:56,9,+212612868138,transfert,20201211,140656,19247784985,2,8
33458005707,2020-12-11 14:06:56,9,+212612868138,transfert,20201211,140656,19247785323,2,9
33458005730,2020-12-11 14:07:53,147,+212612868138,transfert,20201211,140753,19247818971,2,10
33458005707,2020-12-11 14:07:53,147,+212612868138,incoming,20201211,140753,19247818928,2,10
33458005730,2020-12-22 16:32:30,146,+22228225822,transfert,20201222,163230,19291007895,3,11
33458005707,2020-12-22 16:32:30,146,+22228225822,incoming,20201222,163230,19291007977,3,11
33458005730,2020-12-01 09:03:44,9,+22625325065,transfert,20201201,90344,19199946001,4,12
33458005709,2020-12-01 09:03:44,9,+22625325065,transfert,20201201,90344,19199945770,4,13
33458005730,2020-12-01 09:04:29,6,+22625325065,transfert,20201201,90429,19199951622,4,14
33458005707,2020-12-01 09:04:29,6,+22625325065,incoming,20201201,90429,19199951665,4,14
33458005730,2020-12-01 09:56:58,160,+22625325065,transfert,20201201,95658,19200510747,4,15
33458005709,2020-12-01 09:56:58,160,+22625325065,incoming,20201201,95658,19200510507,4,15
33458005730,2020-12-01 15:45:20,167,+22625325065,transfert,20201201,154520,19203658725,4,16
33458005709,2020-12-01 15:45:20,167,+22625325065,incoming,20201201,154520,19203658148,4,16
33458005730,2020-12-15 14:22:16,560,+23059440365,transfert,20201215,142216,19261344616,5,17
33458005709,2020-12-15 14:22:16,560,+23059440365,incoming,20201215,142216,19261344679,5,17
33458005730,2020-12-16 14:36:43,54,+262262518357,transfert,20201216,143643,19266994455,6,18
33458005707,2020-12-16 14:36:43,54,+262262518357,incoming,20201216,143643,19266994539,6,18
33458005730,2020-12-04 14:06:28,18,+31621181893,transfert,20201204,140628,19218313775,7,19
33458005709,2020-12-04 14:06:28,18,+31621181893,transfert,20201204,140628,19218313888,7,20
33458005730,2020-12-04 14:07:36,4,+31621181893,transfert,20201204,140736,19218323502,7,21
33458005709,2020-12-04 14:07:36,4,+31621181893,transfert,20201204,140736,19218323438,7,22
33458005730,2020-12-04 14:11:38,111,+31621181893,transfert,20201204,141138,19218378472,7,23
33458005709,2020-12-04 14:11:38,111,+31621181893,incoming,20201204,141138,19218378540,7,23
33458005730,2020-12-04 14:46:26,124,+31621181893,transfert,20201204,144626,19218724773,7,24
33458005709,2020-12-04 14:46:26,124,+31621181893,incoming,20201204,144626,19218725168,7,24
33458005730,2020-12-09 09:38:50,177,+31621181893,transfert,20201209,93850,19234865865,7,25
33458005709,2020-12-09 09:38:50,177,+31621181893,incoming,20201209,93850,19234865476,7,25
33458005730,2020-12-02 15:56:28,837,+31653817181,transfert,20201202,155628,19209150220,8,26
33458005709,2020-12-02 15:56:28,837,+31653817181,incoming,20201202,155628,19209150494,8,26
33458005730,2020-12-02 14:16:03,172,+32477377633,transfert,20201202,141603,19208071497,9,27
33458005709,2020-12-02 14:16:03,172,+32477377633,incoming,20201202,141603,19208071833,9,27
33458005730,2020-12-02 14:47:14,18,+32477377633,transfert,20201202,144714,19208356631,9,28
33458005707,2020-12-02 14:47:14,18,+32477377633,transfert,20201202,144714,19208356835,9,29
33458005730,2020-12-02 14:56:32,179,+32477377633,transfert,20201202,145632,19208467559,9,30
33458005707,2020-12-02 14:56:32,179,+32477377633,incoming,20201202,145632,19208467312,9,30
33458005730,2020-12-07 14:18:08,62,+32491515162,transfert,20201207,141808,19225982428,10,31
33458005709,2020-12-07 14:18:08,62,+32491515162,incoming,20201207,141808,19225982667,10,31
33458005730,2020-12-18 14:22:17,134,+3256260680,transfert,20201218,142217,19277526573,11,32
33458005707,2020-12-18 14:22:18,134,+3256260680,incoming,20201218,142218,19277526319,11,32
33458005730,2020-12-09 15:24:17,220,+33172870152,transfert,20201209,152417,19237921852,12,33
33458005709,2020-12-09 15:24:17,220,+33172870152,incoming,20201209,152417,19237921487,12,33
33458005730,2020-12-09 15:45:58,34,+33172870152,transfert,20201209,154558,19238103367,12,34
33458005709,2020-12-09 15:45:58,34,+33172870152,incoming,20201209,154558,19238103545,12,34
33458005730,2020-12-14 14:09:50,88,+33231062020,transfert,20201214,140950,19255394885,13,35
33458005707,2020-12-14 14:09:50,88,+33231062020,incoming,20201214,140950,19255395353,13,35
33458005730,2020-12-14 15:09:16,147,+33231062020,transfert,20201214,150916,19256057540,13,36
33458005707,2020-12-14 15:09:16,147,+33231062020,incoming,20201214,150916,19256057639,13,36
33458005730,2020-12-14 15:13:33,51,+33231062020,transfert,20201214,151333,19256086049,13,37
33458005707,2020-12-14 15:13:33,51,+33231062020,incoming,20201214,151333,19256086219,13,37
33458005730,2020-12-15 10:51:20,134,+33231062020,transfert,20201215,105120,19259563791,13,38
33458005707,2020-12-15 10:51:20,134,+33231062020,incoming,20201215,105120,19259564572,13,38
33458005730,2020-12-16 11:03:45,12,+33231062020,transfert,20201216,110345,19265336456,13,39
33458005707,2020-12-16 11:03:46,12,+33231062020,incoming,20201216,110346,19265336804,13,39
33458005730,2020-12-16 16:39:34,85,+33231062020,transfert,20201216,163934,19268173374,13,40
33458005707,2020-12-16 16:39:34,85,+33231062020,incoming,20201216,163934,19268173365,13,40
33458005730,2020-12-17 10:58:56,263,+33231062020,transfert,20201217,105856,19270675553,13,41
33458005707,2020-12-17 10:58:56,263,+33231062020,incoming,20201217,105856,19271139799,13,41
33458005730,2020-12-22 11:59:49,5,+33231069898,transfert,20201222,115949,19289033034,14,42
33458005707,2020-12-22 11:59:49,5,+33231069898,transfert,20201222,115949,19289033351,14,43
33458005730,2020-12-16 10:02:50,51,+33232744872,transfert,20201216,100250,19264643128,15,44
33458005707,2020-12-16 10:02:50,51,+33232744872,incoming,20201216,100250,19264643143,15,44
33458005730,2020-12-16 11:46:01,13,+33232744872,transfert,20201216,114601,19265826807,15,45
33458005707,2020-12-16 11:46:01,13,+33232744872,incoming,20201216,114601,19265827593,15,45
33458005730,2020-12-17 09:42:09,41,+33233431601,transfert,20201217,94209,19269843037,16,46
33458005707,2020-12-17 09:42:09,41,+33233431601,incoming,20201217,94209,19269843156,16,46
33458005730,2020-12-17 10:02:58,5,+33233431601,transfert,20201217,100258,19270093495,16,47
33458005707,2020-12-17 10:02:58,5,+33233431601,incoming,20201217,100258,19270093416,16,47
33458005730,2020-12-04 09:26:24,24,+33237642407,transfert,20201204,92624,19216025105,17,48
33458005709,2020-12-04 09:26:24,24,+33237642407,transfert,20201204,92624,19216025197,17,49
33458005730,2020-12-04 14:52:05,10,+33240478823,transfert,20201204,145205,19218762199,18,50
33458005707,2020-12-04 14:52:05,10,+33240478823,transfert,20201204,145205,19218762757,18,51
33458005730,2020-12-04 14:52:54,10,+33240478823,transfert,20201204,145254,19218770958,18,52
33458005707,2020-12-04 14:52:54,10,+33240478823,transfert,20201204,145254,19218770934,18,53
33458005730,2020-12-04 14:59:24,6,+33240478823,transfert,20201204,145924,19218833052,18,54
33458005707,2020-12-04 14:59:24,6,+33240478823,transfert,20201204,145924,19218833314,18,55
33458005730,2020-12-01 09:22:55,46,+33240862442,transfert,20201201,92255,19200132843,19,56
33458005709,2020-12-01 09:22:55,46,+33240862442,incoming,20201201,92255,19200132985,19,56
33458005730,2020-12-04 15:53:06,31,+33243466467,transfert,20201204,155306,19219350994,20,57
33458005707,2020-12-04 15:53:06,31,+33243466467,incoming,20201204,155306,19219350729,20,57
33458005730,2020-12-04 09:31:14,96,+33243988560,transfert,20201204,93114,19216081250,21,58
33458005707,2020-12-04 09:31:14,96,+33243988560,incoming,20201204,93114,19216081279,21,58
33458005730,2020-12-02 11:49:19,102,+33254745426,transfert,20201202,114919,19207209244,22,59
33458005707,2020-12-02 11:49:19,102,+33254745426,incoming,20201202,114919,19207209419,22,59
33458005730,2020-12-10 16:36:33,27,+33254745426,transfert,20201210,163633,19243888252,22,60
33458005707,2020-12-10 16:36:33,27,+33254745426,incoming,20201210,163633,19243888119,22,60
33458005730,2020-12-18 16:51:36,364,+33254745426,transfert,20201218,165136,19278885191,22,61
33458005707,2020-12-18 16:51:36,364,+33254745426,incoming,20201218,165136,19278885550,22,61
33458005730,2020-12-11 15:24:10,69,+33258090094,transfert,20201211,152410,19248595685,23,62
33458005707,2020-12-11 15:24:10,69,+33258090094,incoming,20201211,152410,19248595593,23,62
33458005730,2020-12-11 17:00:52,24,+33258090094,transfert,20201211,170052,19249476510,23,63
33458005707,2020-12-11 17:00:52,24,+33258090094,transfert,20201211,170052,19249476525,23,64
33458005730,2020-12-11 17:02:11,16,+33258090094,transfert,20201211,170211,19249485101,23,65
33458005707,2020-12-11 17:02:11,16,+33258090094,transfert,20201211,170211,19249484999,23,66
33458005730,2020-12-11 17:03:11,8,+33258090094,transfert,20201211,170311,19249490617,23,67
33458005709,2020-12-11 17:03:11,8,+33258090094,transfert,20201211,170311,19249490589,23,68
33458005730,2020-12-15 14:56:39,60,+33258090094,transfert,20201215,145639,19261631408,23,69
33458005707,2020-12-15 14:56:39,60,+33258090094,incoming,20201215,145639,19261631816,23,69
33458005730,2020-12-22 09:18:37,23,+33258090094,transfert,20201222,91837,19287419481,23,70
33458005709,2020-12-22 09:18:37,23,+33258090094,transfert,20201222,91837,19287418386,23,71
33458005730,2020-12-22 09:27:02,306,+33258090094,transfert,20201222,92702,19287537554,23,72
33458005709,2020-12-22 09:27:02,306,+33258090094,incoming,20201222,92702,19287537567,23,72
33458005730,2020-12-11 10:45:08,346,+33298282390,transfert,20201211,104508,19246292151,24,73
33458005709,2020-12-11 10:45:08,346,+33298282390,incoming,20201211,104508,19246292301,24,73
33458005730,2020-12-23 15:12:24,9,+33326474151,transfert,20201223,151224,19294890500,25,74
33458005707,2020-12-23 15:12:24,9,+33326474151,incoming,20201223,151224,19294890550,25,74
33458005730,2020-12-15 09:45:02,116,+33344927100,transfert,20201215,94502,19258729511,26,75
33458005707,2020-12-15 09:45:02,116,+33344927100,incoming,20201215,94502,19258728394,26,75
33458005730,2020-12-11 11:56:20,659,+33374590034,transfert,20201211,115620,19247127515,27,76
33458005707,2020-12-11 11:56:20,659,+33374590034,incoming,20201211,115620,19247127494,27,76
33458005730,2020-12-16 09:48:53,6,+33374590034,transfert,20201216,94853,19264487396,27,77
33458005707,2020-12-16 09:48:53,6,+33374590034,incoming,20201216,94853,19264486305,27,77
33458005730,2020-12-16 09:51:29,620,+33374590034,transfert,20201216,95129,19264622698,27,78
33458005707,2020-12-16 09:51:29,620,+33374590034,incoming,20201216,95129,19264621972,27,78
33458005730,2020-12-04 15:00:12,13,+33380240187,transfert,20201204,150012,19218839320,28,79
33458005707,2020-12-04 15:00:12,13,+33380240187,transfert,20201204,150012,19218839599,28,80
33458005730,2020-12-04 15:01:13,6,+33380240187,transfert,20201204,150113,19218849277,28,81
33458005707,2020-12-04 15:01:13,6,+33380240187,transfert,20201204,150113,19218849461,28,82
33458005730,2020-12-08 10:59:14,21,+33380537171,transfert,20201208,105914,19230139658,29,83
33458005709,2020-12-08 10:59:14,21,+33380537171,transfert,20201208,105914,19230139420,29,84
33458005730,2020-12-08 11:07:30,622,+33380537171,transfert,20201208,110730,19230367847,29,85
33458005709,2020-12-08 11:07:30,622,+33380537171,incoming,20201208,110730,19230367461,29,85
33458005730,2020-12-01 15:37:50,35,+33385842116,transfert,20201201,153750,19203561360,30,86
33458005707,2020-12-01 15:37:50,35,+33385842116,incoming,20201201,153750,19203560786,30,86
33458005730,2020-12-08 15:58:54,100,+33385981600,transfert,20201208,155854,19232824704,31,87
33458005707,2020-12-08 15:58:54,100,+33385981600,incoming,20201208,155854,19232824774,31,87
33458005730,2020-12-21 09:55:04,73,+33388159700,transfert,20201221,95504,19282607081,32,88
33458005707,2020-12-21 09:55:04,73,+33388159700,incoming,20201221,95504,19282607227,32,88
33458005730,2020-12-03 17:45:20,239,+33388207700,transfert,20201203,174520,19215109769,33,89
33458005707,2020-12-03 17:45:20,239,+33388207700,incoming,20201203,174520,19215109728,33,89
33458005730,2020-12-02 17:59:04,322,+33427180240,transfert,20201202,175904,19209970520,34,90
33458005707,2020-12-02 17:59:04,322,+33427180240,incoming,20201202,175904,19209970521,34,90
33458005730,2020-12-07 11:10:46,80,+33427180240,transfert,20201207,111046,19224548064,34,91
33458005707,2020-12-07 11:10:46,80,+33427180240,incoming,20201207,111046,19224547506,34,91
33458005730,2020-12-08 09:08:04,66,+33427180240,transfert,20201208,90804,19228860881,34,92
33458005707,2020-12-08 09:08:04,66,+33427180240,incoming,20201208,90804,19228861129,34,92
33458001861,2020-12-10 08:53:48,30,+33438021484,incoming,20201210,85348,19239694687,35,93
33458005730,2020-12-03 16:09:11,133,+33456141963,transfert,20201203,160911,19214349307,36,94
33458005707,2020-12-03 16:09:11,133,+33456141963,incoming,20201203,160911,19214348830,36,94
33458005730,2020-12-08 10:06:47,36,+33456141963,transfert,20201208,100647,19229496054,36,95
33458005707,2020-12-08 10:06:47,36,+33456141963,incoming,20201208,100647,19229495376,36,95
33458005730,2020-12-02 17:04:45,308,+33456585800,transfert,20201202,170445,19209658265,37,96
33458005707,2020-12-02 17:04:45,308,+33456585800,incoming,20201202,170445,19209658226,37,96
33458001003,2020-12-01 14:26:54,0,+33458005730,miss,20201201,142654,19202813769,38,97
33458001003,2020-12-01 14:27:09,573,+33458005730,incoming,20201201,142709,19202914486,38,97
33458005709,2020-12-14 15:24:40,549,+33458005730,incoming,20201214,152440,19256296498,38,97
33458005730,2020-12-01 10:21:54,338,+33466525818,transfert,20201201,102154,19200847357,39,98
33458005709,2020-12-01 10:21:54,338,+33466525818,incoming,20201201,102154,19200846947,39,98
33458005730,2020-12-01 16:19:54,86,+33466525818,transfert,20201201,161954,19203994838,39,99
33458005709,2020-12-01 16:19:54,86,+33466525818,incoming,20201201,161954,19203994748,39,99
33458005730,2020-12-03 14:54:37,150,+33466525818,transfert,20201203,145437,19213612880,39,100
33458005709,2020-12-03 14:54:37,150,+33466525818,incoming,20201203,145437,19213612833,39,100
33458001861,2020-12-18 09:35:40,56,+33467068029,incoming,20201218,93540,19275160489,40,101
33458005730,2020-12-09 11:01:47,12,+33475371657,transfert,20201209,110147,19235767108,41,102
33458005707,2020-12-09 11:01:47,12,+33475371657,transfert,20201209,110147,19235767070,41,103
33458001861,2020-12-08 09:49:46,109,+33475818416,incoming,20201208,94946,19229316186,42,104
33458001861,2020-12-21 14:18:56,11,+33475818433,transfert,20201221,141856,19284821105,43,105
33458001861,2020-12-21 14:20:04,81,+33475818433,incoming,20201221,142004,19284845743,43,105
33458005730,2020-12-16 10:48:58,126,+33476234343,transfert,20201216,104858,19265193228,44,106
33458005707,2020-12-16 10:48:58,126,+33476234343,incoming,20201216,104858,19265193441,44,106
33458005730,2020-12-16 11:28:31,3,+33476234343,transfert,20201216,112831,19265631340,44,107
33458005707,2020-12-16 11:28:31,3,+33476234343,incoming,20201216,112831,19265629970,44,107
33458005730,2020-12-16 11:38:54,7,+33476234343,transfert,20201216,113854,19265744584,44,108
33458005707,2020-12-16 11:38:54,7,+33476234343,incoming,20201216,113854,19265745207,44,108
33458001861,2020-12-04 14:18:05,68,+33476234349,incoming,20201204,141805,19218435143,45,109
33458001861,2020-12-02 14:43:49,16,+33476249663,transfert,20201202,144349,19208323882,46,110
33458005730,2020-12-14 15:05:23,42,+33476444492,transfert,20201214,150523,19255997801,47,111
33458005707,2020-12-14 15:05:23,42,+33476444492,incoming,20201214,150523,19255998419,47,111
33458001861,2020-12-04 10:14:27,302,+33476580988,incoming,20201204,101427,19216565561,48,112
33458001861,2020-12-14 15:03:47,41,+33476668548,incoming,20201214,150347,19255981194,49,113
33458001861,2020-12-02 09:09:50,35,+33476844790,incoming,20201202,90950,19205490692,50,114
33458005730,2020-12-18 14:16:10,166,+33476860714,transfert,20201218,141610,19277474825,51,115
33458005709,2020-12-18 14:16:10,166,+33476860714,incoming,20201218,141610,19277474751,51,115
33458001861,2020-12-18 13:37:38,9,+33476918446,transfert,20201218,133738,19277183275,52,116
33458005707,2020-12-11 08:32:12,6,+33476960350,incoming,20201211,83212,19245024460,53,117
33458005730,2020-12-02 11:44:55,100,+33487931488,transfert,20201202,114455,19207158453,54,118
33458005707,2020-12-02 11:44:55,100,+33487931488,incoming,20201202,114455,19207159562,54,118
33458005730,2020-12-01 10:31:59,171,+33540713490,transfert,20201201,103159,19200930134,55,119
33458005707,2020-12-01 10:31:59,171,+33540713490,incoming,20201201,103159,19200930424,55,119
33458005730,2020-12-07 16:12:27,17,+33540713490,transfert,20201207,161227,19227230316,55,120
33458005709,2020-12-07 16:12:27,17,+33540713490,incoming,20201207,161227,19227229868,55,120
33458005730,2020-12-10 17:08:30,7,+33540713490,transfert,20201210,170830,19244171630,55,121
33458005709,2020-12-10 17:08:31,7,+33540713490,transfert,20201210,170831,19244170977,55,122
33458005730,2020-12-11 14:03:56,299,+33540713490,transfert,20201211,140356,19247800701,55,123
33458005709,2020-12-11 14:03:56,299,+33540713490,incoming,20201211,140356,19247800815,55,123
33458005730,2020-12-11 16:00:50,239,+33540713490,transfert,20201211,160050,19248982021,55,124
33458005709,2020-12-11 16:00:50,239,+33540713490,incoming,20201211,160050,19248982026,55,124
33458005730,2020-12-14 14:46:47,5,+33540713490,transfert,20201214,144647,19255794882,55,125
33458005709,2020-12-14 14:46:47,5,+33540713490,transfert,20201214,144647,19255794936,55,126
33458005730,2020-12-14 14:47:39,8,+33540713490,transfert,20201214,144739,19255803514,55,127
33458005709,2020-12-14 14:47:39,8,+33540713490,transfert,20201214,144739,19255803860,55,128
33458005730,2020-12-14 15:18:16,7,+33540713490,transfert,20201214,151816,19256134922,55,129
33458005709,2020-12-14 15:18:16,7,+33540713490,transfert,20201214,151816,19256135129,55,130
33458005730,2020-12-14 16:12:03,378,+33540713490,transfert,20201214,161203,19256762282,55,131
33458005709,2020-12-14 16:12:03,378,+33540713490,incoming,20201214,161203,19256762333,55,131
33458005730,2020-12-02 09:33:55,6,+33553672626,transfert,20201202,93355,19205717344,56,132
33458005709,2020-12-02 09:33:55,6,+33553672626,transfert,20201202,93355,19205716641,56,133
33458005730,2020-12-02 09:34:53,10,+33553672626,transfert,20201202,93453,19205722820,56,134
33458005707,2020-12-02 09:34:53,10,+33553672626,transfert,20201202,93453,19205723076,56,135
33458005730,2020-12-09 11:23:56,550,+33553672626,transfert,20201209,112356,19236122517,56,136
33458005709,2020-12-09 11:23:56,550,+33553672626,incoming,20201209,112356,19236122245,56,136
33458005730,2020-12-21 10:24:38,10,+33554530307,transfert,20201221,102438,19282936054,57,137
33458005709,2020-12-21 10:24:38,10,+33554530307,transfert,20201221,102438,19282934682,57,138
33458005730,2020-12-21 10:25:21,5,+33554530307,transfert,20201221,102521,19282939008,57,139
33458005709,2020-12-21 10:25:21,5,+33554530307,transfert,20201221,102521,19282939506,57,140
33458005730,2020-12-21 10:26:04,74,+33554530307,transfert,20201221,102604,19282958703,57,141
33458005707,2020-12-21 10:26:04,74,+33554530307,incoming,20201221,102604,19282957997,57,141
33458005730,2020-12-24 10:32:32,430,+33554530307,transfert,20201224,103232,19297148721,57,142
33458005709,2020-12-24 10:32:32,430,+33554530307,incoming,20201224,103232,19297148971,57,142
33458005730,2020-12-11 14:34:47,333,+33555361373,transfert,20201211,143447,19248135026,58,143
33458005709,2020-12-11 14:34:47,333,+33555361373,incoming,20201211,143447,19248134629,58,143
33458005730,2020-12-21 11:09:06,651,+33556466800,transfert,20201221,110906,19283543313,59,144
33458005707,2020-12-21 11:09:06,651,+33556466800,incoming,20201221,110906,19283543401,59,144
33458005730,2020-12-22 10:07:01,396,+33556466800,transfert,20201222,100701,19287940104,59,145
33458005707,2020-12-22 10:07:01,396,+33556466800,incoming,20201222,100701,19287939764,59,145
33458005730,2020-12-15 14:55:12,10,+33603020980,transfert,20201215,145512,19261610204,60,146
33458005709,2020-12-15 14:55:12,10,+33603020980,transfert,20201215,145512,19261610144,60,147
33458005730,2020-12-15 14:56:55,270,+33603020980,transfert,20201215,145655,19261673708,60,148
33458005709,2020-12-15 14:56:55,270,+33603020980,incoming,20201215,145655,19261673305,60,148
33458005730,2020-12-21 09:30:21,10,+33603020980,transfert,20201221,93021,19282340672,60,149
33458005709,2020-12-21 09:30:21,10,+33603020980,transfert,20201221,93021,19282340341,60,150
33458005730,2020-12-02 10:12:56,6,+33603693302,transfert,20201202,101256,19206129128,61,151
33458005707,2020-12-02 10:12:56,6,+33603693302,transfert,20201202,101256,19206129663,61,152
33458005730,2020-12-02 10:29:35,207,+33603693302,transfert,20201202,102935,19206361087,61,153
33458005707,2020-12-02 10:29:35,207,+33603693302,incoming,20201202,102935,19206361280,61,153
33458005730,2020-12-02 14:40:22,4,+33603693302,transfert,20201202,144022,19208288852,61,154
33458005707,2020-12-02 14:40:22,4,+33603693302,transfert,20201202,144022,19208288690,61,155
33458005730,2020-12-02 14:41:09,201,+33603693302,transfert,20201202,144109,19208323759,61,156
33458005709,2020-12-02 14:41:09,201,+33603693302,incoming,20201202,144109,19208323870,61,156
33458005730,2020-12-21 15:50:41,10,+33607262077,transfert,20201221,155041,19285715365,62,157
33458005709,2020-12-21 15:50:41,10,+33607262077,transfert,20201221,155041,19285715355,62,158
33458005730,2020-12-21 15:51:50,1,+33607262077,transfert,20201221,155150,19285720746,62,159
33458005707,2020-12-21 15:51:50,1,+33607262077,incoming,20201221,155150,19285720450,62,159
33458005730,2020-12-21 15:52:29,4,+33607262077,transfert,20201221,155229,19285729446,62,160
33458005709,2020-12-21 15:52:29,4,+33607262077,transfert,20201221,155229,19285729174,62,161
33458005730,2020-12-21 15:59:41,8,+33607262077,transfert,20201221,155941,19285799125,62,162
33458005709,2020-12-21 15:59:41,8,+33607262077,transfert,20201221,155941,19285799450,62,163
33458005730,2020-12-21 16:00:25,132,+33607262077,transfert,20201221,160025,19285822294,62,164
33458005707,2020-12-21 16:00:25,132,+33607262077,incoming,20201221,160025,19285822042,62,164
33458005730,2020-12-02 17:48:44,9,+33607426837,transfert,20201202,174844,19209896630,63,165
33458005709,2020-12-02 17:48:44,9,+33607426837,transfert,20201202,174844,19209896585,63,166
33458005730,2020-12-08 09:25:39,4,+33607426837,transfert,20201208,92539,19229030111,63,167
33458005709,2020-12-08 09:25:39,4,+33607426837,transfert,20201208,92539,19229030482,63,168
33458005730,2020-12-09 09:26:41,7,+33607426837,transfert,20201209,92641,19234716607,63,169
33458005709,2020-12-09 09:26:41,7,+33607426837,transfert,20201209,92641,19234716110,63,170
33458005730,2020-12-09 09:27:24,119,+33607426837,transfert,20201209,92724,19234739748,63,171
33458005707,2020-12-09 09:27:24,119,+33607426837,incoming,20201209,92724,19234739455,63,171
33458005730,2020-12-10 11:57:30,4,+33607426837,transfert,20201210,115730,19241671265,63,172
33458005707,2020-12-10 11:57:30,4,+33607426837,incoming,20201210,115730,19241670321,63,172
33458005730,2020-12-10 11:58:17,5,+33607426837,transfert,20201210,115817,19241677853,63,173
33458005709,2020-12-10 11:58:17,5,+33607426837,transfert,20201210,115817,19241677797,63,174
33458005730,2020-12-10 15:42:01,44,+33607426837,transfert,20201210,154201,19243362976,63,175
33458005707,2020-12-10 15:42:01,44,+33607426837,incoming,20201210,154201,19243363116,63,175
33458005730,2020-12-11 14:03:14,180,+33607426837,transfert,20201211,140314,19247771637,63,176
33458005707,2020-12-11 14:03:14,180,+33607426837,incoming,20201211,140314,19247770177,63,176
33458005730,2020-12-21 09:10:27,3,+33607426837,transfert,20201221,91027,19282133099,63,177
33458005707,2020-12-21 09:10:27,3,+33607426837,incoming,20201221,91027,19282134073,63,177
33458005730,2020-12-21 09:10:58,43,+33607426837,transfert,20201221,91058,19282142919,63,178
33458005707,2020-12-21 09:10:58,43,+33607426837,incoming,20201221,91058,19282143900,63,178
33458005730,2020-12-21 09:35:19,8,+33607426837,transfert,20201221,93519,19282389728,63,179
33458005707,2020-12-21 09:35:19,8,+33607426837,incoming,20201221,93519,19282389755,63,179
33458005730,2020-12-21 14:04:04,4,+33607426837,transfert,20201221,140404,19284666463,63,180
33458005707,2020-12-21 14:04:04,4,+33607426837,incoming,20201221,140404,19284666636,63,180
33458005730,2020-12-21 14:04:41,4,+33607426837,transfert,20201221,140441,19284671857,63,181
33458005709,2020-12-21 14:04:41,4,+33607426837,transfert,20201221,140441,19284671869,63,182
33458005730,2020-12-21 14:05:20,8,+33607426837,transfert,20201221,140520,19284674793,63,183
33458005707,2020-12-21 14:05:20,8,+33607426837,incoming,20201221,140520,19284675354,63,183
33458005730,2020-12-21 14:10:04,3,+33607426837,transfert,20201221,141004,19284727073,63,184
33458005709,2020-12-21 14:10:04,3,+33607426837,transfert,20201221,141004,19284727526,63,185
33458005730,2020-12-21 14:10:41,2,+33607426837,transfert,20201221,141041,19284732644,63,186
33458005707,2020-12-21 14:10:41,2,+33607426837,incoming,20201221,141041,19284732626,63,186
33458005730,2020-12-21 14:17:21,2,+33607426837,transfert,20201221,141721,19284802298,63,187
33458005707,2020-12-21 14:17:21,2,+33607426837,incoming,20201221,141721,19284802373,63,187
33458005730,2020-12-21 14:17:52,12,+33607426837,transfert,20201221,141752,19284808850,63,188
33458005709,2020-12-21 14:17:52,12,+33607426837,transfert,20201221,141752,19284808877,63,189
33458005730,2020-12-21 14:20:22,0,+33607426837,transfert,20201221,142022,19284831573,63,190
33458005707,2020-12-21 14:20:22,0,+33607426837,miss,20201221,142022,19284831195,63,190
33458005730,2020-12-21 14:28:03,323,+33607426837,transfert,20201221,142803,19284961279,63,191
33458005707,2020-12-21 14:28:03,323,+33607426837,incoming,20201221,142803,19284961444,63,191
33458005730,2020-12-10 10:18:31,294,+33607435843,transfert,20201210,101831,19240591481,64,192
33458005709,2020-12-10 10:18:31,294,+33607435843,incoming,20201210,101831,19240592238,64,192
33458005730,2020-12-14 14:54:03,4,+33607435843,transfert,20201214,145403,19255872448,64,193
33458005709,2020-12-14 14:54:03,4,+33607435843,transfert,20201214,145403,19255872401,64,194
33458005730,2020-12-14 14:54:42,3,+33607435843,transfert,20201214,145442,19255880908,64,195
33458005709,2020-12-14 14:54:42,3,+33607435843,transfert,20201214,145442,19255880952,64,196
33458005730,2020-12-14 14:55:43,4,+33607435843,transfert,20201214,145543,19255892622,64,197
33458005709,2020-12-14 14:55:43,4,+33607435843,transfert,20201214,145543,19255892560,64,198
33458005730,2020-12-14 15:30:27,4,+33607435843,transfert,20201214,153027,19256262789,64,199
33458005709,2020-12-14 15:30:27,4,+33607435843,transfert,20201214,153027,19256262448,64,200
33458005709,2020-12-04 10:44:11,305,+33607559403,incoming,20201204,104411,19216891169,65,201
33458005730,2020-12-16 15:24:06,50,+33608031810,transfert,20201216,152406,19267471418,66,202
33458005709,2020-12-16 15:24:06,50,+33608031810,incoming,20201216,152406,19267471670,66,202
33458005730,2020-12-01 15:25:09,36,+33608106241,transfert,20201201,152509,19203427432,67,203
33458005709,2020-12-01 15:25:09,36,+33608106241,incoming,20201201,152509,19203427941,67,203
33458005730,2020-12-01 15:49:07,153,+33608106241,transfert,20201201,154907,19203696951,67,204
33458005709,2020-12-01 15:49:07,153,+33608106241,incoming,20201201,154907,19203696452,67,204
33458005730,2020-12-02 16:11:17,732,+33608106241,transfert,20201202,161117,19209269577,67,205
33458005709,2020-12-02 16:11:17,732,+33608106241,incoming,20201202,161117,19209269981,67,205
33458005730,2020-12-07 09:36:40,197,+33608106241,transfert,20201207,93640,19223424251,67,206
33458005709,2020-12-07 09:36:40,197,+33608106241,incoming,20201207,93640,19223424570,67,206
33458005730,2020-12-07 14:17:14,59,+33608106241,transfert,20201207,141714,19225970142,67,207
33458005709,2020-12-07 14:17:14,59,+33608106241,incoming,20201207,141714,19225970002,67,207
33458005730,2020-12-18 14:25:24,511,+33608106241,transfert,20201218,142524,19277614521,67,208
33458005709,2020-12-18 14:25:24,511,+33608106241,incoming,20201218,142524,19277614714,67,208
33458005730,2020-12-24 14:23:57,4,+33608106241,transfert,20201224,142357,19298159191,67,209
33458005709,2020-12-24 14:23:57,4,+33608106241,transfert,20201224,142357,19298159130,67,210
33458005730,2020-12-24 14:34:00,3,+33608106241,transfert,20201224,143400,19298207944,67,211
33458005709,2020-12-24 14:34:00,3,+33608106241,transfert,20201224,143400,19298207952,67,212
33458005730,2020-12-24 15:38:29,3,+33608106241,transfert,20201224,153829,19298497121,67,213
33458005709,2020-12-24 15:38:29,3,+33608106241,transfert,20201224,153829,19298497139,67,214
33458001861,2020-12-01 18:38:20,0,+33609061958,miss,20201201,183820,19204910913,68,215
33458005730,2020-12-08 15:16:51,205,+33609106798,transfert,20201208,151651,19232403676,69,216
33458005709,2020-12-08 15:16:51,205,+33609106798,incoming,20201208,151651,19232404081,69,216
33458005730,2020-12-14 16:02:47,468,+33609106798,transfert,20201214,160247,19256684483,69,217
33458005709,2020-12-14 16:02:47,468,+33609106798,incoming,20201214,160247,19256685447,69,217
33458005730,2020-12-17 14:56:02,177,+33609106798,transfert,20201217,145602,19271806559,69,218
33458005709,2020-12-17 14:56:02,177,+33609106798,incoming,20201217,145602,19271807595,69,218
33458005730,2020-12-18 15:00:32,51,+33609845297,transfert,20201218,150032,19277880563,70,219
33458005709,2020-12-18 15:00:32,51,+33609845297,incoming,20201218,150032,19277880538,70,219
33458005730,2020-12-07 15:31:18,12,+33609925333,transfert,20201207,153118,19226788736,71,220
33458005709,2020-12-07 15:31:18,12,+33609925333,transfert,20201207,153118,19226788533,71,221
33458005730,2020-12-11 14:10:46,216,+33609925333,transfert,20201211,141046,19247860850,71,222
33458005709,2020-12-11 14:10:46,216,+33609925333,incoming,20201211,141046,19247861096,71,222
33458005730,2020-12-15 17:54:20,7,+33609925333,transfert,20201215,175420,19263322269,71,223
33458005707,2020-12-15 17:54:20,7,+33609925333,incoming,20201215,175420,19263322345,71,223
33458005730,2020-12-15 17:55:03,4,+33609925333,transfert,20201215,175503,19263325062,71,224
33458005707,2020-12-15 17:55:03,4,+33609925333,incoming,20201215,175503,19263325031,71,224
33458005730,2020-12-16 15:08:04,140,+33609925333,transfert,20201216,150804,19267324319,71,225
33458005707,2020-12-16 15:08:04,140,+33609925333,incoming,20201216,150804,19267324714,71,225
33458005730,2020-12-17 10:15:43,0,+33609925333,transfert,20201217,101543,19270251871,71,226
33458005709,2020-12-17 10:15:43,0,+33609925333,miss,20201217,101543,19270254197,71,226
33458005730,2020-12-17 10:16:51,2074,+33609925333,transfert,20201217,101651,19270573996,71,227
33458005709,2020-12-17 10:16:51,2074,+33609925333,incoming,20201217,101651,19270792965,71,227
33458005730,2020-12-17 11:03:32,6,+33609925333,transfert,20201217,110332,19270558534,71,228
33458005709,2020-12-17 11:03:32,6,+33609925333,transfert,20201217,110332,19270434390,71,229
33458005730,2020-12-17 11:05:16,281,+33609925333,transfert,20201217,110516,19270902388,71,230
33458005709,2020-12-17 11:05:16,281,+33609925333,incoming,20201217,110516,19273386834,71,230
33458005730,2020-12-17 17:11:27,44,+33609925333,transfert,20201217,171127,19273672945,71,231
33458005709,2020-12-17 17:11:27,44,+33609925333,incoming,20201217,171127,19273674071,71,231
33458005730,2020-12-17 09:28:34,28,+33609945810,transfert,20201217,92834,19269681764,72,232
33458005707,2020-12-17 09:28:34,28,+33609945810,incoming,20201217,92834,19269681881,72,232
33458005730,2020-12-08 14:25:40,363,+33610599750,transfert,20201208,142540,19231859907,73,233
33458005709,2020-12-08 14:25:40,363,+33610599750,incoming,20201208,142540,19231860342,73,233
33458005730,2020-12-17 14:43:01,303,+33610974737,transfert,20201217,144301,19271695800,74,234
33458005709,2020-12-17 14:43:01,303,+33610974737,incoming,20201217,144301,19271695922,74,234
33458005730,2020-12-01 14:09:56,37,+33611015638,transfert,20201201,140956,19202634111,75,235
33458005707,2020-12-01 14:09:56,37,+33611015638,incoming,20201201,140956,19202632895,75,235
33458005730,2020-12-01 15:30:19,1337,+33611015638,transfert,20201201,153019,19203703874,75,236
33458005707,2020-12-01 15:30:19,1337,+33611015638,incoming,20201201,153019,19203703846,75,236
33458005730,2020-12-03 15:55:09,308,+33611174432,transfert,20201203,155509,19214241613,76,237
33458005709,2020-12-03 15:55:09,308,+33611174432,incoming,20201203,155509,19214241574,76,237
33458005730,2020-12-10 10:50:10,4,+33611174432,transfert,20201210,105010,19240900593,76,238
33458005709,2020-12-10 10:50:10,4,+33611174432,transfert,20201210,105010,19240900575,76,239
33458005730,2020-12-11 08:54:09,7,+33611174432,transfert,20201211,85409,19245106587,76,240
33458005709,2020-12-11 08:54:09,7,+33611174432,transfert,20201211,85409,19245106695,76,241
33458005730,2020-12-11 08:54:57,0,+33611174432,transfert,20201211,85457,19245106514,76,242
33458005709,2020-12-11 08:54:57,0,+33611174432,miss,20201211,85457,19245107119,76,242
33458005730,2020-12-14 11:06:48,45,+33611174432,transfert,20201214,110648,19253989566,76,243
33458005709,2020-12-14 11:06:48,45,+33611174432,incoming,20201214,110648,19253990305,76,243
33458005730,2020-12-02 14:48:15,705,+33611176035,transfert,20201202,144815,19208475289,77,244
33458005709,2020-12-02 14:48:15,705,+33611176035,incoming,20201202,144815,19208475765,77,244
33458005730,2020-12-03 11:43:46,10,+33611176035,transfert,20201203,114346,19212278923,77,245
33458005709,2020-12-03 11:43:46,10,+33611176035,transfert,20201203,114346,19212278586,77,246
33458005730,2020-12-03 16:22:34,339,+33611176035,transfert,20201203,162234,19214509595,77,247
33458005709,2020-12-03 16:22:34,339,+33611176035,incoming,20201203,162234,19214509980,77,247
33458005730,2020-12-04 11:25:49,6,+33611176035,transfert,20201204,112549,19217296967,77,248
33458005709,2020-12-04 11:25:49,6,+33611176035,transfert,20201204,112549,19217296529,77,249
33458005730,2020-12-02 10:41:19,497,+33611403359,transfert,20201202,104119,19206542205,78,250
33458005709,2020-12-02 10:41:19,497,+33611403359,incoming,20201202,104119,19206542360,78,250
33458005730,2020-12-09 14:43:52,418,+33611403359,transfert,20201209,144352,19237550511,78,251
33458005709,2020-12-09 14:43:52,418,+33611403359,incoming,20201209,144352,19237550309,78,251
33458005730,2020-12-17 09:36:20,11,+33611804741,transfert,20201217,93620,19269766494,79,252
33458005709,2020-12-17 09:36:20,11,+33611804741,transfert,20201217,93620,19269765935,79,253
33458005730,2020-12-17 09:37:18,7,+33611804741,transfert,20201217,93718,19269775816,79,254
33458005707,2020-12-17 09:37:18,7,+33611804741,incoming,20201217,93718,19269775411,79,254
33458005730,2020-12-01 14:24:28,732,+33611814766,transfert,20201201,142428,19202915004,80,255
33458005709,2020-12-01 14:24:28,732,+33611814766,incoming,20201201,142428,19202914555,80,255
33458005730,2020-12-08 10:36:35,11,+33611814766,transfert,20201208,103635,19229863360,80,256
33458005707,2020-12-08 10:36:35,11,+33611814766,transfert,20201208,103635,19229863059,80,257
33458005730,2020-12-08 10:39:04,309,+33611814766,transfert,20201208,103904,19229949233,80,258
33458005709,2020-12-08 10:39:04,309,+33611814766,incoming,20201208,103904,19229949361,80,258
33458005730,2020-12-15 11:37:02,3,+33612772780,transfert,20201215,113702,19260093930,81,259
33458005709,2020-12-15 11:37:02,3,+33612772780,transfert,20201215,113702,19260094371,81,260
33458005730,2020-12-15 11:41:02,92,+33612772780,transfert,20201215,114102,19260157108,81,261
33458005707,2020-12-15 11:41:02,92,+33612772780,incoming,20201215,114102,19260157278,81,261
33458005730,2020-12-15 16:58:07,93,+33613161148,transfert,20201215,165807,19262905684,82,262
33458005707,2020-12-15 16:58:07,93,+33613161148,incoming,20201215,165807,19262905608,82,262
33458005730,2020-12-22 16:20:21,508,+33613330210,transfert,20201222,162021,19290952315,83,263
33458005709,2020-12-22 16:20:21,508,+33613330210,incoming,20201222,162021,19290952052,83,263
33458005730,2020-12-23 14:18:53,16,+33613330210,transfert,20201223,141853,19294461338,83,264
33458005709,2020-12-23 14:18:53,16,+33613330210,transfert,20201223,141853,19294461496,83,265
33458005730,2020-12-23 14:20:32,11,+33613330210,transfert,20201223,142032,19294473771,83,266
33458005707,2020-12-23 14:20:32,11,+33613330210,incoming,20201223,142032,19294473796,83,266
33458005730,2020-12-23 14:25:38,35,+33613330210,transfert,20201223,142538,19294516328,83,267
33458005707,2020-12-23 14:25:38,35,+33613330210,incoming,20201223,142538,19294516092,83,267
33458005730,2020-12-23 14:37:24,123,+33613330210,transfert,20201223,143724,19294620200,83,268
33458005709,2020-12-23 14:37:24,123,+33613330210,incoming,20201223,143724,19294619381,83,268
33458005730,2020-12-17 16:19:05,0,+33615993463,transfert,20201217,161905,19272596593,84,269
33458005709,2020-12-17 16:19:05,0,+33615993463,miss,20201217,161905,19272596211,84,269
33458005730,2020-12-17 16:19:21,98,+33615993463,transfert,20201217,161921,19272615034,84,270
33458005707,2020-12-17 16:19:21,98,+33615993463,incoming,20201217,161921,19272615066,84,270
33458005730,2020-12-17 10:14:54,45,+33616021813,transfert,20201217,101454,19270255536,85,271
33458005709,2020-12-17 10:14:54,45,+33616021813,incoming,20201217,101454,19270251699,85,271
33458005730,2020-12-17 11:58:20,5,+33616021813,transfert,20201217,115820,19270891931,85,272
33458005709,2020-12-17 11:58:20,5,+33616021813,transfert,20201217,115820,19273782728,85,273
33458005730,2020-12-17 11:59:08,4,+33616021813,transfert,20201217,115908,19270916658,85,274
33458005709,2020-12-17 11:59:08,4,+33616021813,transfert,20201217,115908,19271148989,85,275
33458005730,2020-12-17 14:25:44,627,+33616021813,transfert,20201217,142544,19271573228,85,276
33458005709,2020-12-17 14:25:44,627,+33616021813,incoming,20201217,142544,19271573633,85,276
33458005730,2020-12-23 15:35:15,141,+33616940464,transfert,20201223,153515,19295091402,86,277
33458005707,2020-12-23 15:35:15,141,+33616940464,incoming,20201223,153515,19295091491,86,277
33458005730,2020-12-18 10:15:02,238,+33620032032,transfert,20201218,101502,19275611094,87,278
33458005707,2020-12-18 10:15:02,238,+33620032032,incoming,20201218,101502,19275611345,87,278
33458005730,2020-12-08 15:05:24,353,+33620594874,transfert,20201208,150524,19232303787,88,279
33458005709,2020-12-08 15:05:24,353,+33620594874,incoming,20201208,150524,19232302633,88,279
33458005730,2020-12-08 10:25:03,47,+33620753647,transfert,20201208,102503,19229727582,89,280
33458005707,2020-12-08 10:25:03,47,+33620753647,incoming,20201208,102503,19229728892,89,280
33458005730,2020-12-01 11:35:46,256,+33621770322,transfert,20201201,113546,19201698845,90,281
33458005709,2020-12-01 11:35:46,256,+33621770322,incoming,20201201,113546,19201698905,90,281
33458005730,2020-12-11 10:04:38,338,+33622712457,transfert,20201211,100438,19245824146,91,282
33458005707,2020-12-11 10:04:38,338,+33622712457,incoming,20201211,100438,19245826506,91,282
33458005730,2020-12-10 10:12:04,7,+33622736769,transfert,20201210,101204,19240457880,92,283
33458005709,2020-12-10 10:12:04,7,+33622736769,transfert,20201210,101204,19240458201,92,284
33458005730,2020-12-10 10:13:09,915,+33622736769,transfert,20201210,101309,19240647872,92,285
33458005707,2020-12-10 10:13:09,915,+33622736769,incoming,20201210,101309,19240647771,92,285
33458005730,2020-12-14 09:33:32,6,+33622736769,transfert,20201214,93332,19252851075,92,286
33458005707,2020-12-14 09:33:32,6,+33622736769,incoming,20201214,93332,19252851733,92,286
33458005730,2020-12-17 09:45:06,6,+33622736769,transfert,20201217,94506,19269871170,92,287
33458005707,2020-12-17 09:45:06,6,+33622736769,incoming,20201217,94506,19269871593,92,287
33458005730,2020-12-17 09:51:00,7,+33622736769,transfert,20201217,95100,19269939220,92,288
33458005707,2020-12-17 09:51:00,7,+33622736769,incoming,20201217,95100,19269939243,92,288
33458005730,2020-12-17 09:52:12,295,+33622736769,transfert,20201217,95212,19270013540,92,289
33458005709,2020-12-17 09:52:12,295,+33622736769,incoming,20201217,95212,19270011840,92,289
33458005730,2020-12-18 16:10:04,281,+33622736769,transfert,20201218,161004,19278541913,92,290
33458005707,2020-12-18 16:10:04,281,+33622736769,incoming,20201218,161004,19278541748,92,290
33458005730,2020-12-10 10:08:19,166,+33622842728,transfert,20201210,100819,19240438994,93,291
33458005709,2020-12-10 10:08:19,166,+33622842728,incoming,20201210,100819,19240437854,93,291
33458005730,2020-12-10 09:38:26,451,+33624022070,transfert,20201210,93826,19240163238,94,292
33458005709,2020-12-10 09:38:26,451,+33624022070,incoming,20201210,93826,19240163171,94,292
33458005730,2020-12-09 10:03:30,1012,+33625572544,transfert,20201209,100330,19235290413,95,293
33458005709,2020-12-09 10:03:31,1012,+33625572544,incoming,20201209,100331,19235286863,95,293
33458005730,2020-12-09 11:19:00,213,+33625572544,transfert,20201209,111900,19235998836,95,294
33458005709,2020-12-09 11:19:00,213,+33625572544,incoming,20201209,111900,19235999695,95,294
33458005730,2020-12-15 11:36:49,372,+33626291753,transfert,20201215,113649,19260161494,96,295
33458005709,2020-12-15 11:36:49,372,+33626291753,incoming,20201215,113649,19260160958,96,295
33458005730,2020-12-07 16:54:19,91,+33626890051,transfert,20201207,165419,19227659579,97,296
33458005707,2020-12-07 16:54:19,91,+33626890051,incoming,20201207,165419,19227659205,97,296
33458005730,2020-12-07 16:56:58,145,+33626890051,transfert,20201207,165658,19227692636,97,297
33458005707,2020-12-07 16:56:58,145,+33626890051,incoming,20201207,165658,19227692344,97,297
33458005730,2020-12-09 11:40:43,260,+33627262678,transfert,20201209,114043,19236250273,98,298
33458005709,2020-12-09 11:40:43,260,+33627262678,incoming,20201209,114043,19236250005,98,298
33458005730,2020-12-10 08:43:21,5,+33627262678,transfert,20201210,84321,19239651420,98,299
33458005709,2020-12-10 08:43:21,5,+33627262678,transfert,20201210,84321,19239651450,98,300
33458005730,2020-12-10 08:46:16,6,+33627262678,transfert,20201210,84616,19239663281,98,301
33458005709,2020-12-10 08:46:16,6,+33627262678,transfert,20201210,84616,19239663082,98,302
33458005730,2020-12-10 17:31:37,5,+33627262678,transfert,20201210,173137,19244338736,98,303
33458005709,2020-12-10 17:31:37,5,+33627262678,transfert,20201210,173137,19244338831,98,304
33458005730,2020-12-10 17:34:15,4,+33627262678,transfert,20201210,173415,19244355626,98,305
33458005709,2020-12-10 17:34:15,4,+33627262678,transfert,20201210,173415,19244355592,98,306
33458005730,2020-12-10 17:34:57,86,+33627262678,transfert,20201210,173457,19244366102,98,307
33458005707,2020-12-10 17:34:57,86,+33627262678,incoming,20201210,173457,19244365848,98,307
33458005730,2020-12-11 15:17:32,229,+33627262678,transfert,20201211,151732,19248559676,98,308
33458005709,2020-12-11 15:17:32,229,+33627262678,incoming,20201211,151732,19248559296,98,308
33458005730,2020-12-14 14:54:49,69,+33630152851,transfert,20201214,145449,19255890930,99,309
33458005707,2020-12-14 14:54:49,69,+33630152851,incoming,20201214,145449,19255890404,99,309
33458005730,2020-12-01 08:58:10,18,+33631444094,transfert,20201201,85810,19199905108,100,310
33458005709,2020-12-01 08:58:10,18,+33631444094,transfert,20201201,85810,19199905832,100,311
33458005730,2020-12-01 14:06:59,421,+33631444094,transfert,20201201,140659,19202669061,100,312
33458005709,2020-12-01 14:06:59,421,+33631444094,incoming,20201201,140659,19202669098,100,312
33458005730,2020-12-01 16:28:28,24,+33631444094,transfert,20201201,162828,19204069151,100,313
33458005709,2020-12-01 16:28:28,24,+33631444094,incoming,20201201,162828,19204069133,100,313
33458005730,2020-12-14 10:16:19,186,+33631547015,transfert,20201214,101619,19253402655,101,314
33458005707,2020-12-14 10:16:19,186,+33631547015,incoming,20201214,101619,19253402988,101,314
33458005730,2020-12-10 09:58:13,54,+33632089796,transfert,20201210,95813,19240304736,102,315
33458005709,2020-12-10 09:58:13,54,+33632089796,incoming,20201210,95813,19240305080,102,315
33458005730,2020-12-21 10:51:56,7,+33632548624,transfert,20201221,105156,19283229775,103,316
33458005707,2020-12-21 10:51:56,7,+33632548624,incoming,20201221,105156,19283229088,103,316
33458005730,2020-12-22 11:18:53,298,+33632548624,transfert,20201222,111853,19288673457,103,317
33458005709,2020-12-22 11:18:53,298,+33632548624,incoming,20201222,111853,19288674194,103,317
33458005730,2020-12-23 10:52:11,524,+33632548624,transfert,20201223,105211,19293196881,103,318
33458005707,2020-12-23 10:52:11,524,+33632548624,incoming,20201223,105211,19293197021,103,318
33458005730,2020-12-01 09:24:50,39,+33632660386,transfert,20201201,92450,19200149130,104,319
33458005707,2020-12-01 09:24:50,39,+33632660386,incoming,20201201,92450,19200149106,104,319
33458005730,2020-12-08 16:07:14,9,+33632660386,transfert,20201208,160714,19232897788,104,320
33458005707,2020-12-08 16:07:14,9,+33632660386,transfert,20201208,160714,19232897819,104,321
33458005730,2020-12-09 10:01:34,307,+33632660386,transfert,20201209,100134,19235123622,104,322
33458005707,2020-12-09 10:01:34,307,+33632660386,incoming,20201209,100134,19235124613,104,322
33458005730,2020-12-07 17:31:14,174,+33633225994,transfert,20201207,173114,19227957630,105,323
33458005709,2020-12-07 17:31:14,174,+33633225994,incoming,20201207,173114,19227957513,105,323
33458005730,2020-12-14 14:03:55,5,+33633225994,transfert,20201214,140355,19255310105,105,324
33458005709,2020-12-14 14:03:55,5,+33633225994,transfert,20201214,140355,19255310013,105,325
33458005730,2020-12-14 14:04:38,14,+33633225994,transfert,20201214,140438,19255318689,105,326
33458005709,2020-12-14 14:04:39,14,+33633225994,transfert,20201214,140439,19255317238,105,327
33458005730,2020-12-14 14:10:20,7,+33633225994,transfert,20201214,141020,19255387690,105,328
33458005709,2020-12-14 14:10:20,7,+33633225994,transfert,20201214,141020,19255387748,105,329
33458005730,2020-12-14 14:24:14,5,+33633225994,transfert,20201214,142414,19255547790,105,330
33458005709,2020-12-14 14:24:14,5,+33633225994,transfert,20201214,142414,19255547601,105,331
33458005730,2020-12-14 14:39:24,150,+33633225994,transfert,20201214,143924,19255739084,105,332
33458005709,2020-12-14 14:39:24,150,+33633225994,incoming,20201214,143924,19255739188,105,332
33458005730,2020-12-16 14:02:00,10,+33633225994,transfert,20201216,140200,19266630520,105,333
33458005709,2020-12-16 14:02:00,10,+33633225994,transfert,20201216,140200,19266630508,105,334
33458005730,2020-12-16 14:06:45,37,+33633225994,transfert,20201216,140645,19266679672,105,335
33458005709,2020-12-16 14:06:45,37,+33633225994,incoming,20201216,140645,19266679826,105,335
33458005730,2020-12-23 09:12:40,23,+33633225994,transfert,20201223,91240,19292229346,105,336
33458005709,2020-12-23 09:12:40,23,+33633225994,transfert,20201223,91240,19292230020,105,337
33458005730,2020-12-23 09:13:50,9,+33633225994,transfert,20201223,91350,19292237456,105,338
33458005709,2020-12-23 09:13:50,9,+33633225994,transfert,20201223,91350,19292236779,105,339
33458005730,2020-12-23 10:59:32,11,+33633225994,transfert,20201223,105932,19293187651,105,340
33458005709,2020-12-23 10:59:32,11,+33633225994,transfert,20201223,105932,19293187551,105,341
33458005730,2020-12-23 11:00:15,24,+33633225994,transfert,20201223,110015,19293199407,105,342
33458005709,2020-12-23 11:00:15,24,+33633225994,transfert,20201223,110015,19293199066,105,343
33458005730,2020-12-23 15:16:07,56,+33633225994,transfert,20201223,151607,19294927812,105,344
33458005709,2020-12-23 15:16:07,56,+33633225994,incoming,20201223,151607,19294927639,105,344
33458005730,2020-12-21 10:47:42,9,+33633588601,transfert,20201221,104742,19283185352,106,345
33458005709,2020-12-21 10:47:42,9,+33633588601,transfert,20201221,104742,19283185815,106,346
33458005730,2020-12-21 10:53:37,168,+33633588601,transfert,20201221,105337,19283281610,106,347
33458005709,2020-12-21 10:53:37,168,+33633588601,incoming,20201221,105337,19283282358,106,347
33458005730,2020-12-21 11:20:03,4,+33633588601,transfert,20201221,112003,19283554893,106,348
33458005709,2020-12-21 11:20:03,4,+33633588601,transfert,20201221,112003,19283553435,106,349
33458005730,2020-12-21 11:23:32,4,+33633588601,transfert,20201221,112332,19283588048,106,350
33458005709,2020-12-21 11:23:32,4,+33633588601,transfert,20201221,112332,19283587517,106,351
33458005730,2020-12-21 11:30:10,4,+33633588601,transfert,20201221,113010,19283665204,106,352
33458005709,2020-12-21 11:30:10,4,+33633588601,transfert,20201221,113010,19283665223,106,353
33458005730,2020-12-22 10:49:33,362,+33633588601,transfert,20201222,104933,19288376528,106,354
33458005709,2020-12-22 10:49:33,362,+33633588601,incoming,20201222,104933,19288377145,106,354
33458005730,2020-12-22 11:21:32,6,+33633588601,transfert,20201222,112132,19288653969,106,355
33458005709,2020-12-22 11:21:32,6,+33633588601,transfert,20201222,112132,19288653805,106,356
33458005730,2020-12-15 14:31:40,112,+33634458094,transfert,20201215,143140,19261368931,107,357
33458005709,2020-12-15 14:31:40,112,+33634458094,incoming,20201215,143140,19261369459,107,357
33458005730,2020-12-02 11:22:09,373,+33634608370,transfert,20201202,112209,19206965148,108,358
33458005709,2020-12-02 11:22:09,373,+33634608370,incoming,20201202,112209,19206964896,108,358
33458005730,2020-12-22 11:53:53,7,+33636808097,transfert,20201222,115353,19288979104,109,359
33458005707,2020-12-22 11:53:53,7,+33636808097,transfert,20201222,115353,19288978790,109,360
33458005730,2020-12-10 11:44:41,7,+33638431672,transfert,20201210,114441,19241522772,110,361
33458005709,2020-12-10 11:44:41,7,+33638431672,transfert,20201210,114441,19241522587,110,362
33458005730,2020-12-16 10:17:57,991,+33638431672,transfert,20201216,101757,19265008397,110,363
33458005709,2020-12-16 10:17:57,991,+33638431672,incoming,20201216,101757,19265008213,110,363
33458005730,2020-12-09 14:02:37,901,+33642165112,transfert,20201209,140237,19237215423,111,364
33458005709,2020-12-09 14:02:37,901,+33642165112,incoming,20201209,140237,19237215182,111,364
33458005730,2020-12-09 14:39:32,176,+33642165112,transfert,20201209,143932,19237469230,111,365
33458005709,2020-12-09 14:39:32,176,+33642165112,incoming,20201209,143932,19237468918,111,365
33458005730,2020-12-10 14:04:44,271,+33642165112,transfert,20201210,140444,19242405267,111,366
33458005709,2020-12-10 14:04:44,271,+33642165112,incoming,20201210,140444,19242405923,111,366
33458005730,2020-12-11 10:31:51,161,+33642165112,transfert,20201211,103151,19246106569,111,367
33458005709,2020-12-11 10:31:51,161,+33642165112,incoming,20201211,103151,19246106614,111,367
33458005730,2020-12-15 09:23:28,13,+33644276157,transfert,20201215,92328,19258468250,112,368
33458005709,2020-12-15 09:23:28,13,+33644276157,transfert,20201215,92328,19258468052,112,369
33458005730,2020-12-15 11:13:10,8,+33644276157,transfert,20201215,111310,19259802773,112,370
33458005709,2020-12-15 11:13:10,8,+33644276157,transfert,20201215,111310,19259802456,112,371
33458005730,2020-12-15 11:13:59,196,+33644276157,transfert,20201215,111359,19259849697,112,372
33458005707,2020-12-15 11:13:59,196,+33644276157,incoming,20201215,111359,19259848222,112,372
33458005730,2020-12-15 14:51:01,269,+33644276157,transfert,20201215,145101,19261606737,112,373
33458005709,2020-12-15 14:51:01,269,+33644276157,incoming,20201215,145101,19261606395,112,373
33458005730,2020-12-17 10:58:36,117,+33644276157,transfert,20201217,105836,19273926665,112,374
33458005709,2020-12-17 10:58:36,117,+33644276157,incoming,20201217,105836,19273240423,112,374
33458005730,2020-12-17 11:02:35,78,+33644276157,transfert,20201217,110235,19273810203,112,375
33458005709,2020-12-17 11:02:36,78,+33644276157,incoming,20201217,110236,19270708117,112,375
33458005730,2020-12-10 17:16:58,64,+33646880205,transfert,20201210,171658,19244241270,113,376
33458005707,2020-12-10 17:16:58,64,+33646880205,incoming,20201210,171658,19244241547,113,376
33458005730,2020-12-10 16:42:23,117,+33647251310,transfert,20201210,164223,19243955003,114,377
33458005707,2020-12-10 16:42:23,117,+33647251310,incoming,20201210,164223,19243954891,114,377
33458005730,2020-12-08 17:50:08,5,+33647840983,transfert,20201208,175008,19233792016,115,378
33458005707,2020-12-08 17:50:08,5,+33647840983,transfert,20201208,175008,19233792095,115,379
33458005707,2020-12-21 11:34:11,69,+33648794510,incoming,20201221,113411,19283716442,116,380
33458005730,2020-12-08 15:47:36,20,+33650054731,transfert,20201208,154736,19232697557,117,381
33458005709,2020-12-08 15:47:36,20,+33650054731,transfert,20201208,154736,19232697878,117,382
33458005730,2020-12-08 15:52:27,4,+33650054731,transfert,20201208,155227,19232746684,117,383
33458005709,2020-12-08 15:52:27,4,+33650054731,transfert,20201208,155227,19232746752,117,384
33458005730,2020-12-08 16:01:01,179,+33650054731,transfert,20201208,160101,19232865873,117,385
33458005709,2020-12-08 16:01:01,179,+33650054731,incoming,20201208,160101,19232866150,117,385
33458005730,2020-12-07 15:37:54,283,+33650828798,transfert,20201207,153754,19226911958,118,386
33458005709,2020-12-07 15:37:54,283,+33650828798,incoming,20201207,153754,19226912133,118,386
33458005730,2020-12-08 15:51:59,468,+33650828798,transfert,20201208,155159,19232817749,118,387
33458005709,2020-12-08 15:51:59,468,+33650828798,incoming,20201208,155159,19232817836,118,387
33458005730,2020-12-09 15:36:20,45,+33650828798,transfert,20201209,153620,19238011071,118,388
33458005709,2020-12-09 15:36:20,45,+33650828798,incoming,20201209,153620,19238009913,118,388
33458005730,2020-12-10 16:20:01,101,+33650828798,transfert,20201210,162001,19243745406,118,389
33458005709,2020-12-10 16:20:01,101,+33650828798,incoming,20201210,162001,19243745658,118,389
33458005730,2020-12-14 09:26:50,12,+33650828798,transfert,20201214,92650,19252779566,118,390
33458005709,2020-12-14 09:26:50,12,+33650828798,transfert,20201214,92650,19252779439,118,391
33458005730,2020-12-14 09:27:54,12,+33650828798,transfert,20201214,92754,19252791618,118,392
33458005709,2020-12-14 09:27:54,12,+33650828798,transfert,20201214,92754,19252791415,118,393
33458005730,2020-12-14 09:45:12,221,+33650828798,transfert,20201214,94512,19253024108,118,394
33458005709,2020-12-14 09:45:12,221,+33650828798,incoming,20201214,94512,19253024491,118,394
33458005730,2020-12-14 10:44:44,812,+33650828798,transfert,20201214,104444,19253876193,118,395
33458005707,2020-12-14 10:44:44,812,+33650828798,incoming,20201214,104444,19253875364,118,395
33458005730,2020-12-15 16:59:55,7,+33650828798,transfert,20201215,165955,19262912376,118,396
33458005709,2020-12-15 16:59:55,7,+33650828798,transfert,20201215,165955,19262912131,118,397
33458005730,2020-12-16 16:29:25,3,+33650828798,transfert,20201216,162925,19268074297,118,398
33458005707,2020-12-16 16:29:25,3,+33650828798,incoming,20201216,162925,19268074309,118,398
33458005730,2020-12-16 16:30:17,12,+33650828798,transfert,20201216,163017,19268084457,118,399
33458005707,2020-12-16 16:30:17,12,+33650828798,incoming,20201216,163017,19268084506,118,399
33458005730,2020-12-16 16:31:02,234,+33650828798,transfert,20201216,163102,19268118772,118,400
33458005709,2020-12-16 16:31:02,234,+33650828798,incoming,20201216,163102,19268118761,118,400
33458005730,2020-12-16 16:35:30,30,+33650828798,transfert,20201216,163530,19268128807,118,401
33458005707,2020-12-16 16:35:30,30,+33650828798,incoming,20201216,163530,19268128932,118,401
33458005730,2020-12-16 17:04:12,0,+33650828798,transfert,20201216,170412,19268366743,118,402
33458005707,2020-12-16 17:04:12,0,+33650828798,miss,20201216,170412,19268366734,118,402
33458005730,2020-12-17 09:52:21,4,+33650828798,transfert,20201217,95221,19269955457,118,403
33458005707,2020-12-17 09:52:21,4,+33650828798,incoming,20201217,95221,19269955149,118,403
33458005730,2020-12-17 10:31:10,3,+33650828798,transfert,20201217,103110,19273517495,118,404
33458005707,2020-12-17 10:31:10,3,+33650828798,incoming,20201217,103110,19271141651,118,404
33458005730,2020-12-17 11:29:42,0,+33650828798,transfert,20201217,112942,19273927024,118,405
33458005707,2020-12-17 11:29:42,0,+33650828798,miss,20201217,112942,19270834930,118,405
33458005730,2020-12-17 11:30:16,12,+33650828798,transfert,20201217,113016,19273724112,118,406
33458005709,2020-12-17 11:30:16,12,+33650828798,transfert,20201217,113016,19270900126,118,407
33458005730,2020-12-17 15:04:51,513,+33650828798,transfert,20201217,150451,19271951773,118,408
33458005707,2020-12-17 15:04:51,513,+33650828798,incoming,20201217,150451,19271950784,118,408
33458005730,2020-12-17 15:58:45,250,+33650828798,transfert,20201217,155845,19272442916,118,409
33458005707,2020-12-17 15:58:45,250,+33650828798,incoming,20201217,155845,19272442931,118,409
33458005730,2020-12-24 09:29:46,14,+33650828798,transfert,20201224,92946,19296680679,118,410
33458005709,2020-12-24 09:29:46,14,+33650828798,transfert,20201224,92946,19296681137,118,411
33458005730,2020-12-02 17:45:16,380,+33652394331,transfert,20201202,174516,19209910400,119,412
33458005709,2020-12-02 17:45:16,380,+33652394331,incoming,20201202,174516,19209910428,119,412
33458005730,2020-12-03 09:23:46,234,+33652394331,transfert,20201203,92346,19210797221,119,413
33458005709,2020-12-03 09:23:47,234,+33652394331,incoming,20201203,92347,19210797480,119,413
33458005730,2020-12-03 16:39:29,835,+33652394331,transfert,20201203,163929,19214734495,119,414
33458005709,2020-12-03 16:39:29,835,+33652394331,incoming,20201203,163929,19214734196,119,414
33458005730,2020-12-03 17:08:38,8,+33652394331,transfert,20201203,170838,19214849560,119,415
33458005709,2020-12-03 17:08:38,8,+33652394331,transfert,20201203,170838,19214849549,119,416
33458005730,2020-12-03 17:23:38,423,+33652394331,transfert,20201203,172338,19214998526,119,417
33458005709,2020-12-03 17:23:38,423,+33652394331,incoming,20201203,172338,19214998629,119,417
33458005730,2020-12-03 17:33:23,216,+33652394331,transfert,20201203,173323,19215037703,119,418
33458005709,2020-12-03 17:33:23,216,+33652394331,incoming,20201203,173323,19215037672,119,418
33458005730,2020-12-03 17:39:11,142,+33652394331,transfert,20201203,173911,19215065252,119,419
33458005709,2020-12-03 17:39:11,142,+33652394331,incoming,20201203,173911,19215065232,119,419
33458005730,2020-12-03 17:44:30,187,+33652394331,transfert,20201203,174430,19215100385,119,420
33458005709,2020-12-03 17:44:30,187,+33652394331,incoming,20201203,174430,19215100308,119,420
33458005730,2020-12-04 11:23:36,186,+33652394331,transfert,20201204,112336,19217303358,119,421
33458005709,2020-12-04 11:23:36,186,+33652394331,incoming,20201204,112336,19217302073,119,421
33458005730,2020-12-18 09:17:56,207,+33652394331,transfert,20201218,91756,19275008540,119,422
33458005709,2020-12-18 09:17:56,207,+33652394331,incoming,20201218,91756,19275008468,119,422
33458005730,2020-12-18 15:05:00,390,+33652394331,transfert,20201218,150500,19277975499,119,423
33458005707,2020-12-18 15:05:00,390,+33652394331,incoming,20201218,150500,19277975509,119,423
33458005730,2020-12-21 10:26:18,6,+33652394331,transfert,20201221,102618,19282954002,119,424
33458005707,2020-12-21 10:26:19,6,+33652394331,incoming,20201221,102619,19282954696,119,424
33458005730,2020-12-21 11:09:54,2,+33652394331,transfert,20201221,110954,19283434574,119,425
33458005707,2020-12-21 11:09:54,2,+33652394331,incoming,20201221,110954,19283432716,119,425
33458005730,2020-12-21 11:10:48,139,+33652394331,transfert,20201221,111048,19283464088,119,426
33458005709,2020-12-21 11:10:48,139,+33652394331,incoming,20201221,111048,19283464117,119,426
33458005730,2020-12-21 14:03:13,246,+33652394331,transfert,20201221,140313,19284695361,119,427
33458005707,2020-12-21 14:03:13,246,+33652394331,incoming,20201221,140313,19284695040,119,427
33458005730,2020-12-17 17:31:41,62,+33652550529,transfert,20201217,173141,19273995305,120,428
33458005709,2020-12-17 17:31:41,62,+33652550529,incoming,20201217,173141,19273995341,120,428
33458005730,2020-12-21 16:56:09,7,+33652550529,transfert,20201221,165609,19286285349,120,429
33458005709,2020-12-21 16:56:09,7,+33652550529,transfert,20201221,165609,19286285362,120,430
33458005730,2020-12-01 16:27:07,202,+33652831666,transfert,20201201,162707,19204086308,121,431
33458005707,2020-12-01 16:27:07,202,+33652831666,incoming,20201201,162707,19204086333,121,431
33458005730,2020-12-08 10:55:11,367,+33658898832,transfert,20201208,105511,19230157473,122,432
33458005709,2020-12-08 10:55:11,367,+33658898832,incoming,20201208,105511,19230159020,122,432
33458005730,2020-12-08 15:08:58,6,+33658898832,transfert,20201208,150858,19232279760,122,433
33458005709,2020-12-08 15:08:58,6,+33658898832,transfert,20201208,150858,19232281419,122,434
33458005730,2020-12-08 15:38:21,244,+33658898832,transfert,20201208,153821,19232639062,122,435
33458005709,2020-12-08 15:38:21,244,+33658898832,incoming,20201208,153821,19232639350,122,435
33458005730,2020-12-11 14:30:29,185,+33660492250,transfert,20201211,143029,19248062876,123,436
33458005707,2020-12-11 14:30:29,185,+33660492250,incoming,20201211,143029,19248062981,123,436
33458005730,2020-12-11 14:51:10,1179,+33660492250,transfert,20201211,145110,19248451806,123,437
33458005709,2020-12-11 14:51:10,1179,+33660492250,incoming,20201211,145110,19248451726,123,437
33458005730,2020-12-16 10:24:58,23,+33660652411,transfert,20201216,102458,19264901858,124,438
33458005709,2020-12-16 10:24:58,23,+33660652411,transfert,20201216,102458,19264901103,124,439
33458005730,2020-12-21 17:36:38,5,+33660770402,transfert,20201221,173638,19286562828,125,440
33458005709,2020-12-21 17:36:38,5,+33660770402,transfert,20201221,173638,19286562812,125,441
33458005730,2020-12-21 17:37:24,85,+33660770402,transfert,20201221,173724,19286572127,125,442
33458005707,2020-12-21 17:37:24,85,+33660770402,incoming,20201221,173724,19286571994,125,442
33458005730,2020-12-14 14:03:05,1578,+33660803629,transfert,20201214,140305,19255594689,126,443
33458005709,2020-12-14 14:03:05,1578,+33660803629,incoming,20201214,140305,19255595616,126,443
33458005730,2020-12-14 10:13:12,242,+33662078266,transfert,20201214,101312,19253372570,127,444
33458005709,2020-12-14 10:13:12,242,+33662078266,incoming,20201214,101312,19253371510,127,444
33458005730,2020-12-14 11:10:49,255,+33662641109,transfert,20201214,111049,19254081610,128,445
33458005709,2020-12-14 11:10:49,255,+33662641109,incoming,20201214,111049,19254081008,128,445
33458005730,2020-12-15 14:05:34,292,+33662922805,transfert,20201215,140534,19261108632,129,446
33458005709,2020-12-15 14:05:34,292,+33662922805,incoming,20201215,140534,19261108359,129,446
33458005730,2020-12-04 16:54:44,264,+33663028659,transfert,20201204,165444,19219890075,130,447
33458005707,2020-12-04 16:54:44,264,+33663028659,incoming,20201204,165444,19219890276,130,447
33458005730,2020-12-07 14:43:32,72,+33663028659,transfert,20201207,144332,19226265069,130,448
33458005707,2020-12-07 14:43:32,72,+33663028659,incoming,20201207,144332,19226265790,130,448
33458005730,2020-12-07 15:44:37,100,+33663028659,transfert,20201207,154437,19226950155,130,449
33458005707,2020-12-07 15:44:37,100,+33663028659,incoming,20201207,154437,19226950373,130,449
33458005730,2020-12-09 14:13:00,137,+33663028659,transfert,20201209,141300,19237191895,130,450
33458005707,2020-12-09 14:13:00,137,+33663028659,incoming,20201209,141300,19237192255,130,450
33458005730,2020-12-07 14:48:15,111,+33663800326,transfert,20201207,144815,19226323052,131,451
33458005709,2020-12-07 14:48:15,111,+33663800326,incoming,20201207,144815,19226322622,131,451
33458005730,2020-12-07 14:50:53,291,+33663800326,transfert,20201207,145053,19226383709,131,452
33458005709,2020-12-07 14:50:53,291,+33663800326,incoming,20201207,145053,19226384209,131,452
33458005730,2020-12-01 09:41:02,438,+33664191086,transfert,20201201,94102,19200388120,132,453
33458005709,2020-12-01 09:41:02,438,+33664191086,incoming,20201201,94102,19200387921,132,453
33458005730,2020-12-02 14:57:52,8,+33664191086,transfert,20201202,145752,19208455936,132,454
33458005709,2020-12-02 14:57:52,8,+33664191086,transfert,20201202,145752,19208456124,132,455
33458005730,2020-12-02 15:07:51,199,+33664191086,transfert,20201202,150751,19208583842,132,456
33458005709,2020-12-02 15:07:51,199,+33664191086,incoming,20201202,150751,19208584500,132,456
33458005730,2020-12-03 10:03:02,284,+33664191086,transfert,20201203,100302,19211213611,132,457
33458005709,2020-12-03 10:03:02,284,+33664191086,incoming,20201203,100302,19211213831,132,457
33458005730,2020-12-04 10:36:30,434,+33664191086,transfert,20201204,103630,19216832513,132,458
33458005709,2020-12-04 10:36:30,434,+33664191086,incoming,20201204,103630,19216831964,132,458
33458005730,2020-12-15 09:42:47,234,+33664191086,transfert,20201215,94247,19258719439,132,459
33458005709,2020-12-15 09:42:47,234,+33664191086,incoming,20201215,94247,19258719158,132,459
33458005730,2020-12-15 10:52:25,414,+33664191086,transfert,20201215,105225,19259636385,132,460
33458005709,2020-12-15 10:52:25,414,+33664191086,incoming,20201215,105225,19259635435,132,460
33458005730,2020-12-15 11:05:54,6,+33664191086,transfert,20201215,110554,19259715346,132,461
33458005707,2020-12-15 11:05:54,6,+33664191086,incoming,20201215,110554,19259715570,132,461
33458005730,2020-12-15 11:09:44,1385,+33664191086,transfert,20201215,110944,19260037180,132,462
33458005709,2020-12-15 11:09:44,1385,+33664191086,incoming,20201215,110944,19260038914,132,462
33458005730,2020-12-15 16:24:18,636,+33664191086,transfert,20201215,162418,19262670041,132,463
33458005709,2020-12-15 16:24:18,636,+33664191086,incoming,20201215,162418,19262670385,132,463
33458005730,2020-12-17 14:14:49,249,+33664191086,transfert,20201217,141449,19271401529,132,464
33458005709,2020-12-17 14:14:49,249,+33664191086,incoming,20201217,141449,19271400774,132,464
33458005730,2020-12-18 09:38:14,21,+33664191086,transfert,20201218,93814,19275180797,132,465
33458005709,2020-12-18 09:38:14,21,+33664191086,incoming,20201218,93814,19275182182,132,465
33458005730,2020-12-10 15:04:52,372,+33664234929,transfert,20201210,150452,19243037310,133,466
33458005707,2020-12-10 15:04:52,372,+33664234929,incoming,20201210,150452,19243037595,133,466
33458005730,2020-12-11 14:16:19,46,+33664234929,transfert,20201211,141619,19247888191,133,467
33458005707,2020-12-11 14:16:19,46,+33664234929,incoming,20201211,141619,19247888796,133,467
33458005730,2020-12-01 15:43:48,9,+33667572777,transfert,20201201,154348,19203615848,134,468
33458005707,2020-12-01 15:43:48,9,+33667572777,incoming,20201201,154348,19203616599,134,468
33458005730,2020-12-01 15:44:20,12,+33667572777,transfert,20201201,154420,19203624632,134,469
33458005707,2020-12-01 15:44:20,12,+33667572777,incoming,20201201,154420,19203624468,134,469
33458005730,2020-12-01 15:45:31,8,+33667572777,transfert,20201201,154531,19203636465,134,470
33458005709,2020-12-01 15:45:31,8,+33667572777,transfert,20201201,154531,19203636557,134,471
33458005730,2020-12-02 09:32:30,358,+33667572777,transfert,20201202,93230,19205754548,134,472
33458005707,2020-12-02 09:32:30,358,+33667572777,incoming,20201202,93230,19205754276,134,472
33458005730,2020-12-02 09:56:26,604,+33667572777,transfert,20201202,95626,19206054518,134,473
33458005707,2020-12-02 09:56:26,604,+33667572777,incoming,20201202,95626,19206054434,134,473
33458005730,2020-12-08 11:21:39,279,+33667572777,transfert,20201208,112139,19230469155,134,474
33458005709,2020-12-08 11:21:39,279,+33667572777,incoming,20201208,112139,19230469181,134,474
33458005730,2020-12-01 10:39:14,318,+33668581764,transfert,20201201,103914,19201042688,135,475
33458005709,2020-12-01 10:39:14,318,+33668581764,incoming,20201201,103914,19201041835,135,475
33458005730,2020-12-04 15:00:22,957,+33668581764,transfert,20201204,150022,19218989851,135,476
33458005709,2020-12-04 15:00:22,957,+33668581764,incoming,20201204,150022,19218989625,135,476
33458005730,2020-12-04 15:23:07,36,+33668581764,transfert,20201204,152307,19219064698,135,477
33458005709,2020-12-04 15:23:07,36,+33668581764,incoming,20201204,152307,19219064847,135,477
33458005730,2020-12-16 15:14:36,124,+33670716902,transfert,20201216,151436,19267385438,136,478
33458005707,2020-12-16 15:14:36,124,+33670716902,incoming,20201216,151436,19267385598,136,478
33458005730,2020-12-14 11:45:17,108,+33670727835,transfert,20201214,114517,19254461013,137,479
33458005707,2020-12-14 11:45:17,108,+33670727835,incoming,20201214,114517,19254460136,137,479
33458005730,2020-12-01 16:16:38,193,+33672455334,transfert,20201201,161638,19203982046,138,480
33458005709,2020-12-01 16:16:38,193,+33672455334,incoming,20201201,161638,19203981784,138,480
33458005730,2020-12-23 15:31:58,91,+33675133147,transfert,20201223,153158,19295060013,139,481
33458005707,2020-12-23 15:31:58,91,+33675133147,incoming,20201223,153158,19295059650,139,481
33458005730,2020-12-04 14:43:20,139,+33675552249,transfert,20201204,144320,19218696625,140,482
33458005709,2020-12-04 14:43:20,139,+33675552249,incoming,20201204,144320,19218696761,140,482
33458005709,2020-12-01 13:48:58,257,+33675890059,incoming,20201201,134858,19202478588,141,483
33458005709,2020-12-01 14:17:28,129,+33675890059,incoming,20201201,141728,19202733973,141,483
33458005709,2020-12-01 16:48:15,160,+33675890059,incoming,20201201,164815,19204280812,141,483
33458005709,2020-12-02 17:21:36,407,+33675890059,incoming,20201202,172136,19209781268,141,483
33458005709,2020-12-03 14:30:56,710,+33675890059,incoming,20201203,143056,19213474755,141,483
33458005709,2020-12-04 10:08:49,663,+33675890059,incoming,20201204,100849,19216570044,141,483
33458005709,2020-12-07 16:34:46,9,+33675890059,transfert,20201207,163446,19227464881,141,484
33458005709,2020-12-09 16:01:50,4,+33675890059,transfert,20201209,160150,19238252597,141,485
33458005709,2020-12-14 17:51:44,7,+33675890059,transfert,20201214,175144,19257537545,141,486
33458005709,2020-12-15 14:27:46,12,+33675890059,transfert,20201215,142746,19261308062,141,487
33458005709,2020-12-15 14:33:15,4,+33675890059,transfert,20201215,143315,19261367895,141,488
33458005709,2020-12-18 09:29:04,71,+33675890059,incoming,20201218,92904,19275097339,141,488
33458005730,2020-12-21 14:56:29,104,+33675890059,transfert,20201221,145629,19285207763,141,489
33458005707,2020-12-21 14:56:29,104,+33675890059,incoming,20201221,145629,19285207697,141,489
33458005730,2020-12-21 15:44:41,96,+33675890059,transfert,20201221,154441,19285670856,141,490
33458005707,2020-12-21 15:44:41,96,+33675890059,incoming,20201221,154441,19285670506,141,490
33458005730,2020-12-10 11:01:50,167,+33676366666,transfert,20201210,110150,19241065771,142,491
33458005707,2020-12-10 11:01:50,167,+33676366666,incoming,20201210,110150,19241065884,142,491
33458005730,2020-12-04 17:58:25,18,+33679506490,transfert,20201204,175825,19220224015,143,492
33458005707,2020-12-04 17:58:25,18,+33679506490,incoming,20201204,175825,19220224167,143,492
33458005730,2020-12-21 09:58:12,10,+33681071980,transfert,20201221,95812,19282632483,144,493
33458005709,2020-12-21 09:58:12,10,+33681071980,transfert,20201221,95812,19282632688,144,494
33458005730,2020-12-21 11:07:15,4,+33681071980,transfert,20201221,110715,19283400678,144,495
33458005709,2020-12-21 11:07:15,4,+33681071980,transfert,20201221,110715,19283400903,144,496
33458005730,2020-12-21 14:28:51,59,+33681071980,transfert,20201221,142851,19284925534,144,497
33458005709,2020-12-21 14:28:51,59,+33681071980,incoming,20201221,142851,19284925729,144,497
33458005730,2020-12-23 10:23:02,171,+33681071980,transfert,20201223,102302,19292863988,144,498
33458005709,2020-12-23 10:23:02,171,+33681071980,incoming,20201223,102302,19292863868,144,498
33458005730,2020-12-14 15:23:02,14,+33681365244,transfert,20201214,152302,19256185491,145,499
33458005709,2020-12-14 15:23:02,14,+33681365244,transfert,20201214,152302,19256185529,145,500
33458005730,2020-12-14 15:24:01,600,+33681365244,transfert,20201214,152401,19256296691,145,501
33458005707,2020-12-14 15:24:01,600,+33681365244,incoming,20201214,152401,19256296791,145,501
33458005730,2020-12-24 11:43:20,46,+33681878470,transfert,20201224,114320,19297593737,146,502
33458005707,2020-12-24 11:43:20,46,+33681878470,incoming,20201224,114320,19297593804,146,502
33458005730,2020-12-01 10:34:22,135,+33682492334,transfert,20201201,103422,19200957654,147,503
33458005709,2020-12-01 10:34:22,135,+33682492334,incoming,20201201,103422,19200957988,147,503
33458005730,2020-12-02 11:46:12,87,+33682525500,transfert,20201202,114612,19207171072,148,504
33458005709,2020-12-02 11:46:12,87,+33682525500,incoming,20201202,114612,19207170534,148,504
33458005730,2020-12-03 14:00:58,26,+33682525500,transfert,20201203,140058,19213047896,148,505
33458005709,2020-12-03 14:00:58,26,+33682525500,incoming,20201203,140058,19213047739,148,505
33458005730,2020-12-09 14:19:09,0,+33682525500,transfert,20201209,141909,19237230586,148,506
33458005707,2020-12-09 14:19:09,0,+33682525500,miss,20201209,141909,19237230594,148,506
33458005730,2020-12-09 14:19:44,554,+33682525500,transfert,20201209,141944,19237334253,148,507
33458005709,2020-12-09 14:19:44,554,+33682525500,incoming,20201209,141944,19237334660,148,507
33458005730,2020-12-16 10:08:24,29,+33682525500,transfert,20201216,100824,19264702097,148,508
33458005709,2020-12-16 10:08:24,29,+33682525500,incoming,20201216,100824,19264701963,148,508
33458005730,2020-12-16 17:13:59,489,+33682525500,transfert,20201216,171359,19268500408,148,509
33458005709,2020-12-16 17:13:59,489,+33682525500,incoming,20201216,171359,19268500456,148,509
33458005730,2020-12-23 09:14:01,8,+33682525500,transfert,20201223,91401,19292237201,148,510
33458005707,2020-12-23 09:14:01,8,+33682525500,transfert,20201223,91401,19292237128,148,511
33458005730,2020-12-23 09:27:23,4,+33682525500,transfert,20201223,92723,19292340734,148,512
33458005707,2020-12-23 09:27:23,4,+33682525500,transfert,20201223,92723,19292340739,148,513
33458005730,2020-12-18 16:27:07,3,+33682673031,transfert,20201218,162707,19278649906,149,514
33458005709,2020-12-18 16:27:07,3,+33682673031,transfert,20201218,162707,19278649796,149,515
33458005730,2020-12-18 16:27:50,243,+33682673031,transfert,20201218,162750,19278683959,149,516
33458005707,2020-12-18 16:27:50,243,+33682673031,incoming,20201218,162750,19278684048,149,516
33458005730,2020-12-01 16:24:17,75,+33684831849,transfert,20201201,162417,19204037121,150,517
33458005707,2020-12-01 16:24:17,75,+33684831849,incoming,20201201,162417,19204037288,150,517
33458005730,2020-12-01 16:44:27,70,+33684831849,transfert,20201201,164427,19204229142,150,518
33458005707,2020-12-01 16:44:27,70,+33684831849,incoming,20201201,164427,19204229029,150,518
33458005730,2020-12-15 17:23:26,572,+33685069651,transfert,20201215,172326,19263177191,151,519
33458005709,2020-12-15 17:23:26,572,+33685069651,incoming,20201215,172326,19263177099,151,519
33458005730,2020-12-11 10:40:09,47,+33685492291,transfert,20201211,104009,19246177065,152,520
33458005707,2020-12-11 10:40:09,47,+33685492291,incoming,20201211,104009,19246176820,152,520
33458005730,2020-12-03 10:34:56,137,+33685675495,transfert,20201203,103456,19211542499,153,521
33458005707,2020-12-03 10:34:56,137,+33685675495,incoming,20201203,103456,19211542762,153,521
33458001861,2020-12-11 09:19:23,29,+33685859465,transfert,20201211,91923,19245304698,154,522
33458005730,2020-12-17 11:02:45,11,+33686657019,transfert,20201217,110245,19270623244,155,523
33458005709,2020-12-17 11:02:45,11,+33686657019,transfert,20201217,110245,19271090521,155,524
33458005730,2020-12-01 10:16:10,138,+33687344651,transfert,20201201,101610,19200735618,156,525
33458005707,2020-12-01 10:16:10,138,+33687344651,incoming,20201201,101610,19200733696,156,525
33458005730,2020-12-07 16:02:50,336,+33687344651,transfert,20201207,160250,19227190971,156,526
33458005709,2020-12-07 16:02:50,336,+33687344651,incoming,20201207,160250,19227190545,156,526
33458005730,2020-12-10 10:53:36,243,+33687344651,transfert,20201210,105336,19240983498,156,527
33458005707,2020-12-10 10:53:36,243,+33687344651,incoming,20201210,105336,19240983263,156,527
33458005730,2020-12-10 11:11:09,53,+33687344651,transfert,20201210,111109,19241141502,156,528
33458005707,2020-12-10 11:11:09,52,+33687344651,incoming,20201210,111109,19241142623,156,528
33458005730,2020-12-10 11:18:34,5,+33687344651,transfert,20201210,111834,19241225607,156,529
33458005709,2020-12-10 11:18:34,5,+33687344651,transfert,20201210,111834,19241225274,156,530
33458005730,2020-12-11 09:10:17,4,+33687344651,transfert,20201211,91017,19245212278,156,531
33458005709,2020-12-11 09:10:17,4,+33687344651,transfert,20201211,91017,19245212418,156,532
33458005730,2020-12-15 11:44:38,199,+33687344651,transfert,20201215,114438,19260218720,156,533
33458005709,2020-12-15 11:44:38,199,+33687344651,incoming,20201215,114438,19260218377,156,533
33458005730,2020-12-15 14:31:07,5,+33687344651,transfert,20201215,143107,19261343356,156,534
33458005707,2020-12-15 14:31:07,5,+33687344651,incoming,20201215,143107,19261343240,156,534
33458005730,2020-12-15 16:46:04,274,+33687344651,transfert,20201215,164604,19262821596,156,535
33458005707,2020-12-15 16:46:04,274,+33687344651,incoming,20201215,164604,19262821829,156,535
33458005730,2020-12-22 10:07:20,8,+33687344651,transfert,20201222,100720,19287878949,156,536
33458005707,2020-12-22 10:07:20,8,+33687344651,transfert,20201222,100720,19287878196,156,537
33458005730,2020-12-22 10:20:56,70,+33687344651,transfert,20201222,102056,19288029882,156,538
33458005707,2020-12-22 10:20:56,70,+33687344651,incoming,20201222,102056,19288027994,156,538
33458005730,2020-12-10 17:26:27,557,+33695352751,transfert,20201210,172627,19244362256,157,539
33458005709,2020-12-10 17:26:27,557,+33695352751,incoming,20201210,172627,19244362382,157,539
33458005730,2020-12-17 15:47:16,108,+33698549500,transfert,20201217,154716,19272309721,158,540
33458005709,2020-12-17 15:47:16,108,+33698549500,incoming,20201217,154716,19272309783,158,540
33458005730,2020-12-17 16:33:23,141,+33698549500,transfert,20201217,163323,19272755523,158,541
33458005709,2020-12-17 16:33:23,141,+33698549500,incoming,20201217,163323,19272754132,158,541
33458005730,2020-12-18 10:25:52,289,+33698549500,transfert,20201218,102552,19275746976,158,542
33458005709,2020-12-18 10:25:52,289,+33698549500,incoming,20201218,102552,19275747246,158,542
33458005730,2020-12-21 10:14:23,30,+33699299897,transfert,20201221,101423,19282815727,159,543
33458005707,2020-12-21 10:14:23,30,+33699299897,incoming,20201221,101423,19282815540,159,543
33458005730,2020-12-14 11:36:10,14,+33751626517,transfert,20201214,113610,19254337275,160,544
33458005709,2020-12-14 11:36:10,14,+33751626517,transfert,20201214,113610,19254337748,160,545
33458005730,2020-12-14 11:36:58,9,+33751626517,transfert,20201214,113658,19254344203,160,546
33458005709,2020-12-14 11:36:58,9,+33751626517,transfert,20201214,113658,19254343577,160,547
33458005730,2020-12-09 10:31:26,162,+33755506479,transfert,20201209,103126,19235448594,161,548
33458005709,2020-12-09 10:31:26,162,+33755506479,incoming,20201209,103126,19235448483,161,548
33458005730,2020-12-02 14:33:46,8,+33760898150,transfert,20201202,143346,19208221072,162,549
33458005707,2020-12-02 14:33:46,8,+33760898150,transfert,20201202,143346,19208221108,162,550
33458005730,2020-12-02 14:34:40,5,+33760898150,transfert,20201202,143440,19208229536,162,551
33458005707,2020-12-02 14:34:40,5,+33760898150,transfert,20201202,143440,19208229759,162,552
33458005730,2020-12-02 14:39:23,640,+33760898150,transfert,20201202,143923,19208377671,162,553
33458005707,2020-12-02 14:39:23,640,+33760898150,incoming,20201202,143923,19208377535,162,553
33458005730,2020-12-03 14:29:17,303,+33760898150,transfert,20201203,142917,19213386210,162,554
33458005707,2020-12-03 14:29:17,303,+33760898150,incoming,20201203,142917,19213385965,162,554
33458005730,2020-12-09 10:19:54,7,+33760898150,transfert,20201209,101954,19235291534,162,555
33458005709,2020-12-09 10:19:54,7,+33760898150,transfert,20201209,101954,19235291088,162,556
33458005730,2020-12-09 10:50:50,241,+33760898150,transfert,20201209,105050,19235685482,162,557
33458005709,2020-12-09 10:50:50,241,+33760898150,incoming,20201209,105050,19235685656,162,557
33458005730,2020-12-09 10:59:13,184,+33760898150,transfert,20201209,105913,19235769354,162,558
33458005707,2020-12-09 10:59:13,184,+33760898150,incoming,20201209,105913,19235769417,162,558
33458005730,2020-12-09 11:39:46,596,+33760898150,transfert,20201209,113946,19236302113,162,559
33458005707,2020-12-09 11:39:46,596,+33760898150,incoming,20201209,113946,19236304101,162,559
33458005730,2020-12-16 17:05:57,134,+33760898150,transfert,20201216,170557,19268394096,162,560
33458005709,2020-12-16 17:05:57,134,+33760898150,incoming,20201216,170557,19268394010,162,560
33458005730,2020-12-21 14:09:17,638,+33767671109,transfert,20201221,140917,19284826940,163,561
33458005707,2020-12-21 14:09:17,638,+33767671109,incoming,20201221,140917,19284826990,163,561
33458005730,2020-12-23 16:45:07,13,+33769666985,transfert,20201223,164507,19295591221,164,562
33458005709,2020-12-23 16:45:07,13,+33769666985,transfert,20201223,164507,19295590981,164,563
33458005730,2020-12-22 11:38:21,216,+33777304107,transfert,20201222,113821,19288860512,165,564
33458005709,2020-12-22 11:38:21,216,+33777304107,incoming,20201222,113821,19288860720,165,564
33458005730,2020-12-01 14:11:19,17,+33778802136,transfert,20201201,141119,19202644348,166,565
33458005709,2020-12-01 14:11:19,17,+33778802136,transfert,20201201,141119,19202645154,166,566
33458005730,2020-12-01 14:12:32,14,+33778802136,transfert,20201201,141232,19202658926,166,567
33458005709,2020-12-01 14:12:32,14,+33778802136,transfert,20201201,141232,19202658491,166,568
33458005730,2020-12-02 10:42:54,12,+33778802136,transfert,20201202,104254,19206477329,166,569
33458005709,2020-12-02 10:42:54,12,+33778802136,transfert,20201202,104254,19206476964,166,570
33458005730,2020-12-02 10:52:44,488,+33778802136,transfert,20201202,105244,19206673936,166,571
33458005709,2020-12-02 10:52:44,488,+33778802136,incoming,20201202,105244,19206673457,166,571
33458005730,2020-12-07 16:50:15,8,+33778802136,transfert,20201207,165015,19227609520,166,572
33458005709,2020-12-07 16:50:15,8,+33778802136,transfert,20201207,165015,19227610092,166,573
33458005730,2020-12-07 16:51:05,11,+33778802136,transfert,20201207,165105,19227620092,166,574
33458005709,2020-12-07 16:51:05,11,+33778802136,transfert,20201207,165105,19227620329,166,575
33458005730,2020-12-08 10:05:46,86,+33778802136,transfert,20201208,100546,19229501140,166,576
33458005709,2020-12-08 10:05:46,86,+33778802136,incoming,20201208,100546,19229500193,166,576
33458005730,2020-12-14 11:55:26,948,+33782320399,transfert,20201214,115526,19254697490,167,577
33458005709,2020-12-14 11:55:26,948,+33782320399,incoming,20201214,115526,19254696968,167,577
33458005730,2020-12-18 16:58:45,404,+33782320399,transfert,20201218,165845,19278939395,167,578
33458005709,2020-12-18 16:58:45,404,+33782320399,incoming,20201218,165845,19278939443,167,578
33458005730,2020-12-09 17:37:29,563,+33782960856,transfert,20201209,173729,19239004785,168,579
33458005709,2020-12-09 17:37:29,563,+33782960856,incoming,20201209,173729,19239004931,168,579
33458005730,2020-12-02 10:11:58,193,+33783696554,transfert,20201202,101158,19206149958,169,580
33458005707,2020-12-02 10:11:58,193,+33783696554,incoming,20201202,101158,19206150366,169,580
33458005730,2020-12-03 11:21:32,5,+33783696554,transfert,20201203,112132,19212035089,169,581
33458005709,2020-12-03 11:21:32,5,+33783696554,transfert,20201203,112132,19212035721,169,582
33458005730,2020-12-03 11:22:39,0,+33783696554,transfert,20201203,112239,19212047352,169,583
33458005709,2020-12-03 11:22:39,0,+33783696554,miss,20201203,112239,19212047145,169,583
33458005730,2020-12-03 15:16:54,615,+33783696554,transfert,20201203,151654,19213919826,169,584
33458005709,2020-12-03 15:16:54,615,+33783696554,incoming,20201203,151654,19213919028,169,584
33458005730,2020-12-07 11:13:38,73,+33783696554,transfert,20201207,111338,19224578050,169,585
33458005709,2020-12-07 11:13:38,73,+33783696554,incoming,20201207,111338,19224578071,169,585
33458005730,2020-12-14 14:44:22,6,+33783696554,transfert,20201214,144422,19255767289,169,586
33458005709,2020-12-14 14:44:22,6,+33783696554,transfert,20201214,144422,19255766651,169,587
33458005730,2020-12-14 14:51:10,3,+33783696554,transfert,20201214,145110,19255842408,169,588
33458005709,2020-12-14 14:51:10,3,+33783696554,transfert,20201214,145110,19255842751,169,589
33458005730,2020-12-14 15:05:01,1130,+33783696554,transfert,20201214,150501,19256190968,169,590
33458005709,2020-12-14 15:05:01,1130,+33783696554,incoming,20201214,150501,19256190804,169,590
33458005730,2020-12-17 09:05:19,6,+33783696554,transfert,20201217,90519,19269433981,169,591
33458005709,2020-12-17 09:05:19,6,+33783696554,transfert,20201217,90519,19269433547,169,592
33458005730,2020-12-17 09:35:57,215,+33783696554,transfert,20201217,93557,19269801017,169,593
33458005709,2020-12-17 09:35:57,215,+33783696554,incoming,20201217,93557,19269801256,169,593
33458005730,2020-12-17 15:19:06,601,+33783696554,transfert,20201217,151906,19272111543,169,594
33458005709,2020-12-17 15:19:06,601,+33783696554,incoming,20201217,151906,19272111553,169,594
33458005730,2020-12-17 16:12:49,371,+33783696554,transfert,20201217,161249,19272596399,169,595
33458005709,2020-12-17 16:12:49,371,+33783696554,incoming,20201217,161249,19272596547,169,595
33458005730,2020-12-23 10:59:06,103,+33785874009,transfert,20201223,105906,19293199319,170,596
33458005709,2020-12-23 10:59:06,103,+33785874009,incoming,20201223,105906,19293199120,170,596
33458005730,2020-12-09 17:15:15,332,+33786527951,transfert,20201209,171515,19238854141,171,597
33458005707,2020-12-09 17:15:15,332,+33786527951,incoming,20201209,171515,19238854117,171,597
33458005730,2020-12-03 10:45:50,97,+33786816397,transfert,20201203,104550,19211657379,172,598
33458005709,2020-12-03 10:45:50,97,+33786816397,incoming,20201203,104550,19211658104,172,598
33458005730,2020-12-23 09:04:08,4,+33789614820,transfert,20201223,90408,19292166565,173,599
33458005707,2020-12-23 09:04:08,4,+33789614820,transfert,20201223,90408,19292166643,173,600
33458005730,2020-12-23 09:09:54,5,+33789614820,transfert,20201223,90954,19292205288,173,601
33458005707,2020-12-23 09:09:54,5,+33789614820,transfert,20201223,90954,19292205405,173,602
33458005730,2020-12-23 09:34:29,1132,+33789614820,transfert,20201223,93429,19292558209,173,603
33458005707,2020-12-23 09:34:29,1132,+33789614820,incoming,20201223,93429,19292558146,173,603
33458005730,2020-12-10 15:21:34,253,+33977624646,transfert,20201210,152134,19243188566,174,604
33458005709,2020-12-10 15:21:34,253,+33977624646,incoming,20201210,152134,19243188503,174,604
33458005730,2020-12-21 09:22:04,243,+34659874072,transfert,20201221,92204,19282289430,175,605
33458005707,2020-12-21 09:22:05,243,+34659874072,incoming,20201221,92205,19282293242,175,605
33458005730,2020-12-03 11:47:12,24,+34919051048,transfert,20201203,114712,19212315316,176,606
33458005709,2020-12-03 11:47:12,24,+34919051048,transfert,20201203,114712,19212315463,176,607
33458005730,2020-12-03 11:48:24,137,+34919051048,transfert,20201203,114824,19212344805,176,608
33458005707,2020-12-03 11:48:24,137,+34919051048,incoming,20201203,114824,19212345335,176,608
33458005730,2020-12-03 11:48:28,0,+34919051048,transfert,20201203,114828,19212321095,176,609
33458005709,2020-12-03 11:48:28,0,+34919051048,miss,20201203,114828,19212320718,176,609
33458005730,2020-12-08 11:30:41,251,+352621161614,transfert,20201208,113041,19230574107,177,610
33458005709,2020-12-08 11:30:41,251,+352621161614,incoming,20201208,113041,19230573707,177,610
33458005730,2020-12-10 14:45:32,546,+352621161614,transfert,20201210,144532,19242871699,177,611
33458005709,2020-12-10 14:45:32,546,+352621161614,incoming,20201210,144532,19242871713,177,611
33458005730,2020-12-14 14:44:19,523,+352621161614,transfert,20201214,144419,19255859018,177,612
33458005709,2020-12-14 14:44:19,523,+352621161614,incoming,20201214,144419,19255859289,177,612
33458005730,2020-12-17 09:37:56,13,+352621161614,transfert,20201217,93756,19269787397,177,613
33458005709,2020-12-17 09:37:56,13,+352621161614,transfert,20201217,93756,19269788033,177,614
33458005730,2020-12-17 09:40:06,158,+352621161614,transfert,20201217,94006,19269838712,177,615
33458005709,2020-12-17 09:40:06,158,+352621161614,incoming,20201217,94006,19269838240,177,615
33458005730,2020-12-17 14:06:52,47,+352621161614,transfert,20201217,140652,19271283567,177,616
33458005709,2020-12-17 14:06:52,47,+352621161614,incoming,20201217,140652,19271283983,177,616
33458005730,2020-12-18 10:43:13,355,+352621161614,transfert,20201218,104313,19275951819,177,617
33458005709,2020-12-18 10:43:13,355,+352621161614,incoming,20201218,104313,19275951416,177,617
33458005730,2020-12-21 09:00:22,13,+352621161614,transfert,20201221,90022,19282048810,177,618
33458005709,2020-12-21 09:00:22,13,+352621161614,transfert,20201221,90022,19282049138,177,619
33458005730,2020-12-21 09:01:56,5,+352621161614,transfert,20201221,90156,19282060608,177,620
33458005709,2020-12-21 09:01:56,5,+352621161614,transfert,20201221,90156,19282060827,177,621
33458005730,2020-12-21 09:05:06,5,+352621161614,transfert,20201221,90506,19282086966,177,622
33458005709,2020-12-21 09:05:06,5,+352621161614,transfert,20201221,90506,19282087666,177,623
33458005730,2020-12-21 09:06:52,4,+352621161614,transfert,20201221,90652,19282102763,177,624
33458005709,2020-12-21 09:06:52,4,+352621161614,transfert,20201221,90652,19282102509,177,625
33458005730,2020-12-21 09:08:39,7,+352621161614,transfert,20201221,90839,19282121764,177,626
33458005709,2020-12-21 09:08:39,7,+352621161614,transfert,20201221,90839,19282121711,177,627
33458005730,2020-12-21 09:10:45,4,+352621161614,transfert,20201221,91045,19282141123,177,628
33458005709,2020-12-21 09:10:45,4,+352621161614,transfert,20201221,91045,19282141286,177,629
33458005730,2020-12-21 09:12:02,14,+352621161614,transfert,20201221,91202,19282154858,177,630
33458005707,2020-12-21 09:12:02,14,+352621161614,incoming,20201221,91202,19282154555,177,630
33458005730,2020-12-21 09:12:51,4,+352621161614,transfert,20201221,91251,19282159468,177,631
33458005709,2020-12-21 09:12:51,4,+352621161614,transfert,20201221,91251,19282159001,177,632
33458005730,2020-12-21 09:14:09,60,+352621161614,transfert,20201221,91409,19282180865,177,633
33458005707,2020-12-21 09:14:09,60,+352621161614,incoming,20201221,91409,19282179988,177,633
33458005730,2020-12-21 10:18:13,15,+352621161614,transfert,20201221,101813,19282861686,177,634
33458005709,2020-12-21 10:18:13,15,+352621161614,transfert,20201221,101813,19282862662,177,635
33458005730,2020-12-21 10:25:42,6,+352621161614,transfert,20201221,102542,19282945107,177,636
33458005709,2020-12-21 10:25:42,6,+352621161614,transfert,20201221,102542,19282945378,177,637
33458005730,2020-12-16 11:21:14,406,+36303289308,transfert,20201216,112114,19265624015,178,638
33458005709,2020-12-16 11:21:14,406,+36303289308,incoming,20201216,112114,19265623474,178,638
33458005730,2020-12-02 11:13:42,14,+390577309312,transfert,20201202,111342,19206812702,179,639
33458005707,2020-12-02 11:13:42,14,+390577309312,transfert,20201202,111342,19206813090,179,640
33458005730,2020-12-02 14:14:29,107,+390577309312,transfert,20201202,141429,19208044327,179,641
33458005707,2020-12-02 14:14:29,107,+390577309312,incoming,20201202,141429,19208043753,179,641
33458005730,2020-12-03 09:05:32,12,+390577309312,transfert,20201203,90532,19210609355,179,642
33458005707,2020-12-03 09:05:32,12,+390577309312,transfert,20201203,90532,19210609174,179,643
33458005730,2020-12-03 09:09:37,7,+390577309312,transfert,20201203,90937,19210640681,179,644
33458005707,2020-12-03 09:09:37,7,+390577309312,transfert,20201203,90937,19210641004,179,645
33458005730,2020-12-03 09:18:01,247,+390577309312,transfert,20201203,91801,19210746576,179,646
33458005707,2020-12-03 09:18:01,247,+390577309312,incoming,20201203,91801,19210746527,179,646
33458005730,2020-12-17 11:13:44,105,+41227100180,transfert,20201217,111344,19270529137,180,647
33458005709,2020-12-17 11:13:44,105,+41227100180,incoming,20201217,111344,19270553179,180,647
33458005730,2020-12-15 10:16:37,196,+41795042424,transfert,20201215,101637,19259134497,181,648
33458005707,2020-12-15 10:16:37,196,+41795042424,incoming,20201215,101637,19259133492,181,648
33458005730,2020-12-18 10:05:50,176,+41795042424,transfert,20201218,100550,19275494582,181,649
33458005707,2020-12-18 10:05:50,176,+41795042424,incoming,20201218,100550,19275495178,181,649
33458005730,2020-12-10 10:11:14,446,+41795998944,transfert,20201210,101114,19240528328,182,650
33458005709,2020-12-10 10:11:14,446,+41795998944,incoming,20201210,101114,19240528000,182,650
33458005730,2020-12-03 09:02:10,24,+41796851291,transfert,20201203,90210,19210583144,183,651
33458005709,2020-12-03 09:02:10,24,+41796851291,transfert,20201203,90210,19210582979,183,652
33458005730,2020-12-03 09:03:10,9,+41796851291,transfert,20201203,90310,19210591270,183,653
33458005707,2020-12-03 09:03:10,9,+41796851291,transfert,20201203,90310,19210590803,183,654
33458005730,2020-12-03 09:06:21,6,+41796851291,transfert,20201203,90621,19210615501,183,655
33458005707,2020-12-03 09:06:21,6,+41796851291,transfert,20201203,90621,19210615730,183,656
33458005730,2020-12-15 14:34:55,24,+421917993675,transfert,20201215,143455,19261390108,184,657
33458005709,2020-12-15 14:34:55,24,+421917993675,transfert,20201215,143455,19261390162,184,658
33458005730,2020-12-21 10:47:23,13,+436508446340,transfert,20201221,104723,19283185909,185,659
33458005709,2020-12-21 10:47:23,13,+436508446340,transfert,20201221,104723,19283186431,185,660
33458005730,2020-12-21 10:48:13,628,+436508446340,transfert,20201221,104813,19283304235,185,661
33458005707,2020-12-21 10:48:13,628,+436508446340,incoming,20201221,104813,19283304524,185,661
33458005730,2020-12-01 14:47:37,1536,+491776111323,transfert,20201201,144737,19203301154,186,662
33458005709,2020-12-01 14:47:37,1536,+491776111323,incoming,20201201,144737,19203300851,186,662
33458005730,2020-12-14 11:30:04,435,+4940524759116,transfert,20201214,113004,19254344846,187,663
33458005709,2020-12-14 11:30:05,435,+4940524759116,incoming,20201214,113005,19254345607,187,663
33458005730,2020-12-03 11:43:37,0,+498092818921,transfert,20201203,114337,19212273881,188,664
33458005709,2020-12-03 11:43:37,0,+498092818921,miss,20201203,114337,19212272981,188,664
33458005730,2020-12-03 14:48:11,266,+498092818921,transfert,20201203,144811,19213568195,188,665
33458005709,2020-12-03 14:48:11,266,+498092818921,incoming,20201203,144811,19213568341,188,665
33458005730,2020-12-16 10:24:54,18,+498092818921,transfert,20201216,102454,19264907946,188,666
33458005709,2020-12-16 10:24:54,18,+498092818921,transfert,20201216,102454,19264908239,188,667
33458005730,2020-12-22 08:22:47,16,+498092818921,transfert,20201222,82247,19287156446,188,668
33458005709,2020-12-22 08:22:47,16,+498092818921,transfert,20201222,82247,19287156347,188,669
33458005730,2020-12-08 16:14:22,33,+590690619944,transfert,20201208,161422,19232970938,189,670
33458005707,2020-12-08 16:14:22,33,+590690619944,incoming,20201208,161422,19232970900,189,670
33458005730,2020-12-18 09:08:34,488,+61475285390,transfert,20201218,90834,19274962521,190,671
33458005707,2020-12-18 09:08:34,488,+61475285390,incoming,20201218,90834,19274962633,190,671
33458005730,2020-12-08 11:44:33,85,+971528335798,transfert,20201208,114433,19230698656,191,672
33458005707,2020-12-08 11:44:33,85,+971528335798,incoming,20201208,114433,19230699672,191,672
33458005730,2020-12-21 11:49:56,13,+971528335798,transfert,20201221,114956,19283883662,191,673
33458005707,2020-12-21 11:49:56,13,+971528335798,incoming,20201221,114956,19283884010,191,673
33458005730,2020-12-24 08:20:12,8,+971528335798,transfert,20201224,82012,19296430655,191,674
33458005707,2020-12-24 08:20:12,8,+971528335798,incoming,20201224,82012,19296430685,191,674
33458005730,2020-12-07 10:55:48,39,+971581078497,transfert,20201207,105548,19224356936,192,675
33458005707,2020-12-07 10:55:48,39,+971581078497,incoming,20201207,105548,19224356614,192,675
33458005730,2020-12-09 11:16:22,151,+971581078497,transfert,20201209,111622,19235952057,192,676
33458005707,2020-12-09 11:16:22,151,+971581078497,incoming,20201209,111622,19235952187,192,676
33458005730,2020-12-02 09:07:10,16,anonymous,transfert,20201202,90710,19205464276,193,677
33458005707,2020-12-02 09:07:10,16,anonymous,incoming,20201202,90710,19205464666,193,677
33458005730,2020-12-02 10:22:07,143,anonymous,transfert,20201202,102207,19206262621,193,678
33458005707,2020-12-02 10:22:07,143,anonymous,incoming,20201202,102207,19206263014,193,678
33458005730,2020-12-02 14:00:17,0,anonymous,transfert,20201202,140017,19207891357,193,679
33458005707,2020-12-02 14:00:17,0,anonymous,miss,20201202,140017,19207891203,193,679
33458005730,2020-12-02 14:09:22,268,anonymous,transfert,20201202,140922,19208020448,193,680
33458005707,2020-12-02 14:09:22,268,anonymous,incoming,20201202,140922,19208019965,193,680
33458001861,2020-12-10 16:09:45,31,anonymous,incoming,20201210,160945,19243638720,193,680
