phoneLine,datetime,duration,callingNumber,nature,date,time,idkey,customerCount,callCount
33458005730,2018-12-05 16:37:51,332,212522231313,transfert,20181205,163751,15522699166,1,1
33458005707,2018-12-05 16:37:52,332,212522231313,incoming,20181205,163752,15522700559,1,1
33458005730,2018-12-11 07:30:42,13,262692142506,transfert,20181211,73042,15549210914,2,2
33458005709,2018-12-11 07:30:42,13,262692142506,transfert,20181211,73042,15549210920,2,3
33458005730,2018-12-20 14:32:24,684,3226332078,transfert,20181220,143224,15601635014,3,4
33458005707,2018-12-20 14:32:24,684,3226332078,incoming,20181220,143224,15601635027,3,4
33458005730,2018-12-05 11:41:36,2024,3267830185,transfert,20181205,114136,15520930781,4,5
33458005707,2018-12-05 11:41:36,2024,3267830185,incoming,20181205,114136,15520930775,4,5
33458005730,2018-12-27 14:01:29,67,33140115383,transfert,20181227,140129,15635584082,5,6
33458005707,2018-12-27 14:01:29,67,33140115383,incoming,20181227,140129,15635584067,5,6
33458005730,2018-12-11 11:07:13,15,33140705007,transfert,20181211,110713,15550521470,6,7
33458005707,2018-12-11 11:07:13,15,33140705007,transfert,20181211,110713,15550521535,6,8
33458005730,2018-12-12 17:12:08,1023,33175840900,transfert,20181212,171208,15559033548,7,9
33458005707,2018-12-12 17:12:08,1023,33175840900,incoming,20181212,171208,15559033745,7,9
33458005730,2018-12-21 14:18:46,10,33182885649,transfert,20181221,141846,15607340559,8,10
33458005707,2018-12-21 14:18:46,10,33182885649,transfert,20181221,141846,15607340890,8,11
33458005730,2018-12-20 14:53:29,714,33223211200,transfert,20181220,145329,15601819903,9,12
33458005709,2018-12-20 14:53:29,714,33223211200,incoming,20181220,145329,15601819356,9,12
33458005730,2018-12-07 16:08:05,5,33238700026,transfert,20181207,160805,15533850372,10,13
33458005709,2018-12-07 16:08:05,5,33238700026,transfert,20181207,160805,15533850515,10,14
33458005730,2018-12-07 16:09:13,4,33238700026,transfert,20181207,160913,15533856662,10,15
33458005709,2018-12-07 16:09:13,4,33238700026,transfert,20181207,160913,15533856857,10,16
33458005730,2018-12-07 16:09:51,4,33238700026,transfert,20181207,160951,15533861972,10,17
33458005709,2018-12-07 16:09:51,4,33238700026,transfert,20181207,160951,15533862037,10,18
33458005730,2018-12-07 16:10:26,4,33238700026,transfert,20181207,161026,15533865204,10,19
33458005709,2018-12-07 16:10:26,4,33238700026,transfert,20181207,161026,15533865078,10,20
33458005730,2018-12-07 16:11:00,6,33238700026,transfert,20181207,161100,15533871197,10,21
33458005707,2018-12-07 16:11:00,6,33238700026,transfert,20181207,161100,15533871105,10,22
33458005730,2018-12-19 11:43:58,389,33328520393,transfert,20181219,114358,15594509894,11,23
33458005707,2018-12-19 11:43:58,389,33328520393,incoming,20181219,114358,15594509874,11,23
33458005730,2018-12-20 14:23:31,6,33328520393,transfert,20181220,142331,15601458985,11,24
33458005707,2018-12-20 14:23:31,6,33328520393,transfert,20181220,142331,15601459300,11,25
33458005730,2018-12-20 15:22:19,3,33328520393,transfert,20181220,152219,15601972989,11,26
33458005707,2018-12-20 15:22:19,3,33328520393,transfert,20181220,152219,15601973047,11,27
33458005730,2018-12-20 15:20:12,1366,33344663029,transfert,20181220,152012,15602141839,12,28
33458005707,2018-12-20 15:20:12,1366,33344663029,incoming,20181220,152012,15602141816,12,28
33458005730,2018-12-18 10:00:31,63,33344878486,transfert,20181218,100031,15587076253,13,29
33458005709,2018-12-18 10:00:31,63,33344878486,incoming,20181218,100031,15587076871,13,29
33458005730,2018-12-03 14:40:06,15,33388180885,transfert,20181203,144006,15509994699,14,30
33458005709,2018-12-03 14:40:06,15,33388180885,transfert,20181203,144006,15509994813,14,31
33458005730,2018-12-03 14:46:19,276,33388180885,transfert,20181203,144619,15510086122,14,32
33458005709,2018-12-03 14:46:20,276,33388180885,incoming,20181203,144620,15510084817,14,32
33458005730,2018-12-03 16:29:18,290,33388180885,transfert,20181203,162918,15511006808,14,33
33458005709,2018-12-03 16:29:18,290,33388180885,incoming,20181203,162918,15511006846,14,33
33458005730,2018-12-14 09:43:33,32,33388180885,transfert,20181214,94333,15567213595,14,34
33458005709,2018-12-14 09:43:33,32,33388180885,transfert,20181214,94333,15567213454,14,35
33458005730,2018-12-14 15:32:09,430,33388180885,transfert,20181214,153209,15569840255,14,36
33458005709,2018-12-14 15:32:09,430,33388180885,incoming,20181214,153209,15569839696,14,36
33458005730,2018-12-17 09:24:41,130,33388180885,transfert,20181217,92441,15580491541,14,37
33458005709,2018-12-17 09:24:41,130,33388180885,incoming,20181217,92441,15580491593,14,37
33458005730,2018-12-04 11:09:57,70,33388477853,transfert,20181204,110957,15514594254,15,38
33458005707,2018-12-04 11:09:57,70,33388477853,incoming,20181204,110957,15514593908,15,38
33458005730,2018-12-18 14:40:24,16,33389423108,transfert,20181218,144024,15589277071,16,39
33458005707,2018-12-18 14:40:24,16,33389423108,transfert,20181218,144024,15589275734,16,40
33458005730,2018-12-18 14:41:27,189,33389423108,transfert,20181218,144127,15589314226,16,41
33458005709,2018-12-18 14:41:27,189,33389423108,incoming,20181218,144127,15589314492,16,41
33458005707,2018-12-13 16:25:44,114,33457740084,incoming,20181213,162544,15564246810,17,42
33458005707,2018-12-14 14:12:42,64,33457740084,incoming,20181214,141242,15569094585,17,42
33458005707,2018-12-17 17:31:39,160,33457740084,incoming,20181217,173139,15584528034,17,42
33458005730,2018-12-04 10:17:38,393,33476003630,transfert,20181204,101738,15514139300,18,43
33458005707,2018-12-04 10:17:38,393,33476003630,incoming,20181204,101738,15514139348,18,43
33458005730,2018-12-05 09:41:32,54,33476003630,transfert,20181205,94132,15519623967,18,44
33458005707,2018-12-05 09:41:32,54,33476003630,incoming,20181205,94132,15519624007,18,44
33458005709,2018-12-04 10:18:18,73,33476234343,incoming,20181204,101818,15514092443,19,45
33458005707,2018-12-06 16:58:12,7,33476580988,transfert,20181206,165812,15528385324,20,46
33458005707,2018-12-06 17:05:09,13,33476580988,transfert,20181206,170509,15528441582,20,47
33458005730,2018-12-06 11:48:57,860,33476755263,transfert,20181206,114857,15526384664,21,48
33458005709,2018-12-06 11:48:57,860,33476755263,incoming,20181206,114857,15526384638,21,48
33458005730,2018-12-07 15:48:59,626,33476755263,transfert,20181207,154859,15533769962,21,49
33458005709,2018-12-07 15:48:59,626,33476755263,incoming,20181207,154859,15533769730,21,49
33458005730,2018-12-10 15:50:12,698,33476755263,transfert,20181210,155012,15547046632,21,50
33458005709,2018-12-10 15:50:12,698,33476755263,incoming,20181210,155012,15547046595,21,50
33458005730,2018-12-19 15:48:26,244,33476905507,transfert,20181219,154826,15596107005,22,51
33458005707,2018-12-19 15:48:26,244,33476905507,incoming,20181219,154826,15596107062,22,51
33458005730,2018-12-18 17:38:20,178,33476983182,transfert,20181218,173820,15590884686,23,52
33458005709,2018-12-18 17:38:20,178,33476983182,incoming,20181218,173820,15590884726,23,52
33458005730,2018-12-14 11:36:43,90,33476992436,transfert,20181214,113643,15568270201,24,53
33458005709,2018-12-14 11:36:43,90,33476992436,incoming,20181214,113643,15568270375,24,53
33458005707,2018-12-19 14:39:21,239,33494089935,incoming,20181219,143921,15595498854,25,54
33458005730,2018-12-12 15:11:32,121,33549348936,transfert,20181212,151132,15557925318,26,55
33458005707,2018-12-12 15:11:32,121,33549348936,incoming,20181212,151132,15557925388,26,55
33458005730,2018-12-04 14:14:14,804,33555361373,transfert,20181204,141414,15515823933,27,56
33458005709,2018-12-04 14:14:14,804,33555361373,incoming,20181204,141414,15515823726,27,56
33458005730,2018-12-18 09:47:13,595,33555361373,transfert,20181218,94713,15587025730,27,57
33458005709,2018-12-18 09:47:13,595,33555361373,incoming,20181218,94713,15587026838,27,57
33458005730,2018-12-18 15:11:49,54,33555361373,transfert,20181218,151149,15589595232,27,58
33458005709,2018-12-18 15:11:49,54,33555361373,incoming,20181218,151149,15589595403,27,58
33458005707,2018-12-18 16:47:39,1028,33555361373,incoming,20181218,164739,15590613301,27,58
33458005707,2018-12-21 14:15:34,37,33555361373,transfert,20181221,141534,15607314911,27,59
33458005730,2018-12-21 14:16:54,32,33555361373,transfert,20181221,141654,15607328125,27,60
33458005709,2018-12-21 14:16:54,32,33555361373,transfert,20181221,141654,15607328407,27,61
33458005730,2018-12-12 14:28:28,401,33559122057,transfert,20181212,142828,15557594487,28,62
33458005709,2018-12-12 14:28:28,401,33559122057,incoming,20181212,142828,15557594517,28,62
33458005730,2018-12-17 13:53:41,193,33559122057,transfert,20181217,135341,15582649430,28,63
33458005709,2018-12-17 13:53:41,193,33559122057,incoming,20181217,135341,15582649444,28,63
33458005730,2018-12-17 14:22:04,124,33559122057,transfert,20181217,142204,15582909619,28,64
33458005709,2018-12-17 14:22:04,124,33559122057,incoming,20181217,142204,15582909549,28,64
33458005730,2018-12-11 17:39:30,7,33559929876,transfert,20181211,173930,15553358556,29,65
33458005707,2018-12-11 17:39:30,7,33559929876,transfert,20181211,173930,15553358555,29,66
33458005730,2018-12-04 11:23:07,83,33565601332,transfert,20181204,112307,15514716224,30,67
33458005707,2018-12-04 11:23:07,83,33565601332,incoming,20181204,112307,15514716188,30,67
33458005730,2018-12-05 09:58:07,305,33601635557,transfert,20181205,95807,15519808462,31,68
33458005709,2018-12-05 09:58:07,305,33601635557,incoming,20181205,95807,15519808099,31,68
33458005730,2018-12-07 15:40:51,122,33601635557,transfert,20181207,154051,15533618522,31,69
33458005709,2018-12-07 15:40:51,122,33601635557,incoming,20181207,154051,15533618449,31,69
33458005730,2018-12-17 14:07:26,110,33607501966,transfert,20181217,140726,15582753711,32,70
33458005709,2018-12-17 14:07:26,110,33607501966,incoming,20181217,140726,15582753651,32,70
33458005730,2018-12-21 08:40:25,19,33607501966,transfert,20181221,84025,15604917788,32,71
33458005709,2018-12-21 08:40:25,19,33607501966,transfert,20181221,84025,15604917880,32,72
33458005730,2018-12-21 08:42:14,6,33607501966,transfert,20181221,84214,15604924553,32,73
33458005709,2018-12-21 08:42:14,6,33607501966,transfert,20181221,84214,15604924499,32,74
33458005730,2018-12-21 08:45:02,4,33607501966,transfert,20181221,84502,15604935050,32,75
33458005709,2018-12-21 08:45:02,4,33607501966,transfert,20181221,84502,15604935024,32,76
33458005730,2018-12-21 09:05:31,154,33607501966,transfert,20181221,90531,15605049642,32,77
33458005709,2018-12-21 09:05:31,154,33607501966,incoming,20181221,90531,15605049532,32,77
33458005730,2018-12-21 16:54:24,7,33607501966,transfert,20181221,165424,15608684285,32,78
33458005709,2018-12-21 16:54:24,7,33607501966,transfert,20181221,165424,15608684317,32,79
33458005730,2018-12-21 16:55:07,4,33607501966,transfert,20181221,165507,15608689728,32,80
33458005709,2018-12-21 16:55:07,4,33607501966,transfert,20181221,165507,15608689761,32,81
33458005730,2018-12-21 16:56:29,46,33607501966,transfert,20181221,165629,15608703839,32,82
33458005709,2018-12-21 16:56:29,46,33607501966,incoming,20181221,165629,15608704063,32,82
33458005730,2018-12-24 09:02:06,11,33607501966,transfert,20181224,90206,15619359862,32,83
33458005709,2018-12-24 09:02:06,11,33607501966,transfert,20181224,90206,15619359870,32,84
33458005730,2018-12-24 09:02:57,6,33607501966,transfert,20181224,90257,15619365962,32,85
33458005709,2018-12-24 09:02:57,6,33607501966,transfert,20181224,90257,15619365822,32,86
33458005730,2018-12-24 09:03:39,4,33607501966,transfert,20181224,90339,15619368695,32,87
33458005709,2018-12-24 09:03:39,4,33607501966,transfert,20181224,90339,15619368679,32,88
33458005730,2018-12-24 09:09:56,52,33607501966,transfert,20181224,90956,15619418984,32,89
33458005709,2018-12-24 09:09:56,52,33607501966,incoming,20181224,90956,15619418789,32,89
33458005730,2018-12-20 11:09:06,374,33608415338,transfert,20181220,110906,15600319368,33,90
33458005709,2018-12-20 11:09:06,374,33608415338,incoming,20181220,110906,15600318525,33,90
33458005707,2018-12-26 17:20:50,290,33609925333,incoming,20181226,172050,15631275906,34,91
33458005730,2018-12-04 17:22:00,17,33611174432,transfert,20181204,172200,15517349230,35,92
33458005709,2018-12-04 17:22:00,17,33611174432,incoming,20181204,172200,15517349532,35,92
33458005730,2018-12-04 17:22:47,55,33611174432,transfert,20181204,172247,15517359122,35,93
33458005707,2018-12-04 17:22:47,55,33611174432,incoming,20181204,172247,15517359096,35,93
33458005730,2018-12-13 14:31:08,1549,33611174432,transfert,20181213,143108,15563487779,35,94
33458005709,2018-12-13 14:31:09,1549,33611174432,incoming,20181213,143109,15563483135,35,94
33458005730,2018-12-14 16:27:16,128,33611174432,transfert,20181214,162716,15570234827,35,95
33458005709,2018-12-14 16:27:16,128,33611174432,transfert,20181214,162716,15570234900,35,96
33458005730,2018-12-14 16:28:00,43,33611174432,transfert,20181214,162800,15570227293,35,97
33458005707,2018-12-14 16:28:00,43,33611174432,incoming,20181214,162800,15570227253,35,97
33458005730,2018-12-14 17:43:55,123,33611174432,transfert,20181214,174355,15570674019,35,98
33458005707,2018-12-14 17:43:55,123,33611174432,incoming,20181214,174355,15570673783,35,98
33458005730,2018-12-14 17:56:51,206,33611174432,transfert,20181214,175651,15570724880,35,99
33458005707,2018-12-14 17:56:51,206,33611174432,incoming,20181214,175651,15570724854,35,99
33458005730,2018-12-17 12:40:43,0,33611174432,transfert,20181217,124043,15582309412,35,100
33458005709,2018-12-17 12:40:43,0,33611174432,miss,20181217,124043,15582309416,35,100
33458005730,2018-12-17 16:23:27,5,33611174432,transfert,20181217,162327,15583963935,35,101
33458005709,2018-12-17 16:23:27,5,33611174432,transfert,20181217,162327,15583963184,35,102
33458005730,2018-12-17 16:23:47,470,33611174432,transfert,20181217,162347,15584037646,35,103
33458005707,2018-12-17 16:23:47,470,33611174432,incoming,20181217,162347,15584037779,35,103
33458005730,2018-12-21 16:22:03,2,33611174432,transfert,20181221,162203,15608428159,35,104
33458005707,2018-12-21 16:22:03,2,33611174432,transfert,20181221,162203,15608428121,35,105
33458005730,2018-12-21 16:22:37,0,33611174432,transfert,20181221,162237,15608432633,35,106
33458005709,2018-12-21 16:22:37,0,33611174432,miss,20181221,162237,15608433143,35,106
33458005730,2018-12-21 17:23:53,1128,33611174432,transfert,20181221,172353,15608983916,35,107
33458005707,2018-12-21 17:23:53,1128,33611174432,incoming,20181221,172353,15608983891,35,107
33458005730,2018-12-31 15:51:56,107,33611174432,transfert,20181231,155156,15654323638,35,108
33458005709,2018-12-31 15:51:56,107,33611174432,incoming,20181231,155156,15654323649,35,108
33458005730,2018-12-10 15:41:02,227,33611458812,transfert,20181210,154102,15546903003,36,109
33458005707,2018-12-10 15:41:02,227,33611458812,incoming,20181210,154102,15546902810,36,109
33458005730,2018-12-11 10:46:36,5,33611863952,transfert,20181211,104636,15550328949,37,110
33458005707,2018-12-11 10:46:36,5,33611863952,transfert,20181211,104636,15550329581,37,111
33458005730,2018-12-21 16:00:08,46,33611875634,transfert,20181221,160008,15608247948,38,112
33458005707,2018-12-21 16:00:08,46,33611875634,transfert,20181221,160008,15608247934,38,113
33458005730,2018-12-27 16:42:22,75,33614477196,transfert,20181227,164222,15636700803,39,114
33458005709,2018-12-27 16:42:23,75,33614477196,incoming,20181227,164223,15636700775,39,114
33458005730,2018-12-06 17:28:17,125,33616238436,transfert,20181206,172817,15528613459,40,115
33458005709,2018-12-06 17:28:17,125,33616238436,incoming,20181206,172817,15528613385,40,115
33458005730,2018-12-07 16:36:50,104,33616238436,transfert,20181207,163650,15534092421,40,116
33458005709,2018-12-07 16:36:50,104,33616238436,incoming,20181207,163650,15534092390,40,116
33458005730,2018-12-04 17:51:26,12,33616517426,transfert,20181204,175126,15517532337,41,117
33458005709,2018-12-04 17:51:26,12,33616517426,transfert,20181204,175126,15517532314,41,118
33458005730,2018-12-17 15:27:40,255,33616517426,transfert,20181217,152740,15583506709,41,119
33458005709,2018-12-17 15:27:40,255,33616517426,incoming,20181217,152740,15583507001,41,119
33458005709,2018-12-17 16:53:25,167,33616517426,incoming,20181217,165325,15584246378,41,119
33458005730,2018-12-04 14:31:13,14,33616571602,transfert,20181204,143113,15515859755,42,120
33458005707,2018-12-04 14:31:13,14,33616571602,transfert,20181204,143113,15515859657,42,121
33458005730,2018-12-04 14:34:07,165,33616571602,transfert,20181204,143407,15515908359,42,122
33458005709,2018-12-04 14:34:07,165,33616571602,incoming,20181204,143407,15515908736,42,122
33458005730,2018-12-11 11:43:54,176,33616571602,transfert,20181211,114354,15550903372,42,123
33458005707,2018-12-11 11:43:54,176,33616571602,incoming,20181211,114354,15550902763,42,123
33458005730,2018-12-04 16:37:01,700,33620465637,transfert,20181204,163701,15517108635,43,124
33458005709,2018-12-04 16:37:01,700,33620465637,incoming,20181204,163701,15517108625,43,124
33458005730,2018-12-04 17:08:58,250,33620465637,transfert,20181204,170858,15517284854,43,125
33458005709,2018-12-04 17:08:58,250,33620465637,incoming,20181204,170858,15517284724,43,125
33458005730,2018-12-04 17:36:24,12,33620465637,transfert,20181204,173624,15517443249,43,126
33458005709,2018-12-04 17:36:24,12,33620465637,transfert,20181204,173624,15517443242,43,127
33458005730,2018-12-04 17:36:59,18,33620465637,transfert,20181204,173659,15517447189,43,128
33458005709,2018-12-04 17:36:59,18,33620465637,transfert,20181204,173659,15517447120,43,129
33458005730,2018-12-21 09:20:55,323,33623387341,transfert,20181221,92055,15605187989,44,130
33458005707,2018-12-21 09:20:55,323,33623387341,incoming,20181221,92055,15605187937,44,130
33458005707,2018-12-03 11:08:42,91,33627842627,incoming,20181203,110842,15508590819,45,131
33458005730,2018-12-03 15:29:23,62,33630798140,transfert,20181203,152923,15510443037,46,132
33458005709,2018-12-03 15:29:23,62,33630798140,incoming,20181203,152923,15510442745,46,132
33458005730,2018-12-04 09:50:46,40,33630798140,transfert,20181204,95046,15513816567,46,133
33458005709,2018-12-04 09:50:46,40,33630798140,incoming,20181204,95046,15513817324,46,133
33458005730,2018-12-07 10:09:42,100,33630798140,transfert,20181207,100942,15531286870,46,134
33458005709,2018-12-07 10:09:42,100,33630798140,incoming,20181207,100942,15531286443,46,134
33458005730,2018-12-10 14:13:28,405,33632660386,transfert,20181210,141328,15546174442,47,135
33458005709,2018-12-10 14:13:28,405,33632660386,incoming,20181210,141328,15546174642,47,135
33458005730,2018-12-24 11:46:49,12,33632660386,transfert,20181224,114649,15620483485,47,136
33458005709,2018-12-24 11:46:49,12,33632660386,transfert,20181224,114649,15620483474,47,137
33458005730,2018-12-24 11:47:42,45,33632660386,transfert,20181224,114742,15620491193,47,138
33458005707,2018-12-24 11:47:42,45,33632660386,transfert,20181224,114742,15620491143,47,139
33458005730,2018-12-24 14:57:39,15,33632660386,transfert,20181224,145739,15621359198,47,140
33458005707,2018-12-24 14:57:39,15,33632660386,transfert,20181224,145739,15621359206,47,141
33458005730,2018-12-05 17:00:40,932,33633219783,transfert,20181205,170040,15522919335,48,142
33458005707,2018-12-05 17:00:40,932,33633219783,incoming,20181205,170040,15522919367,48,142
33458005730,2018-12-06 09:12:31,780,33633219783,transfert,20181206,91231,15524995149,48,143
33458005707,2018-12-06 09:12:31,780,33633219783,incoming,20181206,91231,15524995092,48,143
33458005730,2018-12-20 16:31:11,139,33633219783,transfert,20181220,163111,15602572382,48,144
33458005707,2018-12-20 16:31:11,139,33633219783,incoming,20181220,163111,15602572348,48,144
33458005707,2018-12-03 15:13:49,49,33643024545,incoming,20181203,151349,15510307559,49,145
33458005730,2018-12-04 17:23:33,301,33648600528,transfert,20181204,172333,15517390994,50,146
33458005709,2018-12-04 17:23:33,301,33648600528,incoming,20181204,172333,15517390980,50,146
33458005730,2018-12-21 10:34:06,12,33650598919,transfert,20181221,103406,15605789946,51,147
33458005709,2018-12-21 10:34:06,12,33650598919,transfert,20181221,103406,15605790393,51,148
33458005730,2018-12-12 10:30:14,57,33659637105,transfert,20181212,103014,15555994822,52,149
33458005709,2018-12-12 10:30:14,57,33659637105,incoming,20181212,103014,15555994527,52,149
33458005730,2018-12-19 16:56:40,236,33659637105,transfert,20181219,165640,15596685812,52,150
33458005709,2018-12-19 16:56:40,236,33659637105,incoming,20181219,165640,15596685868,52,150
33458005730,2018-12-04 14:28:54,252,33660294582,transfert,20181204,142854,15515872674,53,151
33458005707,2018-12-04 14:28:54,252,33660294582,incoming,20181204,142854,15515872694,53,151
33458005730,2018-12-03 09:41:18,220,33660763580,transfert,20181203,94118,15507772276,54,152
33458005707,2018-12-03 09:41:18,220,33660763580,incoming,20181203,94118,15507772245,54,152
33458005730,2018-12-12 14:31:48,1196,33662083520,transfert,20181212,143148,15557738381,55,153
33458005707,2018-12-12 14:31:48,1196,33662083520,incoming,20181212,143148,15557738291,55,153
33458005730,2018-12-04 17:16:52,324,33663909354,transfert,20181204,171652,15517350352,56,154
33458005707,2018-12-04 17:16:52,324,33663909354,incoming,20181204,171652,15517350420,56,154
33458005709,2018-12-14 17:00:25,39,33664672181,incoming,20181214,170025,15570438938,57,155
33458005709,2018-12-14 17:15:58,207,33664672181,incoming,20181214,171558,15570556996,57,155
33458005709,2018-12-17 16:43:57,9,33664672181,transfert,20181217,164357,15584145868,57,156
33458005709,2018-12-17 16:49:53,62,33664672181,incoming,20181217,164953,15584200865,57,156
33458005709,2018-12-18 11:56:27,5,33664672181,transfert,20181218,115627,15588255587,57,157
33458005709,2018-12-18 12:11:14,58,33664672181,incoming,20181218,121114,15588369398,57,157
33458005709,2018-12-18 16:56:48,72,33664672181,incoming,20181218,165648,15590559550,57,157
33458005730,2018-12-21 10:37:45,11,33667791897,transfert,20181221,103745,15605821952,58,158
33458005709,2018-12-21 10:37:45,11,33667791897,transfert,20181221,103745,15605822003,58,159
33458005730,2018-12-21 10:38:41,10,33667791897,transfert,20181221,103841,15605829547,58,160
33458005707,2018-12-21 10:38:41,10,33667791897,transfert,20181221,103841,15605829662,58,161
33458005730,2018-12-14 09:39:02,286,33669410401,transfert,20181214,93902,15567211804,59,162
33458005707,2018-12-14 09:39:02,286,33669410401,incoming,20181214,93902,15567211715,59,162
33458005730,2018-12-04 15:58:40,170,33673460704,transfert,20181204,155840,15516713278,60,163
33458005709,2018-12-04 15:58:40,170,33673460704,incoming,20181204,155840,15516712898,60,163
33458005730,2018-12-04 18:03:13,4,33673460704,transfert,20181204,180313,15517592631,60,164
33458005709,2018-12-04 18:03:13,4,33673460704,transfert,20181204,180313,15517592679,60,165
33458005730,2018-12-05 08:45:20,49,33673460704,transfert,20181205,84520,15519257042,60,166
33458005709,2018-12-05 08:45:20,49,33673460704,transfert,20181205,84520,15519257050,60,167
33458005730,2018-12-05 09:45:44,711,33673460704,transfert,20181205,94544,15519760663,60,168
33458005709,2018-12-05 09:45:44,711,33673460704,incoming,20181205,94544,15519760798,60,168
33458005730,2018-12-06 16:34:37,521,33673460704,transfert,20181206,163437,15528267908,60,169
33458005709,2018-12-06 16:34:37,521,33673460704,incoming,20181206,163437,15528267925,60,169
33458005707,2018-12-12 15:05:29,62,33673460704,incoming,20181212,150529,15557864528,60,169
33458005709,2018-12-13 08:47:26,10,33673460704,transfert,20181213,84726,15560886179,60,170
33458005709,2018-12-13 09:00:56,3,33673460704,transfert,20181213,90056,15560955264,60,171
33458005709,2018-12-13 09:59:20,407,33673460704,incoming,20181213,95920,15561514261,60,171
33458005709,2018-12-13 15:58:40,107,33673460704,incoming,20181213,155840,15564025702,60,171
33458005730,2018-12-04 11:42:46,675,33673626082,transfert,20181204,114246,15514990053,61,172
33458005709,2018-12-04 11:42:46,675,33673626082,incoming,20181204,114246,15514989881,61,172
33458005709,2018-12-17 09:08:21,265,33675890059,incoming,20181217,90821,15580362953,62,173
33458005709,2018-12-17 09:15:38,236,33675890059,incoming,20181217,91538,15580431480,62,173
33458005709,2018-12-17 09:20:27,171,33675890059,incoming,20181217,92027,15580461369,62,173
33458005709,2018-12-17 09:57:35,85,33675890059,incoming,20181217,95735,15580820613,62,173
33458005709,2018-12-17 15:38:31,14,33675890059,transfert,20181217,153831,15583563091,62,174
33458005709,2018-12-17 15:38:57,4,33675890059,transfert,20181217,153857,15583565468,62,175
33458005730,2018-12-17 15:39:48,17,33675890059,transfert,20181217,153948,15583576697,62,176
33458005709,2018-12-17 15:39:48,17,33675890059,transfert,20181217,153948,15583576389,62,177
33458005709,2018-12-21 13:23:39,6,33675890059,transfert,20181221,132339,15606988777,62,178
33458005709,2018-12-21 13:35:27,543,33675890059,incoming,20181221,133527,15607088996,62,178
33458005709,2018-12-21 16:19:06,7,33675890059,transfert,20181221,161906,15608403850,62,179
33458005709,2018-12-21 16:19:41,338,33675890059,incoming,20181221,161941,15608452308,62,179
33458005730,2018-12-10 11:35:18,217,33676559014,transfert,20181210,113518,15545284337,63,180
33458005709,2018-12-10 11:35:18,217,33676559014,incoming,20181210,113518,15545283556,63,180
33458005709,2018-12-10 11:56:26,34,33676559014,incoming,20181210,115626,15545437702,63,180
33458005709,2018-12-12 10:11:37,261,33676559014,incoming,20181212,101137,15555855844,63,180
33458005709,2018-12-17 18:16:20,123,33676900130,incoming,20181217,181620,15584787411,64,181
33458005709,2018-12-28 11:05:18,326,33676900130,incoming,20181228,110518,15639954596,64,181
33458005709,2018-12-14 14:37:07,9,33677225208,transfert,20181214,143707,15569306776,65,182
33458005707,2018-12-14 14:38:32,279,33677225208,incoming,20181214,143832,15569355783,65,182
33458005730,2018-12-24 15:52:35,114,33679684621,transfert,20181224,155235,15621641580,66,183
33458005709,2018-12-24 15:52:35,114,33679684621,incoming,20181224,155235,15621641513,66,183
33458005708,2018-12-06 15:19:31,0,33681186051,miss,20181206,151931,15527659049,67,184
33458005730,2018-12-03 17:34:09,721,33681330992,transfert,20181203,173409,15511544256,68,185
33458005707,2018-12-03 17:34:09,721,33681330992,incoming,20181203,173409,15511544094,68,185
33458005730,2018-12-15 11:43:36,6,33681374820,transfert,20181215,114336,15573117853,69,186
33458005709,2018-12-15 11:43:36,6,33681374820,transfert,20181215,114336,15573117864,69,187
33458005730,2018-12-17 11:15:33,237,33681374820,transfert,20181217,111533,15581677456,69,188
33458005709,2018-12-17 11:15:33,237,33681374820,incoming,20181217,111533,15581678050,69,188
33458005709,2018-12-17 15:52:14,696,33681374820,incoming,20181217,155214,15583791097,69,188
33458005709,2018-12-18 17:09:31,5,33681374820,transfert,20181218,170931,15590653067,69,189
33458005730,2018-12-18 17:13:46,1,33681374820,transfert,20181218,171346,15590687165,69,190
33458005709,2018-12-18 17:13:46,1,33681374820,transfert,20181218,171346,15590687112,69,191
33458005730,2018-12-18 17:15:19,14,33681374820,transfert,20181218,171519,15590701067,69,192
33458005709,2018-12-18 17:15:19,14,33681374820,transfert,20181218,171519,15590700905,69,193
33458005730,2018-12-21 16:51:51,202,33681541196,transfert,20181221,165151,15608689528,70,194
33458005709,2018-12-21 16:51:51,202,33681541196,incoming,20181221,165151,15608689515,70,194
33458005707,2018-12-04 16:06:51,5,33681804047,transfert,20181204,160651,15516768282,71,195
33458005730,2018-12-07 11:55:21,296,33682859561,transfert,20181207,115521,15532230515,72,196
33458005707,2018-12-07 11:55:21,296,33682859561,incoming,20181207,115521,15532230656,72,196
33458005730,2018-12-04 14:05:02,114,33686036353,transfert,20181204,140502,15515640787,73,197
33458005707,2018-12-04 14:05:02,114,33686036353,incoming,20181204,140502,15515640820,73,197
33458005707,2018-12-26 17:14:47,205,33686260094,incoming,20181226,171447,15631237340,74,198
33458005709,2018-12-10 17:37:37,35,33687370727,transfert,20181210,173737,15547711741,75,199
33458005730,2018-12-21 10:32:51,38,33688453907,transfert,20181221,103251,15605781322,76,200
33458005709,2018-12-21 10:32:51,38,33688453907,transfert,20181221,103251,15605781385,76,201
33458005730,2018-12-21 10:57:06,5,33688453907,transfert,20181221,105706,15606014208,76,202
33458005709,2018-12-21 10:57:06,5,33688453907,transfert,20181221,105706,15606015722,76,203
33458005730,2018-12-21 10:57:47,299,33688453907,transfert,20181221,105747,15606066956,76,204
33458005707,2018-12-21 10:57:47,299,33688453907,incoming,20181221,105747,15606067073,76,204
33458005730,2018-12-21 11:04:28,521,33688453907,transfert,20181221,110428,15606170228,76,205
33458005709,2018-12-21 11:04:28,521,33688453907,incoming,20181221,110428,15606170726,76,205
33458005730,2018-12-21 14:42:39,1012,33688453907,transfert,20181221,144239,15607696538,76,206
33458005709,2018-12-21 14:42:39,1012,33688453907,incoming,20181221,144239,15607696574,76,206
33458005707,2018-12-20 15:43:31,368,33698084399,incoming,20181220,154331,15602201090,77,207
33458005730,2018-12-07 16:04:17,12,33698907109,transfert,20181207,160417,15533818012,78,208
33458005709,2018-12-07 16:04:17,12,33698907109,transfert,20181207,160417,15533818084,78,209
33458005730,2018-12-07 16:05:08,62,33698907109,transfert,20181207,160508,15533832644,78,210
33458005709,2018-12-07 16:05:09,62,33698907109,incoming,20181207,160509,15533830993,78,210
33458005730,2018-12-14 09:24:24,47,33761607765,transfert,20181214,92424,15567051964,79,211
33458005709,2018-12-14 09:24:24,47,33761607765,transfert,20181214,92424,15567052067,79,212
33458005730,2018-12-14 11:41:33,884,33761807053,transfert,20181214,114133,15568424742,80,213
33458005709,2018-12-14 11:41:33,884,33761807053,incoming,20181214,114133,15568424915,80,213
33458005730,2018-12-21 09:10:12,319,33951787905,transfert,20181221,91012,15605103603,81,214
33458005709,2018-12-21 09:10:12,319,33951787905,incoming,20181221,91012,15605103429,81,214
33458005730,2018-12-24 10:23:27,83,33951787905,transfert,20181224,102327,15619963380,81,215
33458005709,2018-12-24 10:23:27,83,33951787905,incoming,20181224,102327,15619963571,81,215
33458005730,2018-12-10 16:12:31,149,41799459951,transfert,20181210,161231,15547143838,82,216
33458005709,2018-12-10 16:12:31,149,41799459951,incoming,20181210,161231,15547144075,82,216
33458005730,2018-12-19 13:17:43,13,420603222836,transfert,20181219,131743,15594970607,83,217
33458005707,2018-12-19 13:17:43,13,420603222836,transfert,20181219,131743,15594970602,83,218
33458005730,2018-12-01 12:48:37,57,442084801108,transfert,20181201,124837,15500908811,84,219
33458005709,2018-12-01 12:48:37,57,442084801108,transfert,20181201,124837,15500908804,84,220
33458005730,2018-12-01 12:50:40,20,442084801108,transfert,20181201,125040,15500912414,84,221
33458005707,2018-12-01 12:50:40,20,442084801108,transfert,20181201,125040,15500912420,84,222
33458005730,2018-12-06 11:44:07,321,448453136020,transfert,20181206,114407,15526272000,85,223
33458005707,2018-12-06 11:44:07,321,448453136020,incoming,20181206,114407,15526271947,85,223
33458005730,2018-12-06 12:51:30,6,448453136020,transfert,20181206,125130,15526612173,85,224
33458005707,2018-12-06 12:51:30,6,448453136020,transfert,20181206,125130,15526612118,85,225
33458005730,2018-12-13 13:18:54,18,46752415129,transfert,20181213,131854,15562844301,86,226
33458005709,2018-12-13 13:18:54,18,46752415129,transfert,20181213,131854,15562844333,86,227
33458005730,2018-12-13 13:35:45,15,46752415129,transfert,20181213,133545,15562907636,86,228
33458005709,2018-12-13 13:35:45,15,46752415129,transfert,20181213,133545,15562907629,86,229
33458005730,2018-12-19 10:30:12,616,4755583077,transfert,20181219,103012,15593815097,87,230
33458005707,2018-12-19 10:30:12,616,4755583077,incoming,20181219,103012,15593815035,87,230
33458005730,2018-12-20 15:07:32,92,594594401099,transfert,20181220,150732,15601850936,88,231
33458005709,2018-12-20 15:07:32,92,594594401099,incoming,20181220,150732,15601850807,88,231
33458005730,2018-12-20 15:49:09,0,594594401099,transfert,20181220,154909,15602197670,88,232
33458005709,2018-12-20 15:49:09,0,594594401099,miss,20181220,154909,15602197684,88,232
33458005730,2018-12-20 15:49:55,143,594594401099,transfert,20181220,154955,15602226566,88,233
33458005709,2018-12-20 15:49:55,143,594594401099,incoming,20181220,154955,15602226987,88,233
33458005707,2018-12-26 16:01:36,2006,596696327690,incoming,20181226,160136,15631010751,89,234
33458005730,2018-12-20 11:12:10,13,60193260502,transfert,20181220,111210,15600295776,90,235
33458005709,2018-12-20 11:12:10,13,60193260502,transfert,20181220,111210,15600295703,90,236
33458005730,2018-12-20 11:13:07,1416,60193260502,transfert,20181220,111307,15600525114,90,237
33458005707,2018-12-20 11:13:07,1416,60193260502,incoming,20181220,111307,15600525224,90,237
33458005730,2018-12-23 11:35:40,22,97125535288,transfert,20181223,113540,15615535219,91,238
33458005707,2018-12-23 11:35:40,22,97125535288,transfert,20181223,113540,15615535224,91,239
33458005730,2018-12-23 11:57:47,5,97125535288,transfert,20181223,115747,15615593105,91,240
33458005707,2018-12-23 11:57:47,5,97125535288,transfert,20181223,115747,15615593056,91,241
