phoneLine,datetime,duration,callingNumber,nature,date,time,idkey,customerCount,callCount
33458005730,2021-11-22 11:45:44,59,+16672478168,transfert,20211122,114544,110820673727,1,1
33458005709,2021-11-22 11:45:44,59,+16672478168,incoming,20211122,114544,110820673684,1,1
33458005730,2021-11-03 15:46:27,705,+17174180231,transfert,20211103,154627,110733478369,2,2
33458005730,2021-11-03 09:20:38,9,+212673705766,transfert,20211103,92038,110729157779,3,3
33458005730,2021-11-03 11:10:56,520,+212673705766,transfert,20211103,111056,110730796544,3,4
33458005730,2021-11-03 16:43:18,81,+212673705766,transfert,20211103,164318,110734008187,3,5
33458005730,2021-11-03 16:47:25,99,+212673705766,transfert,20211103,164725,110734056167,3,6
33458005730,2021-11-16 15:31:32,103,+212673705766,transfert,20211116,153132,110793566230,3,7
33458005709,2021-11-16 15:31:32,103,+212673705766,incoming,20211116,153132,110793565948,3,7
33458005730,2021-11-16 16:42:26,84,+212673705766,transfert,20211116,164226,110794460145,3,8
33458005709,2021-11-16 16:42:26,84,+212673705766,incoming,20211116,164226,110794460371,3,8
33458005730,2021-11-05 10:36:48,0,+212688972776,transfert,20211105,103648,110743037028,4,9
33458005709,2021-11-05 10:36:48,0,+212688972776,miss,20211105,103648,110743042691,4,9
33458005730,2021-11-05 15:09:09,5,+2250779472979,transfert,20211105,150909,110745628167,5,10
33458005730,2021-11-08 10:55:28,44,+2250779472979,transfert,20211108,105528,110752167726,5,11
33458005707,2021-11-08 10:55:28,44,+2250779472979,incoming,20211108,105528,110752169859,5,11
33458005730,2021-11-17 10:36:03,69,+2252722484545,transfert,20211117,103603,110797234585,6,12
33458005707,2021-11-17 10:36:03,69,+2252722484545,incoming,20211117,103603,110797234730,6,12
33458005730,2021-11-26 14:09:16,7,+22995921954,transfert,20211126,140916,110849893460,7,13
33458005707,2021-11-26 14:09:16,7,+22995921954,incoming,20211126,140916,110849893888,7,13
33458005730,2021-11-26 14:09:58,5,+22995921954,transfert,20211126,140958,110849896061,7,14
33458005707,2021-11-26 14:09:58,5,+22995921954,incoming,20211126,140958,110849895674,7,14
33458005730,2021-11-10 11:41:28,1013,+262692223550,transfert,20211110,114128,110766900397,8,15
33458005730,2021-11-26 11:14:07,1,+262692223550,transfert,20211126,111407,110848276954,8,16
33458005709,2021-11-26 11:14:07,1,+262692223550,incoming,20211126,111407,110848277830,8,16
33458005730,2021-11-02 09:30:37,24,+27114822045,transfert,20211102,93037,110722075390,9,17
33458005707,2021-11-02 09:30:37,24,+27114822045,transfert,20211102,93037,110722089139,9,18
33458005730,2021-11-02 10:06:22,11,+27114822045,transfert,20211102,100622,110722667528,9,19
33458005707,2021-11-02 10:06:22,11,+27114822045,transfert,20211102,100622,110722683301,9,20
33458005730,2021-11-02 11:00:36,143,+27114822045,transfert,20211102,110036,110723613895,9,21
33458005707,2021-11-02 11:00:36,143,+27114822045,incoming,20211102,110036,110723618457,9,21
33458005730,2021-11-04 10:46:16,154,+27114822045,transfert,20211104,104616,110736776842,9,22
33458005730,2021-11-08 10:19:21,24,+27114822045,transfert,20211108,101921,110751612731,9,23
33458005707,2021-11-08 10:19:21,24,+27114822045,transfert,20211108,101921,110751617256,9,24
33458005730,2021-11-08 10:29:27,112,+27114822045,transfert,20211108,102927,110751780896,9,25
33458005707,2021-11-08 10:29:27,112,+27114822045,incoming,20211108,102927,110751799309,9,25
33458005730,2021-11-02 16:35:13,0,+31653111382,transfert,20211102,163513,110727357128,10,26
33458005709,2021-11-02 16:35:13,0,+31653111382,miss,20211102,163513,110727361310,10,26
33458005730,2021-11-12 11:08:10,263,+32460950013,transfert,20211112,110810,110775030914,11,27
33458005709,2021-11-12 11:08:10,263,+32460950013,incoming,20211112,110810,110775026719,11,27
33458005730,2021-11-12 14:11:46,0,+32460950013,transfert,20211112,141146,110776464434,11,28
33458005709,2021-11-12 14:11:46,0,+32460950013,miss,20211112,141146,110776462284,11,28
33458005730,2021-11-12 14:48:02,0,+32460950013,transfert,20211112,144802,110776843619,11,29
33458005709,2021-11-12 14:48:02,0,+32460950013,miss,20211112,144802,110776845508,11,29
33458005730,2021-11-12 15:06:30,247,+32460950013,transfert,20211112,150630,110777069253,11,30
33458005709,2021-11-12 15:06:30,247,+32460950013,incoming,20211112,150630,110777068803,11,30
33458005730,2021-11-16 09:29:07,359,+32460950013,transfert,20211116,92907,110789242248,11,31
33458005709,2021-11-16 09:29:07,359,+32460950013,incoming,20211116,92907,110789241019,11,31
33458005730,2021-11-16 09:44:45,0,+32460950013,transfert,20211116,94445,110789390674,11,32
33458005709,2021-11-16 09:44:45,0,+32460950013,miss,20211116,94445,110789391247,11,32
33458005730,2021-11-16 09:49:49,116,+32460950013,transfert,20211116,94949,110789470585,11,33
33458005709,2021-11-16 09:49:49,116,+32460950013,incoming,20211116,94949,110789471180,11,33
33458005730,2021-11-19 10:27:39,246,+32460950013,transfert,20211119,102739,110810527899,11,34
33458005709,2021-11-19 10:27:39,246,+32460950013,incoming,20211119,102739,110810527593,11,34
33458005730,2021-11-23 16:49:23,672,+32486418501,transfert,20211123,164923,110831395145,12,35
33458005709,2021-11-23 16:49:23,672,+32486418501,incoming,20211123,164923,110831395233,12,35
33458005730,2021-11-15 17:26:06,0,+3267830185,transfert,20211115,172606,110787772156,13,36
33458005709,2021-11-15 17:26:06,0,+3267830185,miss,20211115,172606,110787772345,13,36
33458005730,2021-11-24 14:07:50,5,+33141629000,transfert,20211124,140750,110836053282,14,37
33458005707,2021-11-24 14:07:50,5,+33141629000,incoming,20211124,140750,110836054104,14,37
33458005730,2021-11-29 17:10:28,9,+33141707070,transfert,20211129,171028,110862456426,15,38
33458005707,2021-11-29 17:10:28,9,+33141707070,transfert,20211129,171028,110862456595,15,39
33458005730,2021-11-08 15:30:32,95,+33148769436,transfert,20211108,153032,110755170898,16,40
33458005707,2021-11-08 15:30:32,95,+33148769436,incoming,20211108,153032,110755170545,16,40
33458005730,2021-11-15 11:51:51,91,+33155123964,transfert,20211115,115151,110784252724,17,41
33458005707,2021-11-15 11:51:51,91,+33155123964,incoming,20211115,115151,110784253709,17,41
33458005730,2021-11-18 11:25:21,0,+33155123964,transfert,20211118,112521,110804638979,17,42
33458005709,2021-11-18 11:25:21,0,+33155123964,miss,20211118,112521,110804638917,17,42
33458005730,2021-11-18 11:25:30,9,+33155123964,transfert,20211118,112530,110804650048,17,43
33458005707,2021-11-18 11:25:30,9,+33155123964,transfert,20211118,112530,110804649479,17,44
33458005730,2021-11-04 09:43:19,12,+33158281106,transfert,20211104,94319,110735901910,18,45
33458005707,2021-11-04 09:43:19,12,+33158281106,transfert,20211104,94319,110735903888,18,46
33458005730,2021-11-18 17:53:36,41,+33158281106,transfert,20211118,175336,110808585390,18,47
33458005707,2021-11-18 17:53:36,41,+33158281106,incoming,20211118,175336,110808585272,18,47
33458005730,2021-11-29 15:29:50,59,+33158281106,transfert,20211129,152950,110861148583,18,48
33458005709,2021-11-29 15:29:50,59,+33158281106,incoming,20211129,152950,110861148148,18,48
33458005730,2021-11-04 17:00:14,783,+33161378246,transfert,20211104,170014,110740713271,19,49
33458005730,2021-11-26 10:56:39,6,+33173301072,transfert,20211126,105639,110848015221,20,50
33458005707,2021-11-26 10:56:39,6,+33173301072,incoming,20211126,105639,110848014723,20,50
33458005730,2021-11-26 16:47:48,5,+33188749761,transfert,20211126,164748,110851851588,21,51
33458005707,2021-11-26 16:47:48,5,+33188749761,incoming,20211126,164748,110851851603,21,51
33458005730,2021-11-09 15:22:24,314,+33188885249,transfert,20211109,152224,110762029208,22,52
33458005707,2021-11-09 15:22:24,314,+33188885249,incoming,20211109,152224,110762031389,22,52
33458005730,2021-11-23 09:24:39,23,+33231662907,transfert,20211123,92439,110825841235,23,53
33458005707,2021-11-23 09:24:39,23,+33231662907,incoming,20211123,92439,110825841577,23,53
33458005730,2021-11-24 10:21:22,98,+33231662907,transfert,20211124,102122,110833812865,23,54
33458005707,2021-11-24 10:21:22,98,+33231662907,incoming,20211124,102122,110833812510,23,54
33458005730,2021-11-15 11:19:52,332,+33241460570,transfert,20211115,111952,110783836171,24,55
33458005709,2021-11-15 11:19:52,332,+33241460570,incoming,20211115,111952,110783837005,24,55
33458005730,2021-11-26 09:56:39,127,+33241831363,transfert,20211126,95639,110847165491,25,56
33458005709,2021-11-26 09:56:39,127,+33241831363,incoming,20211126,95639,110847165291,25,56
33458005707,2021-11-09 14:02:24,23,+33251797721,transfert,20211109,140224,110760944348,26,57
33458005730,2021-11-25 16:02:39,0,+33254745426,transfert,20211125,160239,110844364691,27,58
33458005709,2021-11-25 16:02:39,0,+33254745426,miss,20211125,160239,110844364949,27,58
33458005730,2021-11-25 16:22:06,0,+33254745426,transfert,20211125,162206,110844574037,27,59
33458005709,2021-11-25 16:22:06,0,+33254745426,miss,20211125,162206,110844574445,27,59
33458005730,2021-11-03 09:07:03,114,+33298282390,transfert,20211103,90703,110729020349,28,60
33458005730,2021-11-22 15:08:51,138,+33298282390,transfert,20211122,150851,110822772506,28,61
33458005707,2021-11-22 15:08:51,138,+33298282390,incoming,20211122,150851,110822772215,28,61
33458005730,2021-11-22 17:04:24,8,+33298282390,transfert,20211122,170424,110824215974,28,62
33458005707,2021-11-22 17:04:24,8,+33298282390,incoming,20211122,170424,110824215893,28,62
33458005730,2021-11-23 17:02:04,0,+33339033955,transfert,20211123,170204,110831447717,29,63
33458005709,2021-11-23 17:02:04,0,+33339033955,miss,20211123,170204,110831447282,29,63
33458005730,2021-11-09 15:39:59,459,+33383534773,transfert,20211109,153959,110762291710,30,64
33458005707,2021-11-09 15:39:59,459,+33383534773,incoming,20211109,153959,110762292778,30,64
33458005730,2021-11-23 09:23:32,11,+33384852210,transfert,20211123,92332,110825822792,31,65
33458005707,2021-11-23 09:23:32,11,+33384852210,incoming,20211123,92332,110825823118,31,65
33458005730,2021-11-23 09:24:54,0,+33384852210,transfert,20211123,92454,110825849995,31,66
33458005709,2021-11-23 09:24:54,0,+33384852210,miss,20211123,92454,110825849498,31,66
33458005730,2021-11-23 09:28:32,551,+33384852210,transfert,20211123,92832,110826000465,31,67
33458005707,2021-11-23 09:28:32,551,+33384852210,incoming,20211123,92832,110826000881,31,67
33458005730,2021-11-17 16:01:47,399,+33388180888,transfert,20211117,160147,110800756930,32,68
33458005707,2021-11-17 16:01:47,399,+33388180888,incoming,20211117,160147,110800757101,32,68
33458005730,2021-11-08 16:37:25,5,+33437858840,transfert,20211108,163725,110756021894,33,69
33458005707,2021-11-08 16:37:25,5,+33437858840,transfert,20211108,163725,110756021819,33,70
33458005730,2021-11-08 16:38:02,0,+33437858840,transfert,20211108,163802,110756022364,33,71
33458005707,2021-11-08 16:38:02,0,+33437858840,miss,20211108,163802,110756024381,33,71
33458005730,2021-11-08 16:38:54,4,+33437858840,transfert,20211108,163854,110756039849,33,72
33458005707,2021-11-08 16:38:54,4,+33437858840,transfert,20211108,163854,110756041170,33,73
33458005730,2021-11-18 11:22:33,377,+33450255915,transfert,20211118,112233,110804685400,34,74
33458005707,2021-11-18 11:22:33,377,+33450255915,incoming,20211118,112233,110804684324,34,74
33458005730,2021-11-18 15:32:42,5,+33450255915,transfert,20211118,153242,110807091218,34,75
33458005707,2021-11-18 15:32:42,5,+33450255915,transfert,20211118,153242,110807091021,34,76
33458005730,2021-11-18 15:41:39,0,+33450255915,transfert,20211118,154139,110807195747,34,77
33458005707,2021-11-18 15:41:39,0,+33450255915,miss,20211118,154139,110807196773,34,77
33458005730,2021-11-24 10:01:28,0,+33450514936,transfert,20211124,100128,110833536044,35,78
33458005709,2021-11-24 10:01:28,0,+33450514936,miss,20211124,100128,110833536136,35,78
33458005730,2021-11-24 10:03:44,74,+33450514936,transfert,20211124,100344,110833564334,35,79
33458005707,2021-11-24 10:03:44,74,+33450514936,incoming,20211124,100344,110833563923,35,79
33458005730,2021-11-05 11:00:13,6,+33456141963,transfert,20211105,110013,110743340360,36,80
33458001861,2021-11-05 11:00:48,0,+33456141963,miss,20211105,110048,110743350082,36,80
33458005730,2021-11-15 16:26:34,68,+33456190471,transfert,20211115,162634,110787137846,37,81
33458005709,2021-11-15 16:26:34,68,+33456190471,incoming,20211115,162634,110787137276,37,81
33458001861,2021-11-19 09:26:30,0,+33456648067,miss,20211119,92630,110809703073,38,82
33458001861,2021-11-19 15:04:37,570,+33456648067,incoming,20211119,150437,110813263789,38,82
33458005730,2021-11-09 15:04:14,0,+33458002013,transfert,20211109,150414,110761726400,39,83
33458005709,2021-11-09 15:04:14,0,+33458002013,miss,20211109,150414,110761726552,39,83
33458005730,2021-11-12 16:18:10,0,+33458002013,transfert,20211112,161810,110777788210,39,84
33458005709,2021-11-12 16:18:10,0,+33458002013,miss,20211112,161810,110777787287,39,84
33458005730,2021-11-02 14:25:55,111,+33458005730,transfert,20211102,142555,110725677041,40,85
33458005709,2021-11-02 14:25:55,104,+33458005730,incoming,20211102,142555,110725676703,40,85
33458005730,2021-11-02 14:34:13,351,+33458005730,transfert,20211102,143413,110725840334,40,86
33458005709,2021-11-02 14:34:13,347,+33458005730,incoming,20211102,143413,110725839920,40,86
33458005730,2021-11-02 14:40:38,10,+33458005730,transfert,20211102,144038,110725853103,40,87
33458005730,2021-11-02 14:47:00,45,+33458005730,transfert,20211102,144700,110725943192,40,88
33458005709,2021-11-02 14:47:01,36,+33458005730,incoming,20211102,144701,110725944552,40,88
33458001861,2021-11-09 15:23:46,230,+33458005730,incoming,20211109,152346,110762030629,40,88
33458005709,2021-11-29 16:23:24,0,+33458005730,miss,20211129,162324,110861866110,40,88
33458005709,2021-11-29 16:23:26,0,+33458005730,miss,20211129,162326,110861866476,40,88
33458005730,2021-11-26 16:20:19,47,+33458008077,transfert,20211126,162019,110851541098,41,89
33458005707,2021-11-26 16:20:19,47,+33458008077,incoming,20211126,162019,110851540877,41,89
33458005730,2021-11-04 11:38:01,0,+33473894879,transfert,20211104,113801,110737508082,42,90
33458005709,2021-11-04 11:38:01,0,+33473894879,miss,20211104,113801,110737511796,42,90
33458005730,2021-11-04 11:43:57,0,+33473894879,transfert,20211104,114357,110737519562,42,91
33458005709,2021-11-04 11:43:57,0,+33473894879,miss,20211104,114357,110737519448,42,91
33458005730,2021-11-04 17:11:05,241,+33473894879,transfert,20211104,171105,110740728715,42,92
33458005709,2021-11-04 17:11:05,241,+33473894879,incoming,20211104,171105,110740727253,42,92
33458005730,2021-11-15 17:11:52,0,+33473894879,transfert,20211115,171152,110787659064,42,93
33458005709,2021-11-15 17:11:52,0,+33473894879,miss,20211115,171152,110787659143,42,93
33458005730,2021-11-15 17:29:52,0,+33473894879,transfert,20211115,172952,110787826448,42,94
33458005709,2021-11-15 17:29:52,0,+33473894879,miss,20211115,172952,110787826336,42,94
33458005730,2021-11-15 17:39:57,0,+33473894879,transfert,20211115,173957,110787891363,42,95
33458005709,2021-11-15 17:39:57,0,+33473894879,miss,20211115,173957,110787891617,42,95
33458005730,2021-11-17 14:52:00,232,+33473894879,transfert,20211117,145200,110799873018,42,96
33458005709,2021-11-17 14:52:00,232,+33473894879,incoming,20211117,145200,110799873792,42,96
33458005730,2021-11-19 15:34:55,0,+33473894879,transfert,20211119,153455,110813531909,42,97
33458005709,2021-11-19 15:34:55,0,+33473894879,miss,20211119,153455,110813531676,42,97
33458005730,2021-11-19 15:37:58,201,+33473894879,transfert,20211119,153758,110813580399,42,98
33458005709,2021-11-19 15:37:58,201,+33473894879,incoming,20211119,153758,110813580557,42,98
33458001861,2021-11-08 09:34:17,0,+33475803872,miss,20211108,93417,110750916438,43,99
33458001861,2021-11-08 09:34:28,0,+33475803872,miss,20211108,93428,110750931221,43,99
33458001861,2021-11-08 11:34:32,47,+33475803872,incoming,20211108,113432,110752740328,43,99
33458001861,2021-11-24 15:34:41,124,+33475803874,incoming,20211124,153441,110837139148,44,100
33458001861,2021-11-03 14:08:37,168,+33475818427,incoming,20211103,140837,110732227623,45,101
33458001861,2021-11-18 15:19:07,0,+33476234344,miss,20211118,151907,110806918600,46,102
33458005730,2021-11-22 14:09:17,101,+33476234349,transfert,20211122,140917,110821988699,47,103
33458005707,2021-11-22 14:09:17,101,+33476234349,incoming,20211122,140917,110821989061,47,103
33458005730,2021-11-22 10:31:02,0,+33476668542,transfert,20211122,103102,110819600985,48,104
33458005709,2021-11-22 10:31:02,0,+33476668542,miss,20211122,103102,110819601697,48,104
33458005730,2021-11-22 10:32:48,83,+33476668542,transfert,20211122,103248,110819644996,48,105
33458005707,2021-11-22 10:32:48,83,+33476668542,incoming,20211122,103248,110819643810,48,105
33458001861,2021-11-04 16:47:07,0,+33476775541,miss,20211104,164707,110740448832,49,106
33458005730,2021-11-04 16:49:39,84,+33476775541,transfert,20211104,164939,110740493905,49,107
33458005709,2021-11-04 16:49:40,84,+33476775541,incoming,20211104,164940,110740494903,49,107
33458001861,2021-11-09 10:15:04,56,+33476844790,incoming,20211109,101504,110758634579,50,108
33458001861,2021-11-18 11:21:42,15,+33476844790,incoming,20211118,112142,110804594049,50,108
33458001861,2021-11-26 11:54:09,71,+33476844790,incoming,20211126,115409,110848858804,50,108
33458005730,2021-11-03 11:15:52,68,+33476986415,transfert,20211103,111552,110730761429,51,109
33458005730,2021-11-26 14:28:28,222,+33479310660,transfert,20211126,142828,110850164490,52,110
33458005707,2021-11-26 14:28:28,222,+33479310660,incoming,20211126,142828,110850164125,52,110
33458005730,2021-11-22 15:42:27,315,+33479640255,transfert,20211122,154227,110823264595,53,111
33458005709,2021-11-22 15:42:27,315,+33479640255,incoming,20211122,154227,110823265270,53,111
33458005730,2021-11-29 16:22:51,29,+33479640255,transfert,20211129,162251,110861866133,53,112
33458005707,2021-11-29 16:22:51,29,+33479640255,incoming,20211129,162251,110861865404,53,112
33458005730,2021-11-29 16:23:41,58,+33479640255,transfert,20211129,162341,110861884673,53,113
33458005707,2021-11-29 16:23:41,58,+33479640255,incoming,20211129,162341,110861885029,53,113
33458005730,2021-11-29 16:58:38,14,+33479640255,transfert,20211129,165838,110862327665,53,114
33458005707,2021-11-29 16:58:38,14,+33479640255,transfert,20211129,165838,110862326027,53,115
33458005730,2021-11-26 14:35:51,38,+33485880462,transfert,20211126,143551,110850220321,54,116
33458005707,2021-11-26 14:35:51,38,+33485880462,incoming,20211126,143551,110850221359,54,116
33458005730,2021-11-16 10:11:58,113,+33487914759,transfert,20211116,101158,110789809863,55,117
33458005709,2021-11-16 10:11:58,113,+33487914759,incoming,20211116,101158,110789811603,55,117
33458005730,2021-11-22 09:42:10,0,+33494964141,transfert,20211122,94210,110818879639,56,118
33458005709,2021-11-22 09:42:10,0,+33494964141,miss,20211122,94210,110818880258,56,118
33458005730,2021-11-30 11:33:13,169,+33545685100,transfert,20211130,113313,110866132478,57,119
33458005709,2021-11-30 11:33:13,169,+33545685100,incoming,20211130,113313,110866134374,57,119
33458005730,2021-11-08 16:08:32,44,+33546683560,transfert,20211108,160832,110755647044,58,120
33458005707,2021-11-08 16:08:32,44,+33546683560,incoming,20211108,160832,110755648106,58,120
33458005730,2021-11-08 11:29:22,0,+33553669966,transfert,20211108,112922,110752669187,59,121
33458005709,2021-11-08 11:29:22,0,+33553669966,miss,20211108,112922,110752668935,59,121
33458005730,2021-11-08 11:33:22,163,+33553669966,transfert,20211108,113322,110752748359,59,122
33458005709,2021-11-08 11:33:22,163,+33553669966,incoming,20211108,113322,110752746783,59,122
33458005730,2021-11-08 16:22:36,0,+33553669966,transfert,20211108,162236,110755867475,59,123
33458005709,2021-11-08 16:22:36,0,+33553669966,miss,20211108,162236,110755869989,59,123
33458005730,2021-11-08 16:27:34,0,+33553669966,transfert,20211108,162734,110755922730,59,124
33458005709,2021-11-08 16:27:34,0,+33553669966,miss,20211108,162734,110755923232,59,124
33458005730,2021-11-08 16:41:59,169,+33553669966,transfert,20211108,164159,110756108784,59,125
33458005709,2021-11-08 16:41:59,169,+33553669966,incoming,20211108,164159,110756107535,59,125
33458005730,2021-11-18 11:45:41,508,+33553669966,transfert,20211118,114541,110805029757,59,126
33458005709,2021-11-18 11:45:41,508,+33553669966,incoming,20211118,114541,110805030486,59,126
33458005730,2021-11-18 14:34:26,80,+33553669966,transfert,20211118,143426,110806388107,59,127
33458005709,2021-11-18 14:34:26,80,+33553669966,incoming,20211118,143426,110806387836,59,127
33458005730,2021-11-19 14:44:14,205,+33553669966,transfert,20211119,144414,110812948111,59,128
33458005709,2021-11-19 14:44:14,205,+33553669966,incoming,20211119,144414,110812948071,59,128
33458005730,2021-11-09 17:07:24,0,+33601381917,transfert,20211109,170724,110763264096,60,129
33458005707,2021-11-09 17:07:24,0,+33601381917,miss,20211109,170724,110763263861,60,129
33458005730,2021-11-05 15:47:15,212,+33603297940,transfert,20211105,154715,110746092437,61,130
33458005730,2021-11-05 16:30:10,0,+33603297940,transfert,20211105,163010,110746544906,61,131
33458005709,2021-11-05 16:30:11,0,+33603297940,miss,20211105,163011,110746543555,61,131
33458005730,2021-11-05 16:33:03,229,+33603297940,transfert,20211105,163303,110746581513,61,132
33458005707,2021-11-05 16:33:03,229,+33603297940,incoming,20211105,163303,110746582505,61,132
33458005730,2021-11-08 14:01:02,5,+33603297940,transfert,20211108,140102,110753943307,61,133
33458005707,2021-11-08 14:01:02,5,+33603297940,transfert,20211108,140102,110753943051,61,134
33458005730,2021-11-08 14:06:52,10,+33603297940,transfert,20211108,140652,110754020433,61,135
33458005707,2021-11-08 14:06:52,10,+33603297940,transfert,20211108,140652,110754019101,61,136
33458005730,2021-11-08 14:26:40,10,+33603297940,transfert,20211108,142640,110754285708,61,137
33458005707,2021-11-08 14:26:40,10,+33603297940,transfert,20211108,142640,110754285564,61,138
33458005730,2021-11-18 14:59:18,6,+33603297940,transfert,20211118,145918,110806664803,61,139
33458005707,2021-11-18 14:59:18,6,+33603297940,transfert,20211118,145918,110806664274,61,140
33458005730,2021-11-19 09:42:34,8,+33603297940,transfert,20211119,94234,110809888394,61,141
33458005707,2021-11-19 09:42:34,8,+33603297940,transfert,20211119,94234,110809888907,61,142
33458005730,2021-11-24 16:35:51,0,+33603339339,transfert,20211124,163551,110837902722,62,143
33458005709,2021-11-24 16:35:51,0,+33603339339,miss,20211124,163551,110837902756,62,143
33458005730,2021-11-24 16:42:57,206,+33603339339,transfert,20211124,164257,110837986234,62,144
33458005709,2021-11-24 16:42:57,206,+33603339339,incoming,20211124,164257,110837986625,62,144
33458005730,2021-11-02 09:18:29,715,+33603488247,transfert,20211102,91829,110722065680,63,145
33458005709,2021-11-02 09:18:29,715,+33603488247,incoming,20211102,91829,110722067115,63,145
33458005730,2021-11-03 14:25:48,129,+33603488247,transfert,20211103,142548,110732416170,63,146
33458005730,2021-11-03 16:11:58,90,+33607119109,transfert,20211103,161158,110733654596,64,147
33458005730,2021-11-10 09:13:37,317,+33607119109,transfert,20211110,91337,110764688831,64,148
33458005707,2021-11-10 09:13:37,317,+33607119109,incoming,20211110,91337,110764691714,64,148
33458005730,2021-11-15 14:39:21,50,+33607119109,transfert,20211115,143921,110785732839,64,149
33458005707,2021-11-15 14:39:21,50,+33607119109,incoming,20211115,143921,110785733736,64,149
33458005730,2021-11-15 14:40:50,129,+33607119109,transfert,20211115,144050,110785767928,64,150
33458005707,2021-11-15 14:40:50,129,+33607119109,incoming,20211115,144050,110785767400,64,150
33458005730,2021-11-26 09:03:52,0,+33607148862,transfert,20211126,90352,110846480340,65,151
33458005709,2021-11-26 09:03:52,0,+33607148862,miss,20211126,90352,110846479973,65,151
33458005730,2021-11-26 09:10:39,0,+33607148862,transfert,20211126,91039,110846553788,65,152
33458005709,2021-11-26 09:10:39,0,+33607148862,miss,20211126,91039,110846553596,65,152
33458005730,2021-11-26 09:24:18,0,+33607148862,transfert,20211126,92418,110846715962,65,153
33458005709,2021-11-26 09:24:18,0,+33607148862,miss,20211126,92418,110846717095,65,153
33458005730,2021-11-26 09:38:48,0,+33607148862,transfert,20211126,93848,110846900857,65,154
33458005709,2021-11-26 09:38:48,0,+33607148862,miss,20211126,93848,110846901381,65,154
33458005730,2021-11-26 10:45:55,337,+33607148862,transfert,20211126,104555,110847942700,65,155
33458005709,2021-11-26 10:45:55,337,+33607148862,incoming,20211126,104555,110847945215,65,155
33458005730,2021-11-04 10:20:47,246,+33607342822,transfert,20211104,102047,110736441805,66,156
33458005730,2021-11-29 09:14:32,7,+33607342822,transfert,20211129,91432,110856338416,66,157
33458005707,2021-11-29 09:14:32,7,+33607342822,incoming,20211129,91432,110856338507,66,157
33458005730,2021-11-29 09:33:11,12,+33607342822,transfert,20211129,93311,110856611760,66,158
33458005707,2021-11-29 09:33:11,12,+33607342822,incoming,20211129,93311,110856611475,66,158
33458005730,2021-11-29 09:34:04,32,+33607342822,transfert,20211129,93404,110856628018,66,159
33458005707,2021-11-29 09:34:04,32,+33607342822,incoming,20211129,93404,110856627429,66,159
33458005730,2021-11-15 14:58:11,0,+33607349901,transfert,20211115,145811,110786012087,67,160
33458005709,2021-11-15 14:58:11,0,+33607349901,miss,20211115,145811,110786012752,67,160
33458005730,2021-11-15 15:01:38,234,+33607349901,transfert,20211115,150138,110786076635,67,161
33458005709,2021-11-15 15:01:38,234,+33607349901,incoming,20211115,150138,110786077101,67,161
33458005730,2021-11-15 15:16:59,0,+33607349901,transfert,20211115,151659,110786238851,67,162
33458005709,2021-11-15 15:16:59,0,+33607349901,miss,20211115,151659,110786238193,67,162
33458005730,2021-11-15 15:47:44,304,+33607349901,transfert,20211115,154744,110786706569,67,163
33458005709,2021-11-15 15:47:44,304,+33607349901,incoming,20211115,154744,110786706258,67,163
33458005730,2021-11-25 09:16:40,8,+33607426837,transfert,20211125,91640,110839651303,68,164
33458005707,2021-11-25 09:16:41,8,+33607426837,incoming,20211125,91641,110839651824,68,164
33458005730,2021-11-25 14:45:28,175,+33607426837,transfert,20211125,144528,110843289151,68,165
33458005707,2021-11-25 14:45:28,175,+33607426837,incoming,20211125,144528,110843290346,68,165
33458005730,2021-11-25 14:54:28,70,+33607426837,transfert,20211125,145428,110843382152,68,166
33458005707,2021-11-25 14:54:28,70,+33607426837,incoming,20211125,145428,110843382280,68,166
33458005730,2021-11-17 10:51:33,64,+33607522794,transfert,20211117,105133,110797462368,69,167
33458005707,2021-11-17 10:51:33,64,+33607522794,incoming,20211117,105133,110797462912,69,167
33458005709,2021-11-02 10:11:35,0,+33607559403,miss,20211102,101135,110722776768,70,168
33458005709,2021-11-25 10:25:17,187,+33607559403,incoming,20211125,102517,110840598982,70,168
33458005730,2021-11-10 15:01:25,413,+33607672909,transfert,20211110,150125,110768549715,71,169
33458005730,2021-11-25 15:55:02,868,+33608106241,transfert,20211125,155502,110844382936,72,170
33458005709,2021-11-25 15:55:02,868,+33608106241,incoming,20211125,155502,110844382785,72,170
33458005730,2021-11-03 17:44:29,42,+33608644288,transfert,20211103,174429,110734571086,73,171
33458005730,2021-11-03 17:45:59,0,+33608644288,transfert,20211103,174559,110734575138,73,172
33458005730,2021-11-03 17:46:53,185,+33608644288,transfert,20211103,174653,110734603364,73,173
33458005730,2021-11-02 15:43:40,129,+33608862404,transfert,20211102,154340,110726724112,74,174
33458005707,2021-11-02 15:43:40,129,+33608862404,incoming,20211102,154340,110726724683,74,174
33458005730,2021-11-23 10:18:51,259,+33609437063,transfert,20211123,101851,110826671994,75,175
33458005709,2021-11-23 10:18:51,259,+33609437063,incoming,20211123,101851,110826670361,75,175
33458005730,2021-11-02 11:12:05,79,+33610974737,transfert,20211102,111205,110723768890,76,176
33458005707,2021-11-02 11:12:05,79,+33610974737,incoming,20211102,111205,110723776784,76,176
33458005730,2021-11-18 14:43:15,216,+33611174432,transfert,20211118,144315,110806516994,77,177
33458005707,2021-11-18 14:43:15,216,+33611174432,incoming,20211118,144315,110806516334,77,177
33458005730,2021-11-29 09:01:29,6,+33611174432,transfert,20211129,90129,110856150943,77,178
33458005707,2021-11-29 09:01:29,6,+33611174432,incoming,20211129,90129,110856150612,77,178
33458005730,2021-11-29 09:01:57,0,+33611174432,transfert,20211129,90157,110856176233,77,179
33458005709,2021-11-29 09:01:57,0,+33611174432,miss,20211129,90157,110856175772,77,179
33458005730,2021-11-29 09:03:45,26,+33611174432,transfert,20211129,90345,110856189686,77,180
33458005707,2021-11-29 09:03:45,26,+33611174432,incoming,20211129,90345,110856189399,77,180
33458005730,2021-11-29 09:36:28,0,+33611174432,transfert,20211129,93628,110856650466,77,181
33458005709,2021-11-29 09:36:28,0,+33611174432,miss,20211129,93628,110856651817,77,181
33458005730,2021-11-29 09:37:04,4,+33611174432,transfert,20211129,93704,110856661313,77,182
33458005707,2021-11-29 09:37:04,4,+33611174432,incoming,20211129,93704,110856660231,77,182
33458005730,2021-11-29 09:37:51,0,+33611174432,transfert,20211129,93751,110856679842,77,183
33458005709,2021-11-29 09:37:51,0,+33611174432,miss,20211129,93751,110856682122,77,183
33458005730,2021-11-29 10:23:02,124,+33611174432,transfert,20211129,102302,110857429428,77,184
33458005707,2021-11-29 10:23:02,124,+33611174432,incoming,20211129,102302,110857429023,77,184
33458005730,2021-11-29 14:02:54,188,+33611174432,transfert,20211129,140254,110859939950,77,185
33458005707,2021-11-29 14:02:54,188,+33611174432,incoming,20211129,140254,110859939912,77,185
33458005730,2021-11-30 15:19:57,298,+33611174432,transfert,20211130,151957,110868600859,77,186
33458005709,2021-11-30 15:19:57,298,+33611174432,incoming,20211130,151957,110868601534,77,186
33458005730,2021-11-24 11:34:21,90,+33611814766,transfert,20211124,113421,110834818114,78,187
33458005707,2021-11-24 11:34:21,90,+33611814766,incoming,20211124,113421,110834818167,78,187
33458005730,2021-11-18 15:40:23,241,+33612796452,transfert,20211118,154023,110807230112,79,188
33458005709,2021-11-18 15:40:23,241,+33612796452,incoming,20211118,154023,110807230208,79,188
33458005730,2021-11-30 09:17:52,8,+33614250757,transfert,20211130,91752,110864020008,80,189
33458005707,2021-11-30 09:17:52,8,+33614250757,transfert,20211130,91752,110864017345,80,190
33458005730,2021-11-30 09:24:26,5,+33614250757,transfert,20211130,92426,110864112067,80,191
33458005707,2021-11-30 09:24:26,5,+33614250757,transfert,20211130,92426,110864111239,80,192
33458005730,2021-11-30 09:32:45,12,+33614250757,transfert,20211130,93245,110864221944,80,193
33458005707,2021-11-30 09:32:45,12,+33614250757,transfert,20211130,93245,110864221883,80,194
33458005730,2021-11-30 14:54:27,24,+33614250757,transfert,20211130,145427,110868179372,80,195
33458005707,2021-11-30 14:54:27,24,+33614250757,incoming,20211130,145427,110868179416,80,195
33458005730,2021-11-22 17:44:05,0,+33615535563,transfert,20211122,174405,110824601994,81,196
33458005709,2021-11-22 17:44:05,0,+33615535563,miss,20211122,174405,110824602069,81,196
33458005730,2021-11-22 17:46:03,103,+33615535563,transfert,20211122,174603,110824620333,81,197
33458005707,2021-11-22 17:46:03,103,+33615535563,incoming,20211122,174603,110824619943,81,197
33458005730,2021-11-30 11:33:54,0,+33616237477,transfert,20211130,113354,110866147708,82,198
33458005709,2021-11-30 11:33:54,0,+33616237477,miss,20211130,113354,110866147468,82,198
33458005730,2021-11-16 15:20:34,77,+33617448943,transfert,20211116,152034,110793409487,83,199
33458005707,2021-11-16 15:20:34,77,+33617448943,incoming,20211116,152034,110793408851,83,199
33458005730,2021-11-02 14:01:32,9,+33617548615,transfert,20211102,140132,110725338783,84,200
33458005709,2021-11-02 14:01:32,9,+33617548615,transfert,20211102,140132,110725340441,84,201
33458005730,2021-11-02 14:01:58,68,+33617548615,transfert,20211102,140158,110725354349,84,202
33458005707,2021-11-02 14:01:58,68,+33617548615,incoming,20211102,140158,110725356276,84,202
33458005730,2021-11-02 14:44:39,127,+33617548615,transfert,20211102,144439,110725930384,84,203
33458005709,2021-11-02 14:45:53,50,+33617548615,incoming,20211102,144553,110725930334,84,203
33458005730,2021-11-02 15:36:04,241,+33617548615,transfert,20211102,153604,110726650196,84,204
33458005709,2021-11-02 15:36:04,241,+33617548615,incoming,20211102,153604,110726649482,84,204
33458005730,2021-11-08 14:58:02,238,+33617548615,transfert,20211108,145802,110754756212,84,205
33458005709,2021-11-08 14:58:02,238,+33617548615,incoming,20211108,145802,110754757150,84,205
33458005730,2021-11-02 11:17:08,359,+33617908113,transfert,20211102,111708,110723925858,85,206
33458005709,2021-11-02 11:17:08,359,+33617908113,incoming,20211102,111708,110723924909,85,206
33458005730,2021-11-26 10:52:27,0,+33618544859,transfert,20211126,105227,110847960856,86,207
33458005709,2021-11-26 10:52:27,0,+33618544859,miss,20211126,105227,110847959653,86,207
33458005730,2021-11-26 10:53:35,273,+33618544859,transfert,20211126,105335,110848036847,86,208
33458005707,2021-11-26 10:53:35,273,+33618544859,incoming,20211126,105335,110848036772,86,208
33458005730,2021-11-17 09:06:54,0,+33618580899,transfert,20211117,90654,110796087364,87,209
33458005709,2021-11-17 09:06:54,0,+33618580899,miss,20211117,90654,110796087328,87,209
33458005730,2021-11-17 09:30:14,0,+33618580899,transfert,20211117,93014,110796350631,87,210
33458005709,2021-11-17 09:30:14,0,+33618580899,miss,20211117,93014,110796349848,87,210
33458005730,2021-11-17 09:39:34,0,+33618580899,transfert,20211117,93934,110796467996,87,211
33458005709,2021-11-17 09:39:34,0,+33618580899,miss,20211117,93934,110796467411,87,211
33458005730,2021-11-17 09:57:30,154,+33618580899,transfert,20211117,95730,110796694168,87,212
33458005709,2021-11-17 09:57:30,154,+33618580899,incoming,20211117,95730,110796695543,87,212
33458005730,2021-11-19 09:38:03,6,+33618905573,transfert,20211119,93803,110809832386,88,213
33458005707,2021-11-19 09:38:03,6,+33618905573,transfert,20211119,93803,110809832374,88,214
33458005730,2021-11-19 09:38:51,5,+33618905573,transfert,20211119,93851,110809840753,88,215
33458005707,2021-11-19 09:38:51,5,+33618905573,transfert,20211119,93851,110809842062,88,216
33458005730,2021-11-19 09:39:35,0,+33618905573,transfert,20211119,93935,110809879836,88,217
33458005709,2021-11-19 09:39:35,0,+33618905573,miss,20211119,93935,110809878436,88,217
33458005730,2021-11-19 09:45:29,3,+33618905573,transfert,20211119,94529,110809918352,88,218
33458005707,2021-11-19 09:45:29,3,+33618905573,transfert,20211119,94529,110809919959,88,219
33458005730,2021-11-02 14:00:13,0,+33619572616,transfert,20211102,140013,110725334565,89,220
33458005709,2021-11-02 14:00:14,0,+33619572616,miss,20211102,140014,110725335084,89,220
33458005730,2021-11-02 14:01:30,0,+33619572616,transfert,20211102,140130,110725338858,89,221
33458005709,2021-11-02 14:01:30,0,+33619572616,miss,20211102,140130,110725338064,89,221
33458005730,2021-11-02 14:01:41,0,+33619572616,transfert,20211102,140141,110725338597,89,222
33458005709,2021-11-02 14:01:41,0,+33619572616,miss,20211102,140141,110725340278,89,222
33458005730,2021-11-02 14:01:58,0,+33619572616,transfert,20211102,140158,110725341911,89,223
33458005709,2021-11-02 14:01:58,0,+33619572616,miss,20211102,140158,110725345002,89,223
33458005730,2021-11-02 14:02:11,0,+33619572616,transfert,20211102,140211,110725344628,89,224
33458005709,2021-11-02 14:02:11,0,+33619572616,miss,20211102,140211,110725343602,89,224
33458005730,2021-11-02 14:02:42,0,+33619572616,transfert,20211102,140242,110725351449,89,225
33458005709,2021-11-02 14:02:42,0,+33619572616,miss,20211102,140242,110725350925,89,225
33458005730,2021-11-02 14:03:16,0,+33619572616,transfert,20211102,140316,110725355983,89,226
33458005709,2021-11-02 14:03:16,0,+33619572616,miss,20211102,140316,110725355623,89,226
33458005730,2021-11-02 14:12:53,311,+33619572616,transfert,20211102,141253,110725548811,89,227
33458005709,2021-11-02 14:12:53,311,+33619572616,incoming,20211102,141253,110725548719,89,227
33458005730,2021-11-16 11:08:37,159,+33619922832,transfert,20211116,110837,110790703908,90,228
33458005707,2021-11-16 11:08:37,158,+33619922832,incoming,20211116,110837,110790705310,90,228
33458005730,2021-11-18 09:51:42,40,+33620625466,transfert,20211118,95142,110803340094,91,229
33458005707,2021-11-18 09:51:42,40,+33620625466,incoming,20211118,95142,110803338973,91,229
33458005730,2021-11-16 17:07:39,645,+33621108133,transfert,20211116,170739,110794831011,92,230
33458005709,2021-11-16 17:07:39,645,+33621108133,incoming,20211116,170739,110794830917,92,230
33458005730,2021-11-09 10:54:13,76,+33622736769,transfert,20211109,105413,110759180240,93,231
33458005709,2021-11-09 10:54:14,76,+33622736769,incoming,20211109,105414,110759201068,93,231
33458005730,2021-11-10 11:10:39,154,+33622736769,transfert,20211110,111039,110766267067,93,232
33458005730,2021-11-12 10:23:11,0,+33622740669,transfert,20211112,102311,110774389458,94,233
33458005709,2021-11-12 10:23:12,0,+33622740669,miss,20211112,102312,110774385716,94,233
33458005730,2021-11-12 10:30:45,113,+33622740669,transfert,20211112,103045,110774484788,94,234
33458005730,2021-11-30 15:54:31,104,+33622740669,transfert,20211130,155431,110869036733,94,235
33458005709,2021-11-30 15:54:31,104,+33622740669,incoming,20211130,155431,110869036532,94,235
33458005730,2021-11-16 14:00:29,206,+33622827472,transfert,20211116,140029,110792382183,95,236
33458005709,2021-11-16 14:00:29,206,+33622827472,incoming,20211116,140029,110792382501,95,236
33458005730,2021-11-16 15:14:13,94,+33622827472,transfert,20211116,151413,110793328022,95,237
33458005709,2021-11-16 15:14:13,94,+33622827472,incoming,20211116,151413,110793327906,95,237
33458005730,2021-11-16 15:49:51,120,+33622827472,transfert,20211116,154951,110793814579,95,238
33458005709,2021-11-16 15:49:51,120,+33622827472,incoming,20211116,154951,110793814186,95,238
33458005730,2021-11-22 15:39:46,0,+33622827472,transfert,20211122,153946,110823165291,95,239
33458005709,2021-11-22 15:39:46,0,+33622827472,miss,20211122,153946,110823164321,95,239
33458005730,2021-11-25 10:09:45,0,+33622827472,transfert,20211125,100945,110840347711,95,240
33458005709,2021-11-25 10:09:45,0,+33622827472,miss,20211125,100945,110840345396,95,240
33458005730,2021-11-25 10:10:52,0,+33622827472,transfert,20211125,101052,110840393180,95,241
33458005709,2021-11-25 10:10:52,0,+33622827472,miss,20211125,101052,110840395206,95,241
33458005730,2021-11-25 11:41:16,0,+33622827472,transfert,20211125,114116,110841649796,95,242
33458005709,2021-11-25 11:41:16,0,+33622827472,miss,20211125,114116,110841648839,95,242
33458005730,2021-11-25 10:25:29,0,+33623520587,transfert,20211125,102529,110840604190,96,243
33458005709,2021-11-25 10:25:29,0,+33623520587,miss,20211125,102529,110840604871,96,243
33458005730,2021-11-25 16:13:31,368,+33623520587,transfert,20211125,161331,110844507343,96,244
33458005709,2021-11-25 16:13:31,368,+33623520587,incoming,20211125,161331,110844507146,96,244
33458005730,2021-11-09 14:17:09,289,+33624777862,transfert,20211109,141709,110761177430,97,245
33458005709,2021-11-09 14:17:09,289,+33624777862,incoming,20211109,141709,110761178614,97,245
33458005730,2021-11-09 09:15:00,0,+33625488381,transfert,20211109,91500,110757826839,98,246
33458005709,2021-11-09 09:15:01,0,+33625488381,miss,20211109,91501,110757843539,98,246
33458005730,2021-11-09 09:16:18,8,+33625488381,transfert,20211109,91618,110757802051,98,247
33458005707,2021-11-09 09:16:18,8,+33625488381,transfert,20211109,91618,110757854980,98,248
33458005730,2021-11-09 09:51:39,799,+33625488381,transfert,20211109,95139,110758476433,98,249
33458005709,2021-11-09 09:51:39,799,+33625488381,incoming,20211109,95139,110758476606,98,249
33458005730,2021-11-09 10:10:12,154,+33625488381,transfert,20211109,101012,110758594285,98,250
33458005709,2021-11-09 10:10:12,154,+33625488381,incoming,20211109,101012,110758588332,98,250
33458005730,2021-11-09 15:04:01,868,+33625488381,transfert,20211109,150401,110761906797,98,251
33458005709,2021-11-09 15:04:01,868,+33625488381,incoming,20211109,150401,110761908743,98,251
33458005730,2021-11-23 15:14:01,8,+33625910134,transfert,20211123,151401,110830001563,99,252
33458005707,2021-11-23 15:14:01,8,+33625910134,incoming,20211123,151401,110830000827,99,252
33458005730,2021-11-23 15:16:30,4,+33625910134,transfert,20211123,151630,110830035665,99,253
33458005707,2021-11-23 15:16:30,4,+33625910134,incoming,20211123,151630,110830035837,99,253
33458005730,2021-11-23 15:20:59,4,+33625910134,transfert,20211123,152059,110830093711,99,254
33458005707,2021-11-23 15:20:59,4,+33625910134,incoming,20211123,152059,110830093511,99,254
33458005730,2021-11-24 16:49:13,503,+33625910134,transfert,20211124,164913,110838106529,99,255
33458005707,2021-11-24 16:49:13,503,+33625910134,incoming,20211124,164913,110838106549,99,255
33458005730,2021-11-24 17:11:40,195,+33625910134,transfert,20211124,171140,110838284274,99,256
33458005707,2021-11-24 17:11:40,195,+33625910134,incoming,20211124,171140,110838283787,99,256
33458005730,2021-11-09 17:55:42,0,+33627471888,transfert,20211109,175542,110763700016,100,257
33458005709,2021-11-09 17:55:42,0,+33627471888,miss,20211109,175542,110763700848,100,257
33458005730,2021-11-10 10:52:19,362,+33627471888,transfert,20211110,105219,110766062309,100,258
33458005730,2021-11-22 14:34:16,0,+33629469194,transfert,20211122,143416,110822306580,101,259
33458005709,2021-11-22 14:34:16,0,+33629469194,miss,20211122,143416,110822305823,101,259
33458005730,2021-11-22 15:04:15,368,+33629469194,transfert,20211122,150415,110822762629,101,260
33458005709,2021-11-22 15:04:15,368,+33629469194,incoming,20211122,150415,110822763644,101,260
33458005730,2021-11-23 15:15:29,255,+33629469194,transfert,20211123,151529,110830076206,101,261
33458005709,2021-11-23 15:15:29,255,+33629469194,incoming,20211123,151529,110830076580,101,261
33458005730,2021-11-19 10:09:17,13,+33630909711,transfert,20211119,100917,110810232235,102,262
33458005707,2021-11-19 10:09:17,13,+33630909711,transfert,20211119,100917,110810233630,102,263
33458005730,2021-11-23 16:05:56,450,+33630909711,transfert,20211123,160556,110830798587,102,264
33458005707,2021-11-23 16:05:56,450,+33630909711,incoming,20211123,160556,110830797964,102,264
33458005730,2021-11-26 15:31:07,41,+33630909711,transfert,20211126,153107,110850941445,102,265
33458005707,2021-11-26 15:31:07,41,+33630909711,incoming,20211126,153107,110850941713,102,265
33458005730,2021-11-03 16:09:08,230,+33631305931,transfert,20211103,160908,110733651448,103,266
33458005730,2021-11-12 09:20:37,148,+33632089796,transfert,20211112,92037,110773546621,104,267
33458005730,2021-11-02 16:30:30,9,+33633039937,transfert,20211102,163030,110727297100,105,268
33458005707,2021-11-02 16:30:31,9,+33633039937,transfert,20211102,163031,110727298259,105,269
33458005730,2021-11-30 17:07:34,13,+33633202179,transfert,20211130,170734,110869960378,106,270
33458005707,2021-11-30 17:07:34,13,+33633202179,transfert,20211130,170734,110869960548,106,271
33458005730,2021-11-30 17:38:12,9,+33633202179,transfert,20211130,173812,110870281649,106,272
33458005707,2021-11-30 17:38:12,9,+33633202179,transfert,20211130,173812,110870281417,106,273
33458005709,2021-11-02 17:42:19,0,+33633330101,miss,20211102,174219,110728031543,107,274
33458005709,2021-11-08 11:39:15,241,+33633330101,incoming,20211108,113915,110752848441,107,274
33458005709,2021-11-08 12:46:08,0,+33633330101,miss,20211108,124608,110753468080,107,274
33458005709,2021-11-08 12:48:12,0,+33633330101,miss,20211108,124812,110753472628,107,274
33458005709,2021-11-08 15:39:10,404,+33633330101,incoming,20211108,153910,110755354082,107,274
33458005709,2021-11-08 15:51:15,348,+33633330101,incoming,20211108,155115,110755505798,107,274
33458005730,2021-11-30 14:22:51,8,+33633910438,transfert,20211130,142251,110867739070,108,275
33458005707,2021-11-30 14:22:51,8,+33633910438,transfert,20211130,142251,110867739019,108,276
33458005730,2021-11-30 11:29:18,110,+33633924936,transfert,20211130,112918,110866052197,109,277
33458005707,2021-11-30 11:29:18,110,+33633924936,incoming,20211130,112918,110866051188,109,277
33458005730,2021-11-26 14:12:31,0,+33637818720,transfert,20211126,141231,110849965008,110,278
33458005709,2021-11-26 14:12:31,0,+33637818720,miss,20211126,141231,110849965796,110,278
33458005730,2021-11-26 14:15:59,0,+33637818720,transfert,20211126,141559,110850008465,110,279
33458005709,2021-11-26 14:15:59,0,+33637818720,miss,20211126,141559,110850009530,110,279
33458005730,2021-11-26 14:57:32,169,+33637818720,transfert,20211126,145732,110850532353,110,280
33458005709,2021-11-26 14:57:32,169,+33637818720,incoming,20211126,145732,110850531473,110,280
33458005730,2021-11-29 16:50:46,42,+33638163863,transfert,20211129,165046,110862228003,111,281
33458005707,2021-11-29 16:50:46,42,+33638163863,incoming,20211129,165046,110862228421,111,281
33458005730,2021-11-02 14:09:40,0,+33638396077,transfert,20211102,140940,110725441697,112,282
33458005709,2021-11-02 14:09:40,0,+33638396077,miss,20211102,140940,110725439462,112,282
33458005730,2021-11-02 14:18:59,4,+33638396077,transfert,20211102,141859,110725559184,112,283
33458005709,2021-11-02 14:18:59,0,+33638396077,miss,20211102,141859,110725560598,112,283
33458005730,2021-11-02 14:26:29,83,+33638396077,transfert,20211102,142629,110725677092,112,284
33458005709,2021-11-02 14:27:47,0,+33638396077,miss,20211102,142747,110725676747,112,284
33458005730,2021-11-02 14:34:30,30,+33638396077,transfert,20211102,143430,110725771938,112,285
33458005730,2021-11-02 14:41:08,4,+33638396077,transfert,20211102,144108,110725857189,112,286
33458005730,2021-11-02 14:47:33,18,+33638396077,transfert,20211102,144733,110725943941,112,287
33458005709,2021-11-02 14:47:46,1,+33638396077,incoming,20211102,144746,110725944541,112,287
33458005730,2021-11-02 14:48:07,104,+33638396077,transfert,20211102,144807,110725972434,112,288
33458005709,2021-11-02 14:48:07,0,+33638396077,miss,20211102,144807,110725952999,112,288
33458005709,2021-11-02 14:48:34,0,+33638396077,miss,20211102,144834,110725960121,112,288
33458005709,2021-11-02 14:48:47,0,+33638396077,miss,20211102,144847,110725957881,112,288
33458005709,2021-11-02 14:49:01,0,+33638396077,miss,20211102,144901,110725966278,112,288
33458005709,2021-11-02 14:49:16,0,+33638396077,miss,20211102,144916,110725964172,112,288
33458005709,2021-11-02 14:49:28,0,+33638396077,miss,20211102,144928,110725966865,112,288
33458005709,2021-11-02 14:49:41,3,+33638396077,incoming,20211102,144941,110725975243,112,288
33458005730,2021-11-02 14:57:42,11,+33638396077,transfert,20211102,145742,110726075474,112,289
33458005709,2021-11-02 14:57:42,0,+33638396077,miss,20211102,145742,110726075535,112,289
33458005730,2021-11-02 15:07:36,11,+33638396077,transfert,20211102,150736,110726207693,112,290
33458005730,2021-11-02 15:11:27,67,+33638396077,transfert,20211102,151127,110726273465,112,291
33458005730,2021-11-02 15:14:52,0,+33638396077,transfert,20211102,151452,110726305676,112,292
33458005709,2021-11-02 15:14:52,0,+33638396077,miss,20211102,151452,110726306373,112,292
33458005730,2021-11-02 15:16:54,43,+33638396077,transfert,20211102,151654,110726343257,112,293
33458005730,2021-11-02 15:21:48,6,+33638396077,transfert,20211102,152148,110726401005,112,294
33458005730,2021-11-02 15:22:16,0,+33638396077,transfert,20211102,152216,110726404107,112,295
33458005709,2021-11-02 15:22:16,0,+33638396077,miss,20211102,152216,110726404617,112,295
33458005730,2021-11-04 09:57:24,0,+33638396077,transfert,20211104,95724,110736085284,112,296
33458005709,2021-11-04 09:57:24,0,+33638396077,miss,20211104,95724,110736084797,112,296
33458005730,2021-11-04 09:59:36,0,+33638396077,transfert,20211104,95936,110736103343,112,297
33458005709,2021-11-04 09:59:37,0,+33638396077,miss,20211104,95937,110736109919,112,297
33458005730,2021-11-17 14:13:52,66,+33640384866,transfert,20211117,141352,110799374108,113,298
33458005709,2021-11-17 14:13:52,66,+33640384866,incoming,20211117,141352,110799374213,113,298
33458005730,2021-11-03 14:50:24,290,+33642165112,transfert,20211103,145024,110732734650,114,299
33458005730,2021-11-10 11:44:52,9,+33647840983,transfert,20211110,114452,110766716068,115,300
33458005730,2021-11-10 11:45:18,138,+33647840983,transfert,20211110,114518,110766751547,115,301
33458005707,2021-11-10 11:45:18,138,+33647840983,incoming,20211110,114518,110766752903,115,301
33458005730,2021-11-19 09:45:34,0,+33648544291,transfert,20211119,94534,110809930356,116,302
33458005709,2021-11-19 09:45:34,0,+33648544291,miss,20211119,94534,110809930487,116,302
33458005730,2021-11-19 09:47:20,0,+33648544291,transfert,20211119,94720,110809947967,116,303
33458005709,2021-11-19 09:47:20,0,+33648544291,miss,20211119,94720,110809947357,116,303
33458005730,2021-11-19 09:55:41,82,+33648544291,transfert,20211119,95541,110810065967,116,304
33458005709,2021-11-19 09:55:41,82,+33648544291,incoming,20211119,95541,110810065236,116,304
33458005730,2021-11-19 16:45:04,263,+33648544291,transfert,20211119,164504,110814311812,116,305
33458005709,2021-11-19 16:45:04,263,+33648544291,incoming,20211119,164504,110814311849,116,305
33458005730,2021-11-24 15:11:20,65,+33648544291,transfert,20211124,151120,110836831847,116,306
33458005709,2021-11-24 15:11:20,65,+33648544291,incoming,20211124,151120,110836831425,116,306
33458005730,2021-11-18 15:41:28,97,+33650430420,transfert,20211118,154128,110807212380,117,307
33458005707,2021-11-18 15:41:28,96,+33650430420,incoming,20211118,154128,110807212142,117,307
33458005730,2021-11-22 11:47:37,17,+33650430420,transfert,20211122,114737,110820693059,117,308
33458005707,2021-11-22 11:47:37,17,+33650430420,incoming,20211122,114737,110820691830,117,308
33458005730,2021-11-23 10:11:02,9,+33650430420,transfert,20211123,101102,110826484516,117,309
33458005707,2021-11-23 10:11:02,9,+33650430420,incoming,20211123,101102,110826486983,117,309
33458005730,2021-11-29 10:40:39,117,+33651873250,transfert,20211129,104039,110857717789,118,310
33458005709,2021-11-29 10:40:39,117,+33651873250,incoming,20211129,104039,110857718486,118,310
33458005730,2021-11-04 11:48:52,219,+33652394331,transfert,20211104,114852,110737625259,119,311
33458005709,2021-11-04 11:48:52,219,+33652394331,incoming,20211104,114852,110737625368,119,311
33458005730,2021-11-04 15:09:23,300,+33652394331,transfert,20211104,150923,110739358174,119,312
33458005709,2021-11-04 15:09:23,300,+33652394331,incoming,20211104,150923,110739357907,119,312
33458005730,2021-11-30 10:24:55,45,+33652394331,transfert,20211130,102455,110865031024,119,313
33458005709,2021-11-30 10:24:55,45,+33652394331,incoming,20211130,102455,110865033713,119,313
33458005730,2021-11-02 14:29:16,104,+33652488097,transfert,20211102,142916,110725718247,120,314
33458005709,2021-11-02 14:29:16,0,+33652488097,miss,20211102,142916,110725699736,120,314
33458005709,2021-11-02 14:29:43,0,+33652488097,miss,20211102,142943,110725705653,120,314
33458005709,2021-11-02 14:30:10,0,+33652488097,miss,20211102,143010,110725712738,120,314
33458005709,2021-11-02 14:30:37,0,+33652488097,miss,20211102,143037,110725718658,120,314
33458005730,2021-11-02 14:32:14,38,+33652488097,transfert,20211102,143214,110725740285,120,315
33458005709,2021-11-02 14:32:15,0,+33652488097,miss,20211102,143215,110725739924,120,315
33458005709,2021-11-02 14:32:42,0,+33652488097,miss,20211102,143242,110725742349,120,315
33458005730,2021-11-02 14:40:35,160,+33652488097,transfert,20211102,144035,110725884265,120,316
33458005709,2021-11-02 14:40:35,156,+33652488097,incoming,20211102,144035,110725884920,120,316
33458005730,2021-11-02 14:43:43,128,+33652488097,transfert,20211102,144343,110725916100,120,317
33458005709,2021-11-02 14:43:44,125,+33652488097,incoming,20211102,144344,110725919531,120,317
33458005730,2021-11-19 17:06:22,0,+33652488097,transfert,20211119,170622,110814472606,120,318
33458005709,2021-11-19 17:06:22,0,+33652488097,miss,20211119,170622,110814472685,120,318
33458005730,2021-11-19 17:07:30,83,+33652488097,transfert,20211119,170730,110814487047,120,319
33458005707,2021-11-19 17:07:30,83,+33652488097,incoming,20211119,170730,110814487155,120,319
33458005730,2021-11-30 11:40:21,184,+33658207824,transfert,20211130,114021,110866247920,121,320
33458005709,2021-11-30 11:40:21,184,+33658207824,incoming,20211130,114021,110866246949,121,320
33458005730,2021-11-02 14:23:26,106,+33658829804,transfert,20211102,142326,110725641454,122,321
33458005709,2021-11-02 14:23:26,91,+33658829804,incoming,20211102,142326,110725640456,122,321
33458005730,2021-11-05 14:59:29,323,+33658829804,transfert,20211105,145929,110745578998,122,322
33458005709,2021-11-05 14:59:29,323,+33658829804,incoming,20211105,145929,110745579725,122,322
33458005730,2021-11-16 11:10:45,223,+33658898832,transfert,20211116,111045,110790757041,123,323
33458005709,2021-11-16 11:10:45,223,+33658898832,incoming,20211116,111045,110790757739,123,323
33458005730,2021-11-16 14:30:00,64,+33658898832,transfert,20211116,143000,110792736166,123,324
33458005709,2021-11-16 14:30:00,64,+33658898832,incoming,20211116,143000,110792736130,123,324
33458005730,2021-11-23 15:45:04,386,+33658898832,transfert,20211123,154504,110830506672,123,325
33458005707,2021-11-23 15:45:04,386,+33658898832,incoming,20211123,154504,110830505894,123,325
33458005730,2021-11-29 11:19:22,0,+33658898832,transfert,20211129,111922,110858296416,123,326
33458005709,2021-11-29 11:19:22,0,+33658898832,miss,20211129,111922,110858295225,123,326
33458005730,2021-11-16 10:14:04,379,+33660803629,transfert,20211116,101404,110789910381,124,327
33458005709,2021-11-16 10:14:04,379,+33660803629,incoming,20211116,101404,110789909069,124,327
33458005730,2021-11-24 11:11:31,101,+33661800203,transfert,20211124,111131,110834510407,125,328
33458005709,2021-11-24 11:11:31,101,+33661800203,incoming,20211124,111131,110834510425,125,328
33458005730,2021-11-25 15:20:53,68,+33661800203,transfert,20211125,152053,110843745995,125,329
33458005709,2021-11-25 15:20:53,68,+33661800203,incoming,20211125,152053,110843745846,125,329
33458005730,2021-11-26 11:19:53,228,+33661800203,transfert,20211126,111953,110848414326,125,330
33458005709,2021-11-26 11:19:53,228,+33661800203,incoming,20211126,111953,110848413494,125,330
33458005730,2021-11-29 14:14:01,654,+33661800203,transfert,20211129,141401,110860200060,125,331
33458005709,2021-11-29 14:14:01,654,+33661800203,incoming,20211129,141401,110860200199,125,331
33458005730,2021-11-19 09:19:45,0,+33662351739,transfert,20211119,91945,110809639657,126,332
33458005709,2021-11-19 09:19:45,0,+33662351739,miss,20211119,91945,110809639818,126,332
33458005730,2021-11-19 09:32:52,0,+33662351739,transfert,20211119,93252,110809800390,126,333
33458005709,2021-11-19 09:32:52,0,+33662351739,miss,20211119,93252,110809799908,126,333
33458005730,2021-11-04 10:48:48,493,+33662475438,transfert,20211104,104848,110736889013,127,334
33458005730,2021-11-24 10:00:25,88,+33662816504,transfert,20211124,100025,110833519751,128,335
33458005709,2021-11-24 10:00:25,88,+33662816504,incoming,20211124,100025,110833520025,128,335
33458005730,2021-11-24 11:02:33,139,+33662816504,transfert,20211124,110233,110834399836,128,336
33458005709,2021-11-24 11:02:33,139,+33662816504,incoming,20211124,110233,110834400801,128,336
33458005730,2021-11-26 17:13:21,0,+33662816504,transfert,20211126,171321,110852133768,128,337
33458005709,2021-11-26 17:13:21,0,+33662816504,miss,20211126,171321,110852133866,128,337
33458005730,2021-11-29 09:19:08,0,+33662816504,transfert,20211129,91908,110856423929,128,338
33458005709,2021-11-29 09:19:08,0,+33662816504,miss,20211129,91908,110856423953,128,338
33458005730,2021-11-29 12:00:01,0,+33662816504,transfert,20211129,120001,110858935763,128,339
33458005709,2021-11-29 12:00:01,0,+33662816504,miss,20211129,120001,110858935790,128,339
33458005730,2021-11-30 09:51:35,352,+33662816504,transfert,20211130,95135,110864586886,128,340
33458005709,2021-11-30 09:51:35,352,+33662816504,incoming,20211130,95135,110864587066,128,340
33458005730,2021-11-30 10:09:15,0,+33662816504,transfert,20211130,100915,110864776884,128,341
33458005709,2021-11-30 10:09:15,0,+33662816504,miss,20211130,100915,110864778971,128,341
33458005730,2021-11-30 10:10:36,0,+33662816504,transfert,20211130,101036,110864800771,128,342
33458005709,2021-11-30 10:10:36,0,+33662816504,miss,20211130,101036,110864804659,128,342
33458005730,2021-11-30 17:17:15,0,+33662816504,transfert,20211130,171715,110870074107,128,343
33458005709,2021-11-30 17:17:15,0,+33662816504,miss,20211130,171715,110870074285,128,343
33458005730,2021-11-30 17:18:58,16,+33662816504,transfert,20211130,171858,110870084915,128,344
33458005707,2021-11-30 17:18:58,16,+33662816504,transfert,20211130,171858,110870084712,128,345
33458005730,2021-11-19 15:18:44,296,+33663342878,transfert,20211119,151844,110813369527,129,346
33458005707,2021-11-19 15:18:44,296,+33663342878,incoming,20211119,151844,110813369331,129,346
33458005730,2021-11-04 11:27:44,376,+33663391116,transfert,20211104,112744,110737383063,130,347
33458005709,2021-11-04 11:27:44,376,+33663391116,incoming,20211104,112744,110737385966,130,347
33458005730,2021-11-04 09:51:12,0,+33663651705,transfert,20211104,95112,110736001177,131,348
33458005709,2021-11-04 09:51:12,0,+33663651705,miss,20211104,95112,110736003690,131,348
33458005730,2021-11-04 14:05:33,301,+33663651705,transfert,20211104,140533,110738591261,131,349
33458005709,2021-11-04 14:05:33,301,+33663651705,incoming,20211104,140533,110738593910,131,349
33458005730,2021-11-05 09:32:06,0,+33663651705,transfert,20211105,93206,110742196824,131,350
33458005709,2021-11-05 09:32:06,0,+33663651705,miss,20211105,93206,110742197488,131,350
33458005730,2021-11-05 10:46:40,268,+33663651705,transfert,20211105,104640,110743214574,131,351
33458005709,2021-11-05 10:46:40,268,+33663651705,incoming,20211105,104640,110743218912,131,351
33458005730,2021-11-15 09:34:41,0,+33663651705,transfert,20211115,93441,110782161433,131,352
33458005709,2021-11-15 09:34:41,0,+33663651705,miss,20211115,93441,110782163507,131,352
33458005730,2021-11-15 11:01:41,317,+33663651705,transfert,20211115,110141,110783576953,131,353
33458005709,2021-11-15 11:01:41,317,+33663651705,incoming,20211115,110141,110783573021,131,353
33458005730,2021-11-15 14:11:24,0,+33663651705,transfert,20211115,141124,110785358603,131,354
33458005709,2021-11-15 14:11:24,0,+33663651705,miss,20211115,141124,110785358323,131,354
33458005730,2021-11-15 14:17:08,98,+33663651705,transfert,20211115,141708,110785448294,131,355
33458005709,2021-11-15 14:17:08,98,+33663651705,incoming,20211115,141708,110785448779,131,355
33458005730,2021-11-19 09:56:53,0,+33663651705,transfert,20211119,95653,110810068600,131,356
33458005709,2021-11-19 09:56:53,0,+33663651705,miss,20211119,95653,110810067073,131,356
33458005730,2021-11-19 11:55:06,0,+33663651705,transfert,20211119,115506,110811624166,131,357
33458005709,2021-11-19 11:55:06,0,+33663651705,miss,20211119,115506,110811624235,131,357
33458005730,2021-11-19 11:56:37,0,+33663651705,transfert,20211119,115637,110811637062,131,358
33458005709,2021-11-19 11:56:37,0,+33663651705,miss,20211119,115637,110811637020,131,358
33458005730,2021-11-19 11:57:32,0,+33663651705,transfert,20211119,115732,110811653685,131,359
33458005709,2021-11-19 11:57:32,0,+33663651705,miss,20211119,115732,110811653461,131,359
33458005730,2021-11-19 11:58:41,0,+33663651705,transfert,20211119,115841,110811655737,131,360
33458005709,2021-11-19 11:58:41,0,+33663651705,miss,20211119,115841,110811656467,131,360
33458005730,2021-11-12 15:35:06,8,+33663995593,transfert,20211112,153506,110777340968,132,361
33458005730,2021-11-12 15:35:55,106,+33663995593,transfert,20211112,153555,110777364483,132,362
33458001861,2021-11-09 10:44:48,52,+33665515068,incoming,20211109,104448,110759122318,133,363
33458005730,2021-11-30 16:15:34,6,+33666165242,transfert,20211130,161534,110869308337,134,364
33458005707,2021-11-30 16:15:34,6,+33666165242,transfert,20211130,161534,110869308615,134,365
33458005730,2021-11-10 14:55:45,174,+33666583500,transfert,20211110,145545,110768431431,135,366
33458005730,2021-11-15 11:28:59,0,+33666973566,transfert,20211115,112859,110783906236,136,367
33458005709,2021-11-15 11:28:59,0,+33666973566,miss,20211115,112859,110783907287,136,367
33458005730,2021-11-15 16:46:01,0,+33666973566,transfert,20211115,164601,110787356199,136,368
33458005709,2021-11-15 16:46:01,0,+33666973566,miss,20211115,164601,110787356306,136,368
33458005730,2021-11-15 16:46:45,421,+33666973566,transfert,20211115,164645,110787440423,136,369
33458005707,2021-11-15 16:46:45,421,+33666973566,incoming,20211115,164645,110787440092,136,369
33458005730,2021-11-18 14:43:40,463,+33666973566,transfert,20211118,144340,110806576628,136,370
33458005709,2021-11-18 14:43:40,463,+33666973566,incoming,20211118,144340,110806576399,136,370
33458005730,2021-11-08 15:13:58,133,+33667050996,transfert,20211108,151358,110754953880,137,371
33458005709,2021-11-08 15:13:58,133,+33667050996,incoming,20211108,151358,110754953652,137,371
33458005730,2021-11-03 17:12:42,67,+33667709788,transfert,20211103,171242,110734305461,138,372
33458005730,2021-11-09 11:26:43,79,+33668441005,transfert,20211109,112643,110759675227,139,373
33458005709,2021-11-09 11:26:43,79,+33668441005,incoming,20211109,112643,110759679798,139,373
33458005730,2021-11-09 11:45:09,0,+33668441005,transfert,20211109,114509,110759941961,139,374
33458005709,2021-11-09 11:45:09,0,+33668441005,miss,20211109,114509,110759947233,139,374
33458005730,2021-11-15 16:21:19,0,+33668441005,transfert,20211115,162119,110787094637,139,375
33458005709,2021-11-15 16:21:19,0,+33668441005,miss,20211115,162119,110787094396,139,375
33458005730,2021-11-15 16:24:40,0,+33668441005,transfert,20211115,162440,110787107471,139,376
33458005709,2021-11-15 16:24:40,0,+33668441005,miss,20211115,162440,110787108016,139,376
33458005730,2021-11-15 16:30:29,464,+33668441005,transfert,20211115,163029,110787262659,139,377
33458005709,2021-11-15 16:30:29,464,+33668441005,incoming,20211115,163029,110787263514,139,377
33458005730,2021-11-05 14:16:31,0,+33669408876,transfert,20211105,141631,110745052309,140,378
33458005709,2021-11-05 14:16:31,0,+33669408876,miss,20211105,141631,110745051928,140,378
33458005730,2021-11-05 14:20:58,172,+33669408876,transfert,20211105,142058,110745101126,140,379
33458005709,2021-11-05 14:20:58,172,+33669408876,incoming,20211105,142058,110745100571,140,379
33458005730,2021-11-10 17:14:29,1403,+33670047376,transfert,20211110,171429,110770256136,141,380
33458005707,2021-11-10 17:14:29,1403,+33670047376,incoming,20211110,171429,110770256034,141,380
33458005730,2021-11-09 14:19:33,0,+33670310281,transfert,20211109,141933,110761177419,142,381
33458005709,2021-11-09 14:19:33,0,+33670310281,miss,20211109,141933,110761176550,142,381
33458005730,2021-11-09 14:22:43,0,+33670310281,transfert,20211109,142243,110761207635,142,382
33458005709,2021-11-09 14:22:44,0,+33670310281,miss,20211109,142244,110761209604,142,382
33458005730,2021-11-09 14:54:42,0,+33670310281,transfert,20211109,145442,110761606374,142,383
33458005709,2021-11-09 14:54:42,0,+33670310281,miss,20211109,145442,110761607867,142,383
33458005730,2021-11-09 16:10:09,395,+33670310281,transfert,20211109,161009,110762664338,142,384
33458005709,2021-11-09 16:10:09,395,+33670310281,incoming,20211109,161009,110762661629,142,384
33458001861,2021-11-26 15:05:33,16,+33671464837,incoming,20211126,150533,110850601794,143,385
33458001861,2021-11-26 15:06:01,14,+33671464837,incoming,20211126,150601,110850608744,143,385
33458001861,2021-11-26 15:06:39,32,+33671464837,incoming,20211126,150639,110850618434,143,385
33458005730,2021-11-16 16:54:00,0,+33673195931,transfert,20211116,165400,110794588192,144,386
33458005709,2021-11-16 16:54:00,0,+33673195931,miss,20211116,165400,110794588550,144,386
33458005730,2021-11-16 16:55:19,177,+33673195931,transfert,20211116,165519,110794627467,144,387
33458005707,2021-11-16 16:55:19,177,+33673195931,incoming,20211116,165519,110794627777,144,387
33458005730,2021-11-19 14:20:06,314,+33673472183,transfert,20211119,142006,110812692233,145,388
33458005709,2021-11-19 14:20:06,314,+33673472183,incoming,20211119,142006,110812691577,145,388
33458005709,2021-11-04 09:51:53,0,+33675890059,miss,20211104,95153,110736016008,146,389
33458005730,2021-11-04 09:52:57,5,+33675890059,transfert,20211104,95257,110736024147,146,390
33458005709,2021-11-04 09:53:34,0,+33675890059,miss,20211104,95334,110736034701,146,390
33458005709,2021-11-04 10:19:54,0,+33675890059,miss,20211104,101954,110736375144,146,390
33458005709,2021-11-04 10:20:05,0,+33675890059,miss,20211104,102005,110736397684,146,390
33458005730,2021-11-04 10:21:35,4,+33675890059,transfert,20211104,102135,110736398537,146,391
33458005709,2021-11-04 10:50:55,382,+33675890059,incoming,20211104,105055,110736894069,146,391
33458005709,2021-11-04 11:36:47,460,+33675890059,incoming,20211104,113647,110737519001,146,391
33458005709,2021-11-04 17:48:06,0,+33675890059,miss,20211104,174806,110741005665,146,391
33458005709,2021-11-05 10:06:14,658,+33675890059,incoming,20211105,100614,110742774479,146,391
33458005709,2021-11-08 14:02:55,0,+33675890059,miss,20211108,140255,110753958959,146,391
33458005709,2021-11-08 14:03:06,0,+33675890059,miss,20211108,140306,110753974211,146,391
33458005709,2021-11-08 14:04:52,0,+33675890059,miss,20211108,140452,110753994029,146,391
33458005709,2021-11-08 14:11:11,0,+33675890059,miss,20211108,141111,110754080186,146,391
33458005709,2021-11-08 14:21:47,477,+33675890059,incoming,20211108,142147,110754323293,146,391
33458005709,2021-11-08 14:45:23,192,+33675890059,incoming,20211108,144523,110754580088,146,391
33458005709,2021-11-08 14:54:48,83,+33675890059,incoming,20211108,145448,110754684204,146,391
33458005709,2021-11-08 14:58:44,0,+33675890059,miss,20211108,145844,110754722114,146,391
33458005709,2021-11-08 14:59:54,0,+33675890059,miss,20211108,145954,110754734470,146,391
33458005709,2021-11-08 15:02:09,95,+33675890059,incoming,20211108,150209,110754781490,146,391
33458005709,2021-11-08 15:34:09,168,+33675890059,incoming,20211108,153409,110755232804,146,391
33458005709,2021-11-09 15:49:04,0,+33675890059,miss,20211109,154904,110762309398,146,391
33458005709,2021-11-15 10:28:50,0,+33675890059,miss,20211115,102850,110782991866,146,391
33458005709,2021-11-15 10:29:49,0,+33675890059,miss,20211115,102949,110783008615,146,391
33458005709,2021-11-15 10:55:49,0,+33675890059,miss,20211115,105549,110783402505,146,391
33458005709,2021-11-15 11:32:59,480,+33675890059,incoming,20211115,113259,110784071070,146,391
33458005709,2021-11-15 17:47:37,0,+33675890059,miss,20211115,174737,110787946832,146,391
33458005730,2021-11-15 17:48:36,103,+33675890059,transfert,20211115,174836,110787962341,146,392
33458005707,2021-11-15 17:48:36,103,+33675890059,incoming,20211115,174836,110787962493,146,392
33458005709,2021-11-17 10:04:59,0,+33675890059,miss,20211117,100459,110796775458,146,392
33458005709,2021-11-17 10:07:51,0,+33675890059,miss,20211117,100751,110796816656,146,392
33458005730,2021-11-17 10:08:50,152,+33675890059,transfert,20211117,100850,110796859656,146,393
33458005707,2021-11-17 10:08:50,152,+33675890059,incoming,20211117,100850,110796859041,146,393
33458005709,2021-11-22 14:29:20,574,+33675890059,incoming,20211122,142920,110822346743,146,393
33458005709,2021-11-22 15:27:52,0,+33675890059,miss,20211122,152752,110823003796,146,393
33458005709,2021-11-22 15:28:44,0,+33675890059,miss,20211122,152844,110823012997,146,393
33458005730,2021-11-22 15:29:44,308,+33675890059,transfert,20211122,152944,110823091697,146,394
33458005707,2021-11-22 15:29:44,308,+33675890059,incoming,20211122,152944,110823091452,146,394
33458005709,2021-11-24 15:47:56,0,+33675890059,miss,20211124,154756,110837282095,146,394
33458005709,2021-11-24 15:48:07,0,+33675890059,miss,20211124,154807,110837295227,146,394
33458005709,2021-11-24 15:59:11,89,+33675890059,incoming,20211124,155911,110837438963,146,394
33458005709,2021-11-24 16:04:44,0,+33675890059,miss,20211124,160444,110837494401,146,394
33458005730,2021-11-10 11:47:07,9,+33677255022,transfert,20211110,114707,110766749658,147,395
33458005730,2021-11-25 16:32:56,0,+33679290150,transfert,20211125,163256,110844707841,148,396
33458005709,2021-11-25 16:32:56,0,+33679290150,miss,20211125,163256,110844707699,148,396
33458005730,2021-11-25 16:36:01,313,+33679290150,transfert,20211125,163601,110844778727,148,397
33458005707,2021-11-25 16:36:01,313,+33679290150,incoming,20211125,163601,110844779420,148,397
33458005730,2021-11-17 10:57:57,0,+33679443299,transfert,20211117,105757,110797600658,149,398
33458005709,2021-11-17 10:57:57,0,+33679443299,miss,20211117,105757,110797602306,149,398
33458005730,2021-11-25 11:26:23,0,+33679443299,transfert,20211125,112623,110841431357,149,399
33458005709,2021-11-25 11:26:23,0,+33679443299,miss,20211125,112623,110841429441,149,399
33458005730,2021-11-25 11:39:02,0,+33679443299,transfert,20211125,113902,110841584257,149,400
33458005709,2021-11-25 11:39:02,0,+33679443299,miss,20211125,113902,110841583960,149,400
33458005730,2021-11-25 11:40:10,0,+33679443299,transfert,20211125,114010,110841606515,149,401
33458005709,2021-11-25 11:40:10,0,+33679443299,miss,20211125,114010,110841608525,149,401
33458005730,2021-11-25 11:41:19,0,+33679443299,transfert,20211125,114119,110841650062,149,402
33458005709,2021-11-25 11:41:19,0,+33679443299,miss,20211125,114119,110841649354,149,402
33458005730,2021-11-25 15:46:07,0,+33679443299,transfert,20211125,154607,110844108879,149,403
33458005709,2021-11-25 15:46:07,0,+33679443299,miss,20211125,154607,110844108993,149,403
33458005730,2021-11-30 14:04:29,0,+33679982591,transfert,20211130,140429,110867520299,150,404
33458005709,2021-11-30 14:04:29,0,+33679982591,miss,20211130,140429,110867521733,150,404
33458005730,2021-11-02 17:47:31,660,+33681374820,transfert,20211102,174731,110728153110,151,405
33458005709,2021-11-02 17:47:31,660,+33681374820,incoming,20211102,174731,110728152241,151,405
33458005730,2021-11-09 14:47:43,145,+33681541196,transfert,20211109,144743,110761534114,152,406
33458005709,2021-11-09 14:47:43,145,+33681541196,incoming,20211109,144743,110761537410,152,406
33458005730,2021-11-30 14:23:29,0,+33681541196,transfert,20211130,142329,110867769442,152,407
33458005709,2021-11-30 14:23:29,0,+33681541196,miss,20211130,142329,110867769388,152,407
33458005730,2021-11-30 15:08:34,442,+33681541196,transfert,20211130,150834,110868472381,152,408
33458005709,2021-11-30 15:08:34,442,+33681541196,incoming,20211130,150834,110868473634,152,408
33458005730,2021-11-29 15:52:08,155,+33681878470,transfert,20211129,155208,110861478380,153,409
33458005707,2021-11-29 15:52:08,155,+33681878470,incoming,20211129,155208,110861478436,153,409
33458005730,2021-11-24 14:39:45,0,+33682599061,transfert,20211124,143945,110836443005,154,410
33458005709,2021-11-24 14:39:45,0,+33682599061,miss,20211124,143945,110836443605,154,410
33458005730,2021-11-05 09:02:51,4,+33683345312,transfert,20211105,90251,110741872990,155,411
33458005730,2021-11-05 09:47:47,122,+33683345312,transfert,20211105,94747,110742409002,155,412
33458005709,2021-11-05 09:47:47,122,+33683345312,incoming,20211105,94747,110742413150,155,412
33458005730,2021-11-12 15:35:57,0,+33683345312,transfert,20211112,153557,110777351805,155,413
33458005709,2021-11-12 15:35:57,0,+33683345312,miss,20211112,153557,110777353250,155,413
33458005730,2021-11-23 14:59:15,0,+33683345312,transfert,20211123,145915,110829803569,155,414
33458005709,2021-11-23 14:59:15,0,+33683345312,miss,20211123,145915,110829803840,155,414
33458005730,2021-11-23 15:00:23,0,+33683345312,transfert,20211123,150023,110829840792,155,415
33458005709,2021-11-23 15:00:23,0,+33683345312,miss,20211123,150023,110829840478,155,415
33458005730,2021-11-23 15:06:26,0,+33683345312,transfert,20211123,150626,110829902496,155,416
33458005709,2021-11-23 15:06:26,0,+33683345312,miss,20211123,150626,110829902485,155,416
33458005730,2021-11-23 15:07:40,4,+33683345312,transfert,20211123,150740,110829909685,155,417
33458005707,2021-11-23 15:07:40,4,+33683345312,incoming,20211123,150740,110829908596,155,417
33458005730,2021-11-23 15:34:27,400,+33683345312,transfert,20211123,153427,110830369846,155,418
33458005709,2021-11-23 15:34:27,400,+33683345312,incoming,20211123,153427,110830369079,155,418
33458005730,2021-11-23 14:07:10,0,+33684341039,transfert,20211123,140710,110829148176,156,419
33458005709,2021-11-23 14:07:10,0,+33684341039,miss,20211123,140710,110829147932,156,419
33458005730,2021-11-23 14:14:54,0,+33684341039,transfert,20211123,141454,110829233857,156,420
33458005709,2021-11-23 14:14:54,0,+33684341039,miss,20211123,141454,110829232728,156,420
33458005730,2021-11-23 14:16:17,187,+33684341039,transfert,20211123,141617,110829278962,156,421
33458005707,2021-11-23 14:16:17,187,+33684341039,incoming,20211123,141617,110829279292,156,421
33458005730,2021-11-23 14:20:20,1372,+33684341039,transfert,20211123,142020,110829581013,156,422
33458005709,2021-11-23 14:20:20,1372,+33684341039,incoming,20211123,142020,110829581879,156,422
33458005730,2021-11-09 15:59:46,85,+33684458334,transfert,20211109,155946,110762468159,157,423
33458005709,2021-11-09 15:59:46,85,+33684458334,incoming,20211109,155946,110762467312,157,423
33458005730,2021-11-08 11:28:09,282,+33684567088,transfert,20211108,112809,110752696036,158,424
33458005709,2021-11-08 11:28:09,282,+33684567088,incoming,20211108,112809,110752702466,158,424
33458005730,2021-11-08 11:33:46,0,+33684567088,transfert,20211108,113346,110752718817,158,425
33458005709,2021-11-08 11:33:46,0,+33684567088,miss,20211108,113346,110752724195,158,425
33458005730,2021-11-08 11:35:58,0,+33684567088,transfert,20211108,113558,110752743815,158,426
33458005709,2021-11-08 11:35:59,0,+33684567088,miss,20211108,113559,110752745496,158,426
33458005730,2021-11-08 11:38:31,144,+33684567088,transfert,20211108,113831,110752816643,158,427
33458005707,2021-11-08 11:38:31,144,+33684567088,incoming,20211108,113831,110752815135,158,427
33458005730,2021-11-12 10:51:45,62,+33685588332,transfert,20211112,105145,110774761710,159,428
33458005730,2021-11-18 09:42:35,0,+33686561365,transfert,20211118,94235,110803219975,160,429
33458005709,2021-11-18 09:42:36,0,+33686561365,miss,20211118,94236,110803223686,160,429
33458005730,2021-11-18 09:47:41,0,+33686561365,transfert,20211118,94741,110803291258,160,430
33458005709,2021-11-18 09:47:41,0,+33686561365,miss,20211118,94741,110803291300,160,430
33458005730,2021-11-18 09:57:50,0,+33686561365,transfert,20211118,95750,110803447124,160,431
33458005709,2021-11-18 09:57:50,0,+33686561365,miss,20211118,95750,110803444986,160,431
33458005730,2021-11-18 10:00:22,106,+33686561365,transfert,20211118,100022,110803473588,160,432
33458005707,2021-11-18 10:00:22,106,+33686561365,incoming,20211118,100022,110803474031,160,432
33458005730,2021-11-04 10:06:16,0,+33686810204,transfert,20211104,100616,110736201104,161,433
33458005709,2021-11-04 10:06:16,0,+33686810204,miss,20211104,100616,110736203950,161,433
33458005730,2021-11-09 11:45:30,11,+33686810204,transfert,20211109,114530,110759916503,161,434
33458005709,2021-11-09 11:45:30,11,+33686810204,transfert,20211109,114530,110759918455,161,435
33458005730,2021-11-10 09:48:07,0,+33687344651,transfert,20211110,94807,110765066616,162,436
33458005709,2021-11-10 09:48:07,0,+33687344651,miss,20211110,94807,110765067488,162,436
33458005730,2021-11-10 09:49:10,358,+33687344651,transfert,20211110,94910,110765150549,162,437
33458005707,2021-11-10 09:49:10,358,+33687344651,incoming,20211110,94910,110765152751,162,437
33458005730,2021-11-17 10:50:32,602,+33687344651,transfert,20211117,105032,110797571454,162,438
33458005709,2021-11-17 10:50:32,602,+33687344651,incoming,20211117,105032,110797572768,162,438
33458005730,2021-11-23 16:05:11,0,+33687344651,transfert,20211123,160511,110830697475,162,439
33458005709,2021-11-23 16:05:11,0,+33687344651,miss,20211123,160511,110830697204,162,439
33458005730,2021-11-25 11:23:07,0,+33687344651,transfert,20211125,112307,110841360690,162,440
33458005709,2021-11-25 11:23:07,0,+33687344651,miss,20211125,112307,110841361438,162,440
33458001861,2021-11-30 10:14:42,90,+33687723647,incoming,20211130,101442,110864878663,163,441
33458005730,2021-11-19 10:05:46,75,+33688260884,transfert,20211119,100546,110810197573,164,442
33458005709,2021-11-19 10:05:46,75,+33688260884,incoming,20211119,100546,110810197642,164,442
33458005730,2021-11-03 09:35:44,273,+33695196249,transfert,20211103,93544,110729401099,165,443
33458005730,2021-11-30 16:09:21,697,+33695860186,transfert,20211130,160921,110869377208,166,444
33458005707,2021-11-30 16:09:21,697,+33695860186,incoming,20211130,160921,110869377092,166,444
33458005730,2021-11-04 16:33:55,312,+33698410590,transfert,20211104,163355,110740363046,167,445
33458005730,2021-11-03 10:57:33,436,+33754326506,transfert,20211103,105733,110730599166,168,446
33458005730,2021-11-29 11:38:41,220,+33754326506,transfert,20211129,113841,110858660057,168,447
33458005709,2021-11-29 11:38:41,219,+33754326506,incoming,20211129,113841,110858660974,168,447
33458005730,2021-11-12 14:16:50,0,+33760305520,transfert,20211112,141650,110776513572,169,448
33458005709,2021-11-12 14:16:50,0,+33760305520,miss,20211112,141650,110776513698,169,448
33458005730,2021-11-12 14:34:41,0,+33760305520,transfert,20211112,143441,110776703786,169,449
33458005709,2021-11-12 14:34:41,0,+33760305520,miss,20211112,143441,110776705417,169,449
33458005730,2021-11-10 15:35:11,519,+33762331947,transfert,20211110,153511,110768996756,170,450
33458005707,2021-11-10 15:35:11,519,+33762331947,incoming,20211110,153511,110768996478,170,450
33458005730,2021-11-16 09:12:33,140,+33762331947,transfert,20211116,91233,110788982251,170,451
33458005707,2021-11-16 09:12:33,140,+33762331947,incoming,20211116,91233,110788979264,170,451
33458005730,2021-11-17 14:53:51,36,+33762331947,transfert,20211117,145351,110799852687,170,452
33458005707,2021-11-17 14:53:51,36,+33762331947,incoming,20211117,145351,110799852708,170,452
33458005730,2021-11-02 14:00:26,399,+33771151571,transfert,20211102,140026,110725415276,171,453
33458005709,2021-11-02 14:00:26,399,+33771151571,incoming,20211102,140026,110725417986,171,453
33458005730,2021-11-19 11:02:33,0,+33771151571,transfert,20211119,110233,110810976981,171,454
33458005709,2021-11-19 11:02:33,0,+33771151571,miss,20211119,110233,110810974741,171,454
33458005730,2021-11-19 11:07:58,282,+33771151571,transfert,20211119,110758,110811069640,171,455
33458005709,2021-11-19 11:07:58,282,+33771151571,incoming,20211119,110758,110811070437,171,455
33458005730,2021-11-18 15:40:22,9,+33773849387,transfert,20211118,154022,110807184472,172,456
33458005707,2021-11-18 15:40:22,9,+33773849387,transfert,20211118,154022,110807184105,172,457
33458005730,2021-11-29 16:17:45,0,+33773849387,transfert,20211129,161745,110861799482,172,458
33458005709,2021-11-29 16:17:45,0,+33773849387,miss,20211129,161745,110861799608,172,458
33458005709,2021-11-02 15:25:44,13,+33777840647,incoming,20211102,152544,110726461058,173,459
33458005709,2021-11-02 15:26:21,344,+33777840647,incoming,20211102,152621,110726540197,173,459
33458005730,2021-11-22 10:31:37,0,+33778802136,transfert,20211122,103137,110819610176,174,460
33458005709,2021-11-22 10:31:37,0,+33778802136,miss,20211122,103137,110819609568,174,460
33458005730,2021-11-22 10:32:33,213,+33778802136,transfert,20211122,103233,110819674071,174,461
33458005709,2021-11-22 10:32:33,213,+33778802136,incoming,20211122,103233,110819675630,174,461
33458005730,2021-11-09 14:13:46,0,+33781787151,transfert,20211109,141346,110761086178,175,462
33458005709,2021-11-09 14:13:46,0,+33781787151,miss,20211109,141346,110761085790,175,462
33458005730,2021-11-18 14:12:17,8,+33781787151,transfert,20211118,141217,110806099778,175,463
33458005707,2021-11-18 14:12:17,8,+33781787151,transfert,20211118,141217,110806100315,175,464
33458005730,2021-11-18 14:13:02,234,+33781787151,transfert,20211118,141302,110806152950,175,465
33458005707,2021-11-18 14:13:02,234,+33781787151,incoming,20211118,141302,110806152488,175,465
33458005730,2021-11-10 11:16:20,569,+33782320399,transfert,20211110,111620,110766443113,176,466
33458005730,2021-11-24 14:25:08,692,+33782320399,transfert,20211124,142508,110836396252,176,467
33458005709,2021-11-24 14:25:08,692,+33782320399,incoming,20211124,142508,110836396577,176,467
33458005730,2021-11-26 14:04:20,0,+33782320399,transfert,20211126,140420,110849851595,176,468
33458005709,2021-11-26 14:04:20,0,+33782320399,miss,20211126,140420,110849851795,176,468
33458005730,2021-11-26 14:06:39,226,+33782320399,transfert,20211126,140639,110849903194,176,469
33458005707,2021-11-26 14:06:39,226,+33782320399,incoming,20211126,140639,110849903497,176,469
33458005730,2021-11-22 15:56:15,33,+33785823449,transfert,20211122,155615,110823380511,177,470
33458005709,2021-11-22 15:56:15,33,+33785823449,incoming,20211122,155615,110823379504,177,470
33458005730,2021-11-25 15:03:14,194,+33786149147,transfert,20211125,150314,110843523695,178,471
33458005707,2021-11-25 15:03:14,194,+33786149147,incoming,20211125,150314,110843525052,178,471
33458005730,2021-11-08 10:15:24,134,+33788278710,transfert,20211108,101524,110751571322,179,472
33458005709,2021-11-08 10:15:24,134,+33788278710,incoming,20211108,101524,110751588021,179,472
33458005730,2021-11-30 15:09:08,0,+33788278710,transfert,20211130,150908,110868407980,179,473
33458005709,2021-11-30 15:09:08,0,+33788278710,miss,20211130,150908,110868408269,179,473
33458005730,2021-11-08 17:12:10,52,+33788913685,transfert,20211108,171210,110756423321,180,474
33458005707,2021-11-08 17:12:10,52,+33788913685,incoming,20211108,171210,110756423936,180,474
33458005730,2021-11-18 09:02:05,0,+33788913685,transfert,20211118,90205,110802746305,180,475
33458005709,2021-11-18 09:02:05,0,+33788913685,miss,20211118,90205,110802745931,180,475
33458005730,2021-11-18 11:08:31,0,+33788913685,transfert,20211118,110831,110804437930,180,476
33458005709,2021-11-18 11:08:31,0,+33788913685,miss,20211118,110831,110804438228,180,476
33458005730,2021-11-18 11:10:24,125,+33788913685,transfert,20211118,111024,110804459836,180,477
33458005707,2021-11-18 11:10:24,125,+33788913685,incoming,20211118,111024,110804459800,180,477
33458005730,2021-11-15 16:51:23,178,+33950795116,transfert,20211115,165123,110787453397,181,478
33458005709,2021-11-15 16:51:23,178,+33950795116,incoming,20211115,165123,110787453318,181,478
33458005730,2021-11-05 11:33:31,0,+33951918755,transfert,20211105,113331,110743790630,182,479
33458005709,2021-11-05 11:33:31,0,+33951918755,miss,20211105,113331,110743788660,182,479
33458005730,2021-11-16 14:31:11,188,+33951918755,transfert,20211116,143111,110792778262,182,480
33458005709,2021-11-16 14:31:11,188,+33951918755,incoming,20211116,143111,110792778136,182,480
33458005730,2021-11-02 15:50:32,63,+33970847021,transfert,20211102,155032,110726798569,183,481
33458005709,2021-11-02 15:50:32,63,+33970847021,incoming,20211102,155032,110726800443,183,481
33458005730,2021-11-05 09:34:54,76,+33971099166,transfert,20211105,93454,110742240259,184,482
33458005709,2021-11-05 09:34:54,76,+33971099166,incoming,20211105,93454,110742240267,184,482
33458005730,2021-11-08 09:11:13,0,+33971099166,transfert,20211108,91113,110750599928,184,483
33458005709,2021-11-08 09:11:13,0,+33971099166,miss,20211108,91113,110750605620,184,483
33458005730,2021-11-08 09:48:51,130,+33971099166,transfert,20211108,94851,110751161859,184,484
33458005709,2021-11-08 09:48:51,130,+33971099166,incoming,20211108,94851,110751163641,184,484
33458005730,2021-11-17 17:19:26,24,+33971099166,transfert,20211117,171926,110801541350,184,485
33458005707,2021-11-17 17:19:26,24,+33971099166,transfert,20211117,171926,110801541182,184,486
33458005730,2021-11-24 16:14:09,91,+33972173809,transfert,20211124,161409,110837618501,185,487
33458005707,2021-11-24 16:14:09,91,+33972173809,incoming,20211124,161409,110837618695,185,487
33458005730,2021-11-25 14:55:25,7,+33972173809,transfert,20211125,145525,110843380125,185,488
33458005707,2021-11-25 14:55:25,7,+33972173809,incoming,20211125,145525,110843380297,185,488
33458005730,2021-11-09 09:55:04,46,+33987016699,transfert,20211109,95504,110758340681,186,489
33458005707,2021-11-09 09:55:04,46,+33987016699,incoming,20211109,95504,110758346192,186,489
33458005730,2021-11-02 17:40:53,225,+34635613244,transfert,20211102,174053,110728046549,187,490
33458005709,2021-11-02 17:40:53,225,+34635613244,incoming,20211102,174053,110728046363,187,490
33458005730,2021-11-05 11:33:53,0,+390474506029,transfert,20211105,113353,110743787581,188,491
33458005709,2021-11-05 11:33:53,0,+390474506029,miss,20211105,113353,110743795381,188,491
33458005730,2021-11-05 11:37:58,300,+390474506029,transfert,20211105,113758,110743889603,188,492
33458005709,2021-11-05 11:37:58,299,+390474506029,incoming,20211105,113758,110743891334,188,492
33458005730,2021-11-05 11:57:15,0,+390474506029,transfert,20211105,115715,110744086860,188,493
33458005709,2021-11-05 11:57:15,0,+390474506029,miss,20211105,115715,110744092792,188,493
33458005730,2021-11-05 09:29:08,0,+41225585967,transfert,20211105,92908,110742191796,189,494
33458005709,2021-11-05 09:29:08,0,+41225585967,miss,20211105,92908,110742196638,189,494
33458005730,2021-11-05 09:32:40,4,+41225585967,transfert,20211105,93240,110742203044,189,495
33458005730,2021-11-05 09:57:45,0,+41225585967,transfert,20211105,95745,110742516510,189,496
33458005730,2021-11-02 15:07:29,7,+41795042424,transfert,20211102,150729,110726208545,190,497
33458005707,2021-11-02 15:07:29,7,+41795042424,transfert,20211102,150729,110726209081,190,498
33458005730,2021-11-02 15:11:02,94,+41795042424,transfert,20211102,151102,110726274802,190,499
33458005707,2021-11-02 15:11:02,94,+41795042424,incoming,20211102,151102,110726275330,190,499
33458005730,2021-11-16 10:52:26,572,+41795042424,transfert,20211116,105226,110790566296,190,500
33458005709,2021-11-16 10:52:26,572,+41795042424,incoming,20211116,105226,110790569486,190,500
33458005730,2021-11-17 14:02:29,0,+41795042424,transfert,20211117,140229,110799240580,190,501
33458005709,2021-11-17 14:02:29,0,+41795042424,miss,20211117,140229,110799240096,190,501
33458005730,2021-11-17 14:15:15,0,+41795042424,transfert,20211117,141515,110799382295,190,502
33458005709,2021-11-17 14:15:15,0,+41795042424,miss,20211117,141515,110799381923,190,502
33458005730,2021-11-17 16:40:38,0,+41795042424,transfert,20211117,164038,110801136388,190,503
33458005709,2021-11-17 16:40:38,0,+41795042424,miss,20211117,164038,110801136999,190,503
33458005730,2021-11-19 09:51:12,0,+41795042424,transfert,20211119,95112,110809994345,190,504
33458005709,2021-11-19 09:51:12,0,+41795042424,miss,20211119,95112,110809994502,190,504
33458005730,2021-11-18 09:45:20,1347,+41796261790,transfert,20211118,94520,110803561094,191,505
33458005709,2021-11-18 09:45:20,1347,+41796261790,incoming,20211118,94520,110803561387,191,505
33458005730,2021-11-29 16:06:17,365,+41796798751,transfert,20211129,160617,110861720788,192,506
33458005709,2021-11-29 16:06:17,365,+41796798751,incoming,20211129,160617,110861721026,192,506
33458005730,2021-11-30 15:21:19,16,+4369917509121,transfert,20211130,152119,110868554396,193,507
33458005707,2021-11-30 15:21:19,16,+4369917509121,transfert,20211130,152119,110868553969,193,508
33458005730,2021-11-24 15:14:58,729,+442073163882,transfert,20211124,151458,110837015897,194,509
33458005709,2021-11-24 15:14:58,729,+442073163882,incoming,20211124,151458,110837015949,194,509
33458005730,2021-11-08 11:11:49,745,+442074838360,transfert,20211108,111149,110752576885,195,510
33458005709,2021-11-08 11:11:49,745,+442074838360,incoming,20211108,111149,110752579786,195,510
33458005730,2021-11-22 15:58:38,28,+442380002136,transfert,20211122,155838,110823409864,196,511
33458005709,2021-11-22 15:58:38,28,+442380002136,incoming,20211122,155838,110823410607,196,511
33458005730,2021-11-09 11:39:57,719,+447792139506,transfert,20211109,113957,110760006985,197,512
33458005709,2021-11-09 11:39:57,719,+447792139506,incoming,20211109,113957,110760011697,197,512
33458005730,2021-11-05 11:24:39,168,+4745210555,transfert,20211105,112439,110743686757,198,513
33458005709,2021-11-05 11:24:39,168,+4745210555,incoming,20211105,112439,110743693432,198,513
33458005730,2021-11-05 11:42:59,0,+4745210555,transfert,20211105,114259,110743927121,198,514
33458005709,2021-11-05 11:42:59,0,+4745210555,miss,20211105,114259,110743927595,198,514
33458005730,2021-11-30 15:12:01,0,+48736092846,transfert,20211130,151201,110868457279,199,515
33458005709,2021-11-30 15:12:02,0,+48736092846,miss,20211130,151202,110868454073,199,515
33458005730,2021-11-30 15:14:54,20,+48736092846,transfert,20211130,151454,110868466469,199,516
33458005707,2021-11-30 15:14:54,20,+48736092846,transfert,20211130,151454,110868466562,199,517
33458005730,2021-11-30 15:40:59,301,+48736092846,transfert,20211130,154059,110868896862,199,518
33458005709,2021-11-30 15:40:59,301,+48736092846,incoming,20211130,154059,110868896542,199,518
33458005730,2021-11-17 09:26:11,0,+491729709000,transfert,20211117,92611,110796273661,200,519
33458005709,2021-11-17 09:26:11,0,+491729709000,miss,20211117,92611,110796274072,200,519
33458005730,2021-11-17 09:27:24,492,+491729709000,transfert,20211117,92724,110796386184,200,520
33458005707,2021-11-17 09:27:24,492,+491729709000,incoming,20211117,92724,110796385811,200,520
33458005730,2021-11-17 10:36:06,414,+491729709000,transfert,20211117,103606,110797320123,200,521
33458005709,2021-11-17 10:36:06,414,+491729709000,incoming,20211117,103606,110797321696,200,521
33458005730,2021-11-24 14:23:04,511,+491729709000,transfert,20211124,142304,110836331780,200,522
33458005707,2021-11-24 14:23:04,511,+491729709000,incoming,20211124,142304,110836331676,200,522
33458005730,2021-11-16 14:36:24,588,+596696834334,transfert,20211116,143624,110792936651,201,523
33458005709,2021-11-16 14:36:24,588,+596696834334,incoming,20211116,143624,110792937027,201,523
33458005730,2021-11-16 14:51:54,323,+596696834334,transfert,20211116,145154,110793084119,201,524
33458005707,2021-11-16 14:51:54,323,+596696834334,incoming,20211116,145154,110793083974,201,524
33458005730,2021-11-09 16:14:46,23,+971504738361,transfert,20211109,161446,110762645493,202,525
33458005707,2021-11-09 16:14:46,23,+971504738361,transfert,20211109,161446,110762647271,202,526
33458005730,2021-11-24 11:10:10,10,+971506620240,transfert,20211124,111010,110834475889,203,527
33458005707,2021-11-24 11:10:11,10,+971506620240,incoming,20211124,111011,110834475815,203,527
33458005730,2021-11-24 17:19:21,13,+971506620240,transfert,20211124,171921,110838327011,203,528
33458005707,2021-11-24 17:19:21,13,+971506620240,incoming,20211124,171921,110838327109,203,528
33458005730,2021-11-08 14:13:02,20,+971508000641,transfert,20211108,141302,110754105198,204,529
33458005707,2021-11-08 14:13:02,20,+971508000641,transfert,20211108,141302,110754104915,204,530
33458005730,2021-11-08 15:12:18,6,+971508000641,transfert,20211108,151218,110754904834,204,531
33458005707,2021-11-08 15:12:18,6,+971508000641,transfert,20211108,151218,110754905689,204,532
33458005730,2021-11-02 10:27:03,21,+971558040200,transfert,20211102,102703,110723033656,205,533
33458005707,2021-11-02 10:27:03,21,+971558040200,transfert,20211102,102703,110723032796,205,534
33458005730,2021-11-08 10:23:18,29,+971558040200,transfert,20211108,102318,110751668420,205,535
33458005707,2021-11-08 10:23:18,29,+971558040200,incoming,20211108,102318,110751682838,205,535
33458005730,2021-11-12 10:05:53,87,+971558040200,transfert,20211112,100553,110774131130,205,536
33458005730,2021-11-02 09:06:56,45,+971562603504,transfert,20211102,90656,110721722025,206,537
33458005707,2021-11-02 09:06:56,45,+971562603504,incoming,20211102,90656,110721726343,206,537
33458005730,2021-11-08 11:40:44,238,+971562603504,transfert,20211108,114044,110752873717,206,538
33458005707,2021-11-08 11:40:44,238,+971562603504,incoming,20211108,114044,110752869793,206,538
33458005730,2021-11-29 15:27:19,53,+97248664519,transfert,20211129,152719,110861108432,207,539
33458005707,2021-11-29 15:27:19,53,+97248664519,incoming,20211129,152719,110861107620,207,539
33458005730,2021-11-02 15:19:21,126,anonymous,transfert,20211102,151921,110726395040,208,540
33458005730,2021-11-02 15:28:44,209,anonymous,transfert,20211102,152844,110726541775,208,541
33458005707,2021-11-02 15:28:44,209,anonymous,incoming,20211102,152844,110726543024,208,541
33458005730,2021-11-04 14:26:35,88,anonymous,transfert,20211104,142635,110738796046,208,542
33458005730,2021-11-04 14:28:25,154,anonymous,transfert,20211104,142825,110738833669,208,543
33458005709,2021-11-04 14:28:25,154,anonymous,incoming,20211104,142825,110738833432,208,543
33458005730,2021-11-04 14:44:48,327,anonymous,transfert,20211104,144448,110739062646,208,544
33458005709,2021-11-04 14:44:48,327,anonymous,incoming,20211104,144448,110739062674,208,544
33458005730,2021-11-09 09:22:30,0,anonymous,transfert,20211109,92230,110757929630,208,545
33458005709,2021-11-09 09:22:30,0,anonymous,miss,20211109,92230,110757928070,208,545
33458005730,2021-11-09 09:34:54,373,anonymous,transfert,20211109,93454,110758139302,208,546
33458005709,2021-11-09 09:34:55,373,anonymous,incoming,20211109,93455,110758142663,208,546
33458005730,2021-11-10 15:11:12,357,anonymous,transfert,20211110,151112,110768661744,208,547
33458005730,2021-11-12 11:32:44,0,anonymous,transfert,20211112,113244,110775316092,208,548
33458005709,2021-11-12 11:32:44,0,anonymous,miss,20211112,113244,110775311542,208,548
33458005730,2021-11-12 11:35:28,299,anonymous,transfert,20211112,113528,110775383955,208,549
33458005709,2021-11-12 11:35:28,299,anonymous,incoming,20211112,113528,110775385952,208,549
33458005730,2021-11-12 15:01:06,0,anonymous,transfert,20211112,150106,110776992858,208,550
33458005709,2021-11-12 15:01:06,0,anonymous,miss,20211112,150106,110776993350,208,550
33458005730,2021-11-12 15:04:12,346,anonymous,transfert,20211112,150412,110777062033,208,551
33458005709,2021-11-12 15:04:12,346,anonymous,incoming,20211112,150412,110777062630,208,551
33458005730,2021-11-16 14:21:55,127,anonymous,transfert,20211116,142155,110792643163,208,552
33458005709,2021-11-16 14:21:55,127,anonymous,incoming,20211116,142155,110792643333,208,552
33458005730,2021-11-16 16:11:01,0,anonymous,transfert,20211116,161101,110794066419,208,553
33458005709,2021-11-16 16:11:01,0,anonymous,miss,20211116,161101,110794067002,208,553
33458005730,2021-11-16 16:15:38,24,anonymous,transfert,20211116,161538,110794122311,208,554
33458005707,2021-11-16 16:15:38,24,anonymous,transfert,20211116,161538,110794122328,208,555
33458005730,2021-11-17 09:54:17,0,anonymous,transfert,20211117,95417,110796664051,208,556
33458005709,2021-11-17 09:54:17,0,anonymous,miss,20211117,95417,110796665426,208,556
33458005730,2021-11-17 09:57:44,0,anonymous,transfert,20211117,95744,110796674975,208,557
33458005709,2021-11-17 09:57:44,0,anonymous,miss,20211117,95744,110796675888,208,557
33458005730,2021-11-19 16:47:11,91,anonymous,transfert,20211119,164711,110814301308,208,558
33458005707,2021-11-19 16:47:11,91,anonymous,incoming,20211119,164711,110814301479,208,558
