phoneLine,datetime,duration,callingNumber,nature,date,time,idkey,customerCount,callCount
33458005730,2019-01-07 16:17:06,631,+14158684317,transfert,20190107,161706,15690079665,1,1
33458005709,2019-01-07 16:17:06,631,+14158684317,incoming,20190107,161706,15690080292,1,1
33458005730,2019-01-08 11:58:28,300,+212660107523,transfert,20190108,115828,15694735686,2,2
33458005707,2019-01-08 11:58:28,300,+212660107523,incoming,20190108,115828,15694735709,2,2
33458005730,2019-01-15 09:50:21,14,+212660107523,transfert,20190115,95021,15731834215,2,3
33458005707,2019-01-15 09:50:21,14,+212660107523,transfert,20190115,95021,15731834125,2,4
33458005730,2019-01-15 10:32:32,40,+212660107523,transfert,20190115,103232,15732257972,2,5
33458005707,2019-01-15 10:32:32,40,+212660107523,transfert,20190115,103232,15732258049,2,6
33458005707,2019-01-16 12:30:51,20,+212660107523,transfert,20190116,123051,15739931249,2,7
33458005730,2019-01-26 13:15:51,46,+212661066662,transfert,20190126,131551,15796738199,3,8
33458005707,2019-01-26 13:15:51,46,+212661066662,transfert,20190126,131551,15796738210,3,9
33458005730,2019-01-09 10:15:50,378,+212661196611,transfert,20190109,101550,15700018289,4,10
33458005707,2019-01-09 10:15:50,378,+212661196611,incoming,20190109,101550,15700017630,4,10
33458005730,2019-01-18 10:10:31,133,+212661380130,transfert,20190118,101031,15750925428,5,11
33458005707,2019-01-18 10:10:31,133,+212661380130,incoming,20190118,101031,15750925382,5,11
33458005730,2019-01-18 10:19:49,36,+212661380143,transfert,20190118,101949,15750994750,6,12
33458005707,2019-01-18 10:19:49,36,+212661380143,incoming,20190118,101949,15750994513,6,12
33458005730,2019-01-18 10:26:40,11,+212661380143,transfert,20190118,102640,15751056989,6,13
33458005707,2019-01-18 10:26:40,11,+212661380143,transfert,20190118,102640,15751056818,6,14
33458005730,2019-01-11 13:45:52,14,+32473708856,transfert,20190111,134552,15713677007,7,15
33458005707,2019-01-11 13:45:52,14,+32473708856,transfert,20190111,134552,15713676992,7,16
33458005730,2019-01-11 14:42:43,339,+32473708856,transfert,20190111,144243,15714201200,7,17
33458005707,2019-01-11 14:42:43,339,+32473708856,incoming,20190111,144243,15714201146,7,17
33458005730,2019-01-24 17:27:34,498,+32474216283,transfert,20190124,172734,15787870892,8,18
33458005707,2019-01-24 17:27:34,498,+32474216283,incoming,20190124,172734,15787870869,8,18
33458005730,2019-01-31 11:21:52,331,+33134133933,transfert,20190131,112152,15823279109,9,19
33458005707,2019-01-31 11:21:52,331,+33134133933,incoming,20190131,112152,15823279216,9,19
33458005709,2019-01-22 16:11:59,502,+33143976716,incoming,20190122,161159,15773956591,10,20
33458005730,2019-01-23 14:08:51,13,+33155123960,transfert,20190123,140851,15779496183,11,21
33458005707,2019-01-23 14:08:51,13,+33155123960,transfert,20190123,140851,15779496071,11,22
33458005730,2019-01-23 14:29:01,6,+33155123960,transfert,20190123,142901,15779689055,11,23
33458005707,2019-01-23 14:29:01,6,+33155123960,transfert,20190123,142901,15779689026,11,24
33458005730,2019-01-29 15:23:48,634,+33155123960,transfert,20190129,152348,15812497274,11,25
33458005707,2019-01-29 15:23:48,634,+33155123960,incoming,20190129,152348,15812497278,11,25
33458005730,2019-01-03 15:25:44,1114,+33160062843,transfert,20190103,152544,15669965443,12,26
33458005709,2019-01-03 15:25:44,1114,+33160062843,incoming,20190103,152544,15669965645,12,26
33458005730,2019-01-03 16:17:40,67,+33160062843,transfert,20190103,161740,15670254936,12,27
33458005709,2019-01-03 16:17:40,67,+33160062843,incoming,20190103,161740,15670255040,12,27
33458005730,2019-01-08 10:54:30,330,+33164727800,transfert,20190108,105430,15694067836,13,28
33458005707,2019-01-08 10:54:30,330,+33164727800,incoming,20190108,105430,15694067604,13,28
33458005730,2019-01-31 09:16:28,131,+33164727800,transfert,20190131,91628,15822062228,13,29
33458005707,2019-01-31 09:16:28,131,+33164727800,incoming,20190131,91628,15822061797,13,29
33458005730,2019-01-25 15:57:35,363,+33177726610,transfert,20190125,155735,15793013340,14,30
33458005709,2019-01-25 15:57:35,363,+33177726610,incoming,20190125,155735,15793013346,14,30
33458005730,2019-01-09 17:24:25,64,+33182885649,transfert,20190109,172425,15703303424,15,31
33458005707,2019-01-09 17:24:25,64,+33182885649,incoming,20190109,172425,15703303448,15,31
33458005730,2019-01-15 12:06:09,2,+33184234160,transfert,20190115,120609,15733173255,16,32
33458005707,2019-01-15 12:06:09,2,+33184234160,transfert,20190115,120609,15733173306,16,33
33458005730,2019-01-08 16:00:32,393,+332037,transfert,20190108,160032,15696503255,17,34
33458005707,2019-01-08 16:00:32,393,+332037,incoming,20190108,160032,15696503200,17,34
33458005707,2019-01-08 16:54:52,42,+332037,incoming,20190108,165452,15696954815,17,34
33458005730,2019-01-28 11:59:02,96,+332037,transfert,20190128,115902,15804765522,17,35
33458005707,2019-01-28 11:59:02,96,+332037,incoming,20190128,115902,15804769243,17,35
33458005730,2019-01-11 08:27:57,10,+33223211200,transfert,20190111,82757,15711487408,18,36
33458005709,2019-01-11 08:27:57,10,+33223211200,transfert,20190111,82757,15711487409,18,37
33458005730,2019-01-11 10:05:18,326,+33223211200,transfert,20190111,100518,15712198399,18,38
33458005709,2019-01-11 10:05:18,326,+33223211200,incoming,20190111,100518,15712197906,18,38
33458005730,2019-01-15 08:34:56,2,+33223211200,transfert,20190115,83456,15731255447,18,39
33458005709,2019-01-15 08:34:56,2,+33223211200,transfert,20190115,83456,15731255544,18,40
33458005730,2019-01-31 14:16:07,314,+33235529394,transfert,20190131,141607,15824280423,19,41
33458005707,2019-01-31 14:16:07,314,+33235529394,incoming,20190131,141607,15824280502,19,41
33458005730,2019-01-29 15:36:33,466,+33235529559,transfert,20190129,153633,15812583463,20,42
33458005707,2019-01-29 15:36:33,466,+33235529559,incoming,20190129,153633,15812583563,20,42
33458005730,2019-01-08 12:08:34,61,+33240695444,transfert,20190108,120834,15694783549,21,43
33458005707,2019-01-08 12:08:34,61,+33240695444,incoming,20190108,120834,15694783778,21,43
33458005730,2019-01-08 12:21:16,125,+33240695444,transfert,20190108,122116,15694863846,21,44
33458005707,2019-01-08 12:21:16,125,+33240695444,incoming,20190108,122116,15694863818,21,44
33458005730,2019-01-08 12:35:23,201,+33240695444,transfert,20190108,123523,15694931326,21,45
33458005707,2019-01-08 12:35:23,201,+33240695444,incoming,20190108,123523,15694931297,21,45
33458005709,2019-01-11 17:22:42,1,+33241679568,incoming,20190111,172242,15715496103,22,46
33458005730,2019-01-23 11:04:51,355,+33241679568,transfert,20190123,110451,15778301445,22,47
33458005709,2019-01-23 11:04:51,355,+33241679568,incoming,20190123,110451,15778301752,22,47
33458005730,2019-01-09 14:38:03,826,+33241867000,transfert,20190109,143803,15701963484,23,48
33458005709,2019-01-09 14:38:03,826,+33241867000,incoming,20190109,143803,15701963498,23,48
33458005730,2019-01-15 14:22:37,1090,+33247361275,transfert,20190115,142237,15734059455,24,49
33458005709,2019-01-15 14:22:38,1090,+33247361275,incoming,20190115,142238,15734058315,24,49
33458005730,2019-01-17 15:10:41,287,+33247400650,transfert,20190117,151041,15747119366,25,50
33458005707,2019-01-17 15:10:41,287,+33247400650,incoming,20190117,151041,15747119012,25,50
33458005709,2019-01-24 18:29:43,5,+33247400650,transfert,20190124,182943,15788181827,25,51
33458005707,2019-01-10 09:41:20,299,+33299206020,incoming,20190110,94120,15705701479,26,52
33458005730,2019-01-09 10:25:33,118,+33320258550,transfert,20190109,102533,15700068588,27,53
33458005707,2019-01-09 10:25:33,118,+33320258550,incoming,20190109,102533,15700068600,27,53
33458005730,2019-01-08 11:15:34,62,+33326050528,transfert,20190108,111534,15694252639,28,54
33458005707,2019-01-08 11:15:34,62,+33326050528,incoming,20190108,111534,15694251431,28,54
33458005730,2019-01-11 14:07:28,104,+33326050528,transfert,20190111,140728,15713823714,28,55
33458005707,2019-01-11 14:07:28,104,+33326050528,incoming,20190111,140728,15713823475,28,55
33458005730,2019-01-24 17:13:44,0,+33344663029,transfert,20190124,171344,15787716421,29,56
33458005709,2019-01-24 17:13:44,0,+33344663029,miss,20190124,171344,15787716391,29,56
33458005707,2019-01-24 17:14:14,8,+33344663029,transfert,20190124,171414,15787721147,29,57
33458005707,2019-01-24 17:28:09,3,+33344663029,transfert,20190124,172809,15787818451,29,58
33458005730,2019-01-28 16:46:25,8,+33344663029,transfert,20190128,164625,15806932955,29,59
33458005707,2019-01-28 16:46:25,8,+33344663029,transfert,20190128,164625,15806932673,29,60
33458005730,2019-01-28 16:47:29,587,+33344663029,transfert,20190128,164729,15807025738,29,61
33458005709,2019-01-28 16:47:29,587,+33344663029,incoming,20190128,164729,15807025876,29,61
33458005730,2019-01-18 14:23:13,271,+33344878486,transfert,20190118,142313,15752675532,30,62
33458005709,2019-01-18 14:23:13,271,+33344878486,incoming,20190118,142313,15752675129,30,62
33458005730,2019-01-30 16:12:32,58,+33358931697,transfert,20190130,161232,15819152255,31,63
33458005707,2019-01-30 16:12:32,58,+33358931697,incoming,20190130,161232,15819152350,31,63
33458005730,2019-01-17 09:10:52,433,+33385355897,transfert,20190117,91052,15744527321,32,64
33458005707,2019-01-17 09:10:52,433,+33385355897,incoming,20190117,91052,15744526797,32,64
33458005730,2019-01-24 16:49:53,1652,+33387750909,transfert,20190124,164953,15787741806,33,65
33458005707,2019-01-24 16:49:53,1652,+33387750909,incoming,20190124,164953,15787741974,33,65
33458005730,2019-01-30 10:44:30,578,+33388180885,transfert,20190130,104430,15816841403,34,66
33458005709,2019-01-30 10:44:30,578,+33388180885,incoming,20190130,104430,15816846717,34,66
33458005709,2019-01-25 11:57:01,6,+33388722822,transfert,20190125,115701,15791426685,35,67
33458005709,2019-01-25 12:53:15,5,+33388722822,transfert,20190125,125315,15791698369,35,68
33458005707,2019-01-07 17:08:03,5,+33389327494,transfert,20190107,170803,15690454729,36,69
33458005707,2019-01-07 17:23:39,270,+33389327494,incoming,20190107,172339,15690604375,36,69
33458005730,2019-01-21 17:03:04,91,+33389327494,transfert,20190121,170304,15767983660,36,70
33458005707,2019-01-21 17:03:04,91,+33389327494,incoming,20190121,170304,15767983617,36,70
33458005730,2019-01-08 10:09:37,274,+33389423108,transfert,20190108,100937,15693557223,37,71
33458005709,2019-01-08 10:09:37,274,+33389423108,incoming,20190108,100937,15693557289,37,71
33458005730,2019-01-21 11:08:19,276,+33389423108,transfert,20190121,110819,15765208352,37,72
33458005709,2019-01-21 11:08:19,276,+33389423108,incoming,20190121,110819,15765207957,37,72
33458005707,2019-01-04 09:04:51,73,+33457740084,incoming,20190104,90451,15673010315,38,73
33458005707,2019-01-04 10:41:33,10,+33457740084,transfert,20190104,104133,15673837354,38,74
33458005707,2019-01-04 10:43:10,1068,+33457740084,incoming,20190104,104310,15674024553,38,74
33458005709,2019-01-04 10:06:32,0,+33458005707,miss,20190104,100632,15673506408,39,75
33458005709,2019-01-04 10:07:25,11,+33458005707,incoming,20190104,100725,15673520716,39,75
33458005709,2019-01-04 10:43:37,1047,+33458005707,incoming,20190104,104337,15674023725,39,75
33458005709,2019-01-15 11:53:44,0,+33458005707,miss,20190115,115344,15733068243,39,75
33458005709,2019-01-15 11:53:49,146,+33458005707,incoming,20190115,115349,15733092324,39,75
33458005709,2019-01-16 16:40:24,0,+33458005707,miss,20190116,164024,15741804812,39,75
33458005709,2019-01-16 16:40:28,114,+33458005707,incoming,20190116,164028,15741822297,39,75
33458005709,2019-01-28 11:27:31,0,+33458005707,miss,20190128,112731,15804479824,39,75
33458005709,2019-01-29 15:37:21,7,+33458005707,incoming,20190129,153721,15812525507,39,75
33458005709,2019-01-29 15:37:47,393,+33458005707,incoming,20190129,153747,15812584331,39,75
33458005730,2019-01-21 11:56:26,4,+33467068029,transfert,20190121,115626,15765635454,40,76
33458005709,2019-01-21 11:56:27,4,+33467068029,transfert,20190121,115627,15765635861,40,77
33458005730,2019-01-24 15:38:00,771,+33467274907,transfert,20190124,153800,15786967018,41,78
33458005707,2019-01-24 15:38:00,771,+33467274907,incoming,20190124,153800,15786967159,41,78
33458005730,2019-01-15 09:30:06,804,+33472350027,transfert,20190115,93006,15731751782,42,79
33458005707,2019-01-15 09:30:06,804,+33472350027,incoming,20190115,93006,15731751722,42,79
33458005730,2019-01-21 11:31:59,48,+33476234331,transfert,20190121,113159,15765404712,43,80
33458005707,2019-01-21 11:31:59,48,+33476234331,incoming,20190121,113159,15765404478,43,80
33458005707,2019-01-08 11:54:11,106,+33476408272,incoming,20190108,115411,15694657612,44,81
33458005730,2019-01-23 14:35:24,5,+33476512223,transfert,20190123,143524,15779753040,45,82
33458005707,2019-01-23 14:35:24,5,+33476512223,transfert,20190123,143524,15779753243,45,83
33458005707,2019-01-09 14:49:33,1191,+33476580988,incoming,20190109,144933,15702125815,46,84
33458005730,2019-01-29 14:07:37,5,+33476824067,transfert,20190129,140737,15811739654,47,85
33458005707,2019-01-29 14:07:37,5,+33476824067,transfert,20190129,140737,15811739900,47,86
33458005730,2019-01-29 14:26:40,1204,+33476824067,transfert,20190129,142640,15812072652,47,87
33458005707,2019-01-29 14:26:40,1204,+33476824067,incoming,20190129,142640,15812072992,47,87
33458005730,2019-01-24 15:23:37,396,+33494089800,transfert,20190124,152337,15786786154,48,88
33458005709,2019-01-24 15:23:37,396,+33494089800,incoming,20190124,152337,15786786037,48,88
33458005730,2019-01-24 15:32:49,141,+33494089800,transfert,20190124,153249,15786828907,48,89
33458005709,2019-01-24 15:32:49,141,+33494089800,incoming,20190124,153249,15786828818,48,89
33458005730,2019-01-22 16:14:35,14,+33494089935,transfert,20190122,161435,15773902454,49,90
33458005709,2019-01-22 16:14:35,14,+33494089935,transfert,20190122,161435,15773902349,49,91
33458005730,2019-01-22 16:15:46,11,+33494089935,transfert,20190122,161546,15773914346,49,92
33458005707,2019-01-22 16:15:46,11,+33494089935,transfert,20190122,161546,15773914054,49,93
33458005730,2019-01-22 16:16:55,21,+33494089935,transfert,20190122,161655,15773928894,49,94
33458005709,2019-01-22 16:16:55,21,+33494089935,transfert,20190122,161655,15773928673,49,95
33458005730,2019-01-10 09:25:41,699,+33494974430,transfert,20190110,92541,15705621455,50,96
33458005707,2019-01-10 09:25:41,699,+33494974430,incoming,20190110,92541,15705620920,50,96
33458005730,2019-01-25 10:54:10,12,+33545685100,transfert,20190125,105410,15790845117,51,97
33458005709,2019-01-25 10:54:10,12,+33545685100,transfert,20190125,105410,15790844525,51,98
33458005707,2019-01-25 10:56:27,998,+33545685100,incoming,20190125,105627,15791017455,51,98
33458005730,2019-01-29 16:09:13,13,+33545685100,transfert,20190129,160913,15812823327,51,99
33458005709,2019-01-29 16:09:13,13,+33545685100,transfert,20190129,160913,15812823692,51,100
33458005730,2019-01-29 16:13:52,5,+33545685100,transfert,20190129,161352,15812873046,51,101
33458005709,2019-01-29 16:13:52,5,+33545685100,transfert,20190129,161352,15812872798,51,102
33458005730,2019-01-29 16:14:47,12,+33545685100,transfert,20190129,161447,15812883587,51,103
33458005707,2019-01-29 16:14:47,12,+33545685100,transfert,20190129,161447,15812883493,51,104
33458005730,2019-01-29 16:26:57,182,+33545685100,transfert,20190129,162657,15813018677,51,105
33458005709,2019-01-29 16:26:57,182,+33545685100,incoming,20190129,162657,15813018755,51,105
33458005730,2019-01-08 11:16:56,339,+33549099122,transfert,20190108,111656,15694316630,52,106
33458005707,2019-01-08 11:16:56,339,+33549099122,incoming,20190108,111656,15694316324,52,106
33458005730,2019-01-14 15:20:38,11,+33549348936,transfert,20190114,152038,15727884024,53,107
33458005709,2019-01-14 15:20:38,11,+33549348936,transfert,20190114,152038,15727883585,53,108
33458005730,2019-01-14 15:24:19,11,+33549348936,transfert,20190114,152419,15727914852,53,109
33458005709,2019-01-14 15:24:19,11,+33549348936,transfert,20190114,152419,15727914695,53,110
33458005730,2019-01-14 15:25:07,302,+33549348936,transfert,20190114,152507,15727962624,53,111
33458005707,2019-01-14 15:25:07,302,+33549348936,incoming,20190114,152507,15727962515,53,111
33458005730,2019-01-14 16:01:26,325,+33549348936,transfert,20190114,160126,15728323223,53,112
33458005707,2019-01-14 16:01:26,325,+33549348936,incoming,20190114,160126,15728323191,53,112
33458005730,2019-01-21 15:26:37,8,+33549348936,transfert,20190121,152637,15767086114,53,113
33458005709,2019-01-21 15:26:38,8,+33549348936,transfert,20190121,152638,15767084381,53,114
33458005730,2019-01-21 15:35:18,7,+33549348936,transfert,20190121,153518,15767168078,53,115
33458005707,2019-01-21 15:35:18,7,+33549348936,transfert,20190121,153518,15767167920,53,116
33458005730,2019-01-21 15:42:38,5,+33549348936,transfert,20190121,154238,15767233308,53,117
33458005707,2019-01-21 15:42:38,5,+33549348936,transfert,20190121,154238,15767233048,53,118
33458005730,2019-01-23 09:26:44,594,+33549348936,transfert,20190123,92644,15777327140,53,119
33458005709,2019-01-23 09:26:45,594,+33549348936,incoming,20190123,92645,15777323385,53,119
33458005730,2019-01-25 11:09:52,201,+33549348936,transfert,20190125,110952,15791014456,53,120
33458005709,2019-01-25 11:09:52,201,+33549348936,incoming,20190125,110952,15791013692,53,120
33458005707,2019-01-16 17:13:06,9,+33559122057,transfert,20190116,171306,15742062411,54,121
33458005730,2019-01-16 17:15:23,7,+33559122057,transfert,20190116,171523,15742079877,54,122
33458005707,2019-01-16 17:15:23,7,+33559122057,transfert,20190116,171523,15742079855,54,123
33458005730,2019-01-11 11:08:13,190,+33559929876,transfert,20190111,110813,15712658660,55,124
33458005709,2019-01-11 11:08:13,190,+33559929876,incoming,20190111,110813,15712669855,55,124
33458005707,2019-01-16 16:39:47,152,+33559929876,incoming,20190116,163947,15741821026,55,124
33458005730,2019-01-31 11:34:53,66,+33602475303,transfert,20190131,113453,15823358541,56,125
33458005709,2019-01-31 11:34:53,66,+33602475303,incoming,20190131,113453,15823358231,56,125
33458005730,2019-01-09 15:57:50,44,+33603827717,transfert,20190109,155750,15702568243,57,126
33458005709,2019-01-09 15:57:50,44,+33603827717,transfert,20190109,155750,15702568083,57,127
33458005730,2019-01-09 16:19:28,197,+33603827717,transfert,20190109,161928,15702790311,57,128
33458005709,2019-01-09 16:19:28,197,+33603827717,incoming,20190109,161928,15702790812,57,128
33458005730,2019-01-10 10:36:59,25,+33603827717,transfert,20190110,103659,15706180994,57,129
33458005709,2019-01-10 10:36:59,25,+33603827717,transfert,20190110,103659,15706181089,57,130
33458005730,2019-01-10 10:57:27,4,+33603827717,transfert,20190110,105727,15706371598,57,131
33458005709,2019-01-10 10:57:27,4,+33603827717,transfert,20190110,105727,15706372000,57,132
33458005730,2019-01-10 11:08:17,100,+33603827717,transfert,20190110,110817,15706488817,57,133
33458005709,2019-01-10 11:08:17,100,+33603827717,incoming,20190110,110817,15706488776,57,133
33458005730,2019-01-11 15:28:28,180,+33603827717,transfert,20190111,152828,15714609776,57,134
33458005709,2019-01-11 15:28:28,180,+33603827717,incoming,20190111,152828,15714609730,57,134
33458005707,2019-01-14 11:51:27,4,+33603827717,transfert,20190114,115127,15726424366,57,135
33458005707,2019-01-14 16:28:19,248,+33603827717,incoming,20190114,162819,15728566115,57,135
33458005707,2019-01-15 10:26:53,398,+33603827717,incoming,20190115,102653,15732256770,57,135
33458005707,2019-01-15 11:12:13,4,+33603827717,transfert,20190115,111213,15732658101,57,136
33458005707,2019-01-15 11:17:42,153,+33603827717,incoming,20190115,111742,15732730354,57,136
33458005707,2019-01-15 11:52:18,230,+33603827717,incoming,20190115,115218,15733092315,57,136
33458005707,2019-01-18 18:39:30,3,+33603827717,transfert,20190118,183930,15754512873,57,137
33458005707,2019-01-21 09:34:10,291,+33603827717,incoming,20190121,93410,15764210873,57,137
33458005707,2019-01-21 14:54:38,6,+33603827717,transfert,20190121,145438,15766786260,57,138
33458005707,2019-01-21 15:09:29,4,+33603827717,transfert,20190121,150929,15766925489,57,139
33458005707,2019-01-21 15:16:21,4,+33603827717,transfert,20190121,151621,15766991858,57,140
33458005707,2019-01-21 15:30:15,4,+33603827717,transfert,20190121,153015,15767118595,57,141
33458005707,2019-01-21 16:01:15,848,+33603827717,incoming,20190121,160115,15767549252,57,141
33458005707,2019-01-21 17:18:16,4,+33603827717,transfert,20190121,171816,15768098293,57,142
33458005730,2019-01-25 15:43:42,208,+33603827717,transfert,20190125,154342,15792875203,57,143
33458005709,2019-01-25 15:43:43,208,+33603827717,incoming,20190125,154343,15792873482,57,143
33458005730,2019-01-28 16:19:46,207,+33603827717,transfert,20190128,161946,15806722982,57,144
33458005709,2019-01-28 16:19:46,207,+33603827717,incoming,20190128,161946,15806722909,57,144
33458005730,2019-01-30 14:10:13,28,+33603827717,transfert,20190130,141013,15818065950,57,145
33458005709,2019-01-30 14:10:13,28,+33603827717,transfert,20190130,141013,15818065959,57,146
33458005730,2019-01-30 14:42:27,344,+33603827717,transfert,20190130,144227,15818399825,57,147
33458005709,2019-01-30 14:42:27,344,+33603827717,incoming,20190130,144227,15818399828,57,147
33458005730,2019-01-23 10:16:12,83,+33607426837,transfert,20190123,101612,15777758098,58,148
33458005709,2019-01-23 10:16:12,83,+33607426837,incoming,20190123,101612,15777759183,58,148
33458005730,2019-01-07 17:14:44,358,+33607457078,transfert,20190107,171444,15690548942,59,149
33458005709,2019-01-07 17:14:44,358,+33607457078,incoming,20190107,171444,15690548753,59,149
33458005730,2019-01-11 16:17:32,131,+33607457078,transfert,20190111,161732,15715022935,59,150
33458005709,2019-01-11 16:17:32,131,+33607457078,incoming,20190111,161732,15715023094,59,150
33458005730,2019-01-11 16:21:34,222,+33607457078,transfert,20190111,162134,15715068330,59,151
33458005709,2019-01-11 16:21:34,222,+33607457078,incoming,20190111,162134,15715068463,59,151
33458005730,2019-01-14 17:18:03,292,+33607457078,transfert,20190114,171803,15728994656,59,152
33458005709,2019-01-14 17:18:03,292,+33607457078,incoming,20190114,171803,15728994581,59,152
33458005730,2019-01-14 17:24:24,658,+33607457078,transfert,20190114,172424,15729081575,59,153
33458005709,2019-01-14 17:24:24,658,+33607457078,incoming,20190114,172424,15729081491,59,153
33458005730,2019-01-14 17:56:40,104,+33607457078,transfert,20190114,175640,15729221412,59,154
33458005709,2019-01-14 17:56:40,104,+33607457078,incoming,20190114,175640,15729221455,59,154
33458005730,2019-01-17 15:40:50,371,+33607457078,transfert,20190117,154050,15747405224,59,155
33458005709,2019-01-17 15:40:50,371,+33607457078,incoming,20190117,154050,15747405241,59,155
33458005730,2019-01-17 16:16:49,58,+33607457078,transfert,20190117,161649,15747692890,59,156
33458005709,2019-01-17 16:16:49,58,+33607457078,incoming,20190117,161649,15747692913,59,156
33458005730,2019-01-18 16:30:55,266,+33607457078,transfert,20190118,163055,15753731695,59,157
33458005709,2019-01-18 16:30:55,266,+33607457078,incoming,20190118,163055,15753731532,59,157
33458005709,2019-01-15 11:25:22,517,+33607559403,incoming,20190115,112522,15732872585,60,158
33458005730,2019-01-18 13:06:44,84,+33607559403,transfert,20190118,130644,15752237714,60,159
33458005709,2019-01-18 13:06:44,84,+33607559403,transfert,20190118,130644,15752237723,60,160
33458005730,2019-01-18 14:52:12,251,+33607559403,transfert,20190118,145212,15752928696,60,161
33458005709,2019-01-18 14:52:12,251,+33607559403,incoming,20190118,145212,15752928547,60,161
33458005730,2019-01-18 16:15:25,274,+33607559403,transfert,20190118,161525,15753610200,60,162
33458005709,2019-01-18 16:15:25,274,+33607559403,incoming,20190118,161525,15753610060,60,162
33458005730,2019-01-18 17:02:55,332,+33607559403,transfert,20190118,170255,15753997559,60,163
33458005709,2019-01-18 17:02:55,332,+33607559403,incoming,20190118,170255,15753997692,60,163
33458005730,2019-01-21 12:14:13,34,+33607559403,transfert,20190121,121413,15765764728,60,164
33458005709,2019-01-21 12:14:13,34,+33607559403,transfert,20190121,121413,15765764654,60,165
33458005730,2019-01-21 15:42:22,870,+33607559403,transfert,20190121,154222,15767369532,60,166
33458005709,2019-01-21 15:42:22,870,+33607559403,incoming,20190121,154222,15767369336,60,166
33458005730,2019-01-23 12:09:29,46,+33607559403,transfert,20190123,120929,15778840852,60,167
33458005709,2019-01-23 12:09:29,46,+33607559403,transfert,20190123,120929,15778840953,60,168
33458005730,2019-01-15 15:44:44,65,+33607772042,transfert,20190115,154444,15734684843,61,169
33458005707,2019-01-15 15:44:44,65,+33607772042,incoming,20190115,154444,15734684954,61,169
33458005730,2019-01-08 16:47:23,221,+33607826790,transfert,20190108,164723,15696907425,62,170
33458005709,2019-01-08 16:47:23,221,+33607826790,incoming,20190108,164723,15696907738,62,170
33458005730,2019-01-08 16:54:41,12,+33607826790,transfert,20190108,165441,15696951398,62,171
33458005709,2019-01-08 16:54:41,12,+33607826790,transfert,20190108,165441,15696951631,62,172
33458005730,2019-01-15 09:16:10,539,+33607826790,transfert,20190115,91610,15731569148,62,173
33458005709,2019-01-15 09:16:10,539,+33607826790,incoming,20190115,91610,15731568867,62,173
33458005730,2019-01-15 09:31:55,519,+33607826790,transfert,20190115,93155,15731717022,62,174
33458005709,2019-01-15 09:31:55,519,+33607826790,incoming,20190115,93155,15731716948,62,174
33458005730,2019-01-02 10:28:22,357,+33611174432,transfert,20190102,102822,15661081210,63,175
33458005709,2019-01-02 10:28:22,357,+33611174432,incoming,20190102,102822,15661081689,63,175
33458005730,2019-01-21 17:13:38,435,+33611174432,transfert,20190121,171338,15768113669,63,176
33458005707,2019-01-21 17:13:38,435,+33611174432,incoming,20190121,171338,15768113795,63,176
33458005730,2019-01-21 18:01:55,606,+33611174432,transfert,20190121,180155,15768404509,63,177
33458005707,2019-01-21 18:01:55,606,+33611174432,incoming,20190121,180155,15768404488,63,177
33458005730,2019-01-23 14:02:02,17,+33611174432,transfert,20190123,140202,15779433481,63,178
33458005707,2019-01-23 14:02:03,17,+33611174432,transfert,20190123,140203,15779432508,63,179
33458005730,2019-01-23 14:02:52,12,+33611174432,transfert,20190123,140252,15779438483,63,180
33458005709,2019-01-23 14:02:52,12,+33611174432,transfert,20190123,140252,15779438386,63,181
33458005730,2019-01-23 14:05:55,2,+33611174432,transfert,20190123,140555,15779468308,63,182
33458005707,2019-01-23 14:05:55,2,+33611174432,transfert,20190123,140555,15779468156,63,183
33458005730,2019-01-23 14:06:32,89,+33611174432,transfert,20190123,140632,15779484527,63,184
33458005709,2019-01-23 14:06:32,89,+33611174432,incoming,20190123,140632,15779484574,63,184
33458005730,2019-01-23 18:16:47,12,+33611174432,transfert,20190123,181647,15781587011,63,185
33458005709,2019-01-23 18:16:47,12,+33611174432,transfert,20190123,181647,15781587035,63,186
33458005730,2019-01-29 11:01:09,187,+33611174432,transfert,20190129,110109,15810606338,63,187
33458005709,2019-01-29 11:01:09,187,+33611174432,incoming,20190129,110109,15810606267,63,187
33458005730,2019-01-24 14:12:54,0,+33611729232,transfert,20190124,141254,15786106954,64,188
33458005709,2019-01-24 14:12:54,0,+33611729232,miss,20190124,141254,15786107055,64,188
33458005730,2019-01-17 11:55:36,177,+33613100765,transfert,20190117,115536,15745968723,65,189
33458005709,2019-01-17 11:55:36,177,+33613100765,incoming,20190117,115536,15745968617,65,189
33458005730,2019-01-17 13:25:34,9,+33613100765,transfert,20190117,132534,15746317497,65,190
33458005709,2019-01-17 13:25:34,9,+33613100765,transfert,20190117,132534,15746317474,65,191
33458005730,2019-01-17 13:45:18,138,+33613100765,transfert,20190117,134518,15746398474,65,192
33458005709,2019-01-17 13:45:18,138,+33613100765,incoming,20190117,134518,15746398465,65,192
33458005730,2019-01-21 17:12:27,7,+33613100765,transfert,20190121,171227,15768051705,65,193
33458005709,2019-01-21 17:12:27,7,+33613100765,transfert,20190121,171227,15768051655,65,194
33458005730,2019-01-21 17:15:08,479,+33613100765,transfert,20190121,171508,15768130957,65,195
33458005709,2019-01-21 17:15:08,479,+33613100765,incoming,20190121,171508,15768130847,65,195
33458005709,2019-01-22 16:57:27,9,+33613100765,transfert,20190122,165727,15774318268,65,196
33458005709,2019-01-22 17:04:47,12,+33613100765,transfert,20190122,170447,15774386425,65,197
33458005709,2019-01-22 17:05:31,4,+33613100765,transfert,20190122,170531,15774391109,65,198
33458005709,2019-01-22 17:08:40,178,+33613100765,incoming,20190122,170840,15774439774,65,198
33458005709,2019-01-24 14:05:11,12,+33613100765,transfert,20190124,140511,15786049080,65,199
33458005709,2019-01-24 16:40:30,128,+33613100765,incoming,20190124,164030,15787439721,65,199
33458005709,2019-01-24 18:19:21,12,+33613100765,transfert,20190124,181921,15788134889,65,200
33458005730,2019-01-03 10:44:53,642,+33613238103,transfert,20190103,104453,15667959802,66,201
33458005709,2019-01-03 10:44:53,642,+33613238103,incoming,20190103,104453,15667959744,66,201
33458005730,2019-01-23 15:15:18,362,+33613611343,transfert,20190123,151518,15780184314,67,202
33458005709,2019-01-23 15:15:18,362,+33613611343,incoming,20190123,151518,15780184545,67,202
33458005730,2019-01-16 17:06:36,685,+33614635562,transfert,20190116,170636,15742095360,68,203
33458005707,2019-01-16 17:06:36,685,+33614635562,incoming,20190116,170636,15742095387,68,203
33458005730,2019-01-08 11:33:59,117,+33615621185,transfert,20190108,113359,15694460214,69,204
33458005707,2019-01-08 11:33:59,117,+33615621185,incoming,20190108,113359,15694459985,69,204
33458005730,2019-01-09 11:55:27,195,+33615621185,transfert,20190109,115527,15700966544,69,205
33458005709,2019-01-09 11:55:27,195,+33615621185,incoming,20190109,115527,15700966596,69,205
33458005730,2019-01-11 11:31:05,12,+33615621185,transfert,20190111,113105,15712880668,69,206
33458005709,2019-01-11 11:31:05,12,+33615621185,transfert,20190111,113105,15712879917,69,207
33458005730,2019-01-11 11:31:57,44,+33615621185,transfert,20190111,113157,15712891618,69,208
33458005709,2019-01-11 11:31:57,44,+33615621185,incoming,20190111,113157,15712892187,69,208
33458005730,2019-01-14 11:31:41,104,+33615621185,transfert,20190114,113141,15726240152,69,209
33458005709,2019-01-14 11:31:41,104,+33615621185,incoming,20190114,113141,15726240216,69,209
33458005730,2019-01-14 16:55:21,3,+33615621185,transfert,20190114,165521,15728771780,69,210
33458005709,2019-01-14 16:55:21,3,+33615621185,transfert,20190114,165521,15728771725,69,211
33458005730,2019-01-14 16:56:13,5,+33615621185,transfert,20190114,165613,15728779380,69,212
33458005709,2019-01-14 16:56:14,5,+33615621185,transfert,20190114,165614,15728778700,69,213
33458005730,2019-01-15 15:12:26,139,+33615621185,transfert,20190115,151226,15734385867,69,214
33458005709,2019-01-15 15:12:26,139,+33615621185,incoming,20190115,151226,15734385971,69,214
33458005730,2019-01-21 11:34:23,83,+33616315110,transfert,20190121,113423,15765433796,70,215
33458005707,2019-01-21 11:34:23,83,+33616315110,incoming,20190121,113423,15765434269,70,215
33458005730,2019-01-28 10:09:15,28,+33616315110,transfert,20190128,100915,15803708754,70,216
33458005707,2019-01-28 10:09:15,28,+33616315110,incoming,20190128,100915,15803710287,70,216
33458005730,2019-01-31 17:06:06,1004,+33616742583,transfert,20190131,170606,15825861241,71,217
33458005707,2019-01-31 17:06:06,1004,+33616742583,incoming,20190131,170606,15825861530,71,217
33458005730,2019-01-04 10:03:10,48,+33617165916,transfert,20190104,100310,15673482330,72,218
33458005707,2019-01-04 10:03:10,48,+33617165916,incoming,20190104,100310,15673482770,72,218
33458005730,2019-01-03 15:11:19,467,+33619304118,transfert,20190103,151119,15669769835,73,219
33458005707,2019-01-03 15:11:19,467,+33619304118,incoming,20190103,151119,15669769975,73,219
33458005730,2019-01-18 13:04:31,13,+33620465637,transfert,20190118,130431,15752227168,74,220
33458005709,2019-01-18 13:04:31,13,+33620465637,transfert,20190118,130431,15752227162,74,221
33458005730,2019-01-18 14:55:14,20,+33620465637,transfert,20190118,145514,15752923841,74,222
33458005709,2019-01-18 14:55:14,20,+33620465637,transfert,20190118,145514,15752923967,74,223
33458005730,2019-01-18 14:56:20,142,+33620465637,transfert,20190118,145620,15752951021,74,224
33458005709,2019-01-18 14:56:20,142,+33620465637,incoming,20190118,145620,15752950838,74,224
33458005730,2019-01-22 16:35:55,13,+33620465637,transfert,20190122,163555,15774111978,74,225
33458005709,2019-01-22 16:35:55,13,+33620465637,transfert,20190122,163555,15774112182,74,226
33458005730,2019-01-24 13:50:59,3,+33620465637,transfert,20190124,135059,15785958693,74,227
33458005709,2019-01-24 13:50:59,3,+33620465637,transfert,20190124,135059,15785958567,74,228
33458005730,2019-01-24 13:55:09,58,+33620465637,transfert,20190124,135509,15785982811,74,229
33458005709,2019-01-24 13:55:09,58,+33620465637,incoming,20190124,135509,15785982668,74,229
33458005730,2019-01-02 15:29:23,595,+33623387341,transfert,20190102,152923,15663412226,75,230
33458005709,2019-01-02 15:29:23,595,+33623387341,incoming,20190102,152923,15663412348,75,230
33458005730,2019-01-04 10:27:30,82,+33623387341,transfert,20190104,102730,15673712055,75,231
33458005709,2019-01-04 10:27:30,82,+33623387341,incoming,20190104,102730,15673712244,75,231
33458005730,2019-01-21 15:29:55,1300,+33625646044,transfert,20190121,152955,15767313204,76,232
33458005707,2019-01-21 15:29:55,1300,+33625646044,incoming,20190121,152955,15767312870,76,232
33458005730,2019-01-04 16:22:23,704,+33626508177,transfert,20190104,162223,15676292065,77,233
33458005707,2019-01-04 16:22:23,704,+33626508177,incoming,20190104,162223,15676292186,77,233
33458005730,2019-01-10 16:49:59,285,+33627475961,transfert,20190110,164959,15709144626,78,234
33458005709,2019-01-10 16:49:59,285,+33627475961,incoming,20190110,164959,15709144753,78,234
33458005730,2019-01-31 16:51:25,378,+33629752313,transfert,20190131,165125,15825686050,79,235
33458005707,2019-01-31 16:51:25,378,+33629752313,incoming,20190131,165125,15825686097,79,235
33458005730,2019-01-31 17:08:34,6,+33629752313,transfert,20190131,170834,15825764508,79,236
33458005707,2019-01-31 17:08:34,6,+33629752313,transfert,20190131,170834,15825764425,79,237
33458005730,2019-01-31 17:09:27,12,+33629752313,transfert,20190131,170927,15825770380,79,238
33458005707,2019-01-31 17:09:27,12,+33629752313,transfert,20190131,170927,15825770292,79,239
33458005730,2019-01-31 17:25:01,445,+33629752313,transfert,20190131,172501,15825932405,79,240
33458005707,2019-01-31 17:25:01,445,+33629752313,incoming,20190131,172501,15825932347,79,240
33458005707,2019-01-25 09:41:09,108,+33630481676,incoming,20190125,94109,15790139036,80,241
33458005730,2019-01-25 17:00:53,5,+33630563947,transfert,20190125,170053,15793481802,81,242
33458005707,2019-01-25 17:00:53,5,+33630563947,transfert,20190125,170053,15793481809,81,243
33458005730,2019-01-11 18:52:41,10,+33632730833,transfert,20190111,185241,15715904041,82,244
33458005709,2019-01-11 18:52:41,10,+33632730833,transfert,20190111,185241,15715904063,82,245
33458005730,2019-01-17 17:42:40,908,+33633342444,transfert,20190117,174240,15748466763,83,246
33458005707,2019-01-17 17:42:40,908,+33633342444,incoming,20190117,174240,15748466829,83,246
33458005730,2019-01-16 09:13:52,75,+33633963065,transfert,20190116,91352,15738167531,84,247
33458005707,2019-01-16 09:13:52,75,+33633963065,incoming,20190116,91352,15738167668,84,247
33458005730,2019-01-22 16:42:24,12,+33633963065,transfert,20190122,164224,15774170912,84,248
33458005709,2019-01-22 16:42:24,12,+33633963065,transfert,20190122,164224,15774170919,84,249
33458005730,2019-01-08 11:18:12,5,+33640546113,transfert,20190108,111812,15694273702,85,250
33458005709,2019-01-08 11:18:12,5,+33640546113,transfert,20190108,111812,15694273898,85,251
33458005730,2019-01-10 11:47:40,143,+33642572544,transfert,20190110,114740,15706886547,86,252
33458005707,2019-01-10 11:47:40,143,+33642572544,incoming,20190110,114740,15706887164,86,252
33458005730,2019-01-14 17:34:38,543,+33642572544,transfert,20190114,173438,15729134599,86,253
33458005707,2019-01-14 17:34:38,543,+33642572544,incoming,20190114,173438,15729134529,86,253
33458005730,2019-01-15 13:30:35,5,+33642572544,transfert,20190115,133035,15733537049,86,254
33458005709,2019-01-15 13:30:36,5,+33642572544,transfert,20190115,133036,15733537171,86,255
33458005730,2019-01-15 13:33:07,3,+33642572544,transfert,20190115,133307,15733546326,86,256
33458005707,2019-01-15 13:33:07,3,+33642572544,transfert,20190115,133307,15733546313,86,257
33458005730,2019-01-09 16:41:28,1050,+33643105860,transfert,20190109,164128,15703097225,87,258
33458005707,2019-01-09 16:41:28,1050,+33643105860,incoming,20190109,164128,15703097113,87,258
33458005730,2019-01-16 16:22:44,624,+33648350528,transfert,20190116,162244,15741738612,88,259
33458005707,2019-01-16 16:22:44,624,+33648350528,incoming,20190116,162244,15741738802,88,259
33458005730,2019-01-08 13:50:41,5,+33650556381,transfert,20190108,135041,15695236013,89,260
33458005709,2019-01-08 13:50:41,5,+33650556381,transfert,20190108,135041,15695235992,89,261
33458005730,2019-01-08 14:00:33,362,+33650556381,transfert,20190108,140033,15695342939,89,262
33458005709,2019-01-08 14:00:33,362,+33650556381,incoming,20190108,140033,15695342967,89,262
33458005730,2019-01-24 13:54:55,0,+33650598919,transfert,20190124,135455,15785976092,90,263
33458005707,2019-01-24 13:54:55,0,+33650598919,miss,20190124,135455,15785976038,90,263
33458005730,2019-01-29 14:36:32,37,+33650598919,transfert,20190129,143632,15811987170,90,264
33458005709,2019-01-29 14:36:32,37,+33650598919,incoming,20190129,143632,15811987161,90,264
33458005730,2019-01-03 16:14:05,4,+33651002529,transfert,20190103,161405,15670221707,91,265
33458005709,2019-01-03 16:14:05,4,+33651002529,transfert,20190103,161405,15670222247,91,266
33458005730,2019-01-02 09:40:11,278,+33651521445,transfert,20190102,94011,15660602517,92,267
33458005709,2019-01-02 09:40:11,278,+33651521445,incoming,20190102,94011,15660602579,92,267
33458005730,2019-01-23 09:54:32,215,+33652130669,transfert,20190123,95432,15777543100,93,268
33458005709,2019-01-23 09:54:32,215,+33652130669,incoming,20190123,95432,15777542916,93,268
33458005730,2019-01-23 11:11:44,632,+33652625195,transfert,20190123,111144,15778416344,94,269
33458005709,2019-01-23 11:11:44,632,+33652625195,incoming,20190123,111144,15778415876,94,269
33458005730,2019-01-17 10:53:57,122,+33658898832,transfert,20190117,105357,15745408253,95,270
33458005709,2019-01-17 10:53:57,122,+33658898832,incoming,20190117,105357,15745408148,95,270
33458005730,2019-01-22 16:34:08,5,+33660037122,transfert,20190122,163408,15774099467,96,271
33458005707,2019-01-22 16:34:08,5,+33660037122,transfert,20190122,163408,15774099428,96,272
33458005730,2019-01-23 11:22:34,32,+33660037122,transfert,20190123,112234,15778424019,96,273
33458005709,2019-01-23 11:22:34,32,+33660037122,incoming,20190123,112234,15778424069,96,273
33458005730,2019-01-23 16:48:44,21,+33660037122,transfert,20190123,164844,15780967993,96,274
33458005709,2019-01-23 16:48:44,21,+33660037122,incoming,20190123,164844,15780967950,96,274
33458005730,2019-01-23 17:46:30,14,+33660037122,transfert,20190123,174630,15781413408,96,275
33458005709,2019-01-23 17:46:30,14,+33660037122,incoming,20190123,174630,15781413286,96,275
33458005730,2019-01-14 10:37:17,338,+33660959720,transfert,20190114,103717,15725704633,97,276
33458005709,2019-01-14 10:37:17,338,+33660959720,incoming,20190114,103717,15725704569,97,276
33458005730,2019-01-16 15:41:15,70,+33660959720,transfert,20190116,154115,15741286878,97,277
33458005709,2019-01-16 15:41:15,70,+33660959720,incoming,20190116,154115,15741286632,97,277
33458005730,2019-01-18 09:26:52,234,+33660959720,transfert,20190118,92652,15750550488,97,278
33458005709,2019-01-18 09:26:52,234,+33660959720,incoming,20190118,92652,15750550292,97,278
33458005730,2019-01-25 15:15:53,923,+33660980186,transfert,20190125,151553,15792743202,98,279
33458005709,2019-01-25 15:15:53,923,+33660980186,incoming,20190125,151553,15792743282,98,279
33458005730,2019-01-31 11:31:27,12,+33661568014,transfert,20190131,113127,15823320167,99,280
33458005707,2019-01-31 11:31:27,12,+33661568014,transfert,20190131,113127,15823320359,99,281
33458005730,2019-01-31 11:32:04,60,+33661568014,transfert,20190131,113204,15823332985,99,282
33458005709,2019-01-31 11:32:04,60,+33661568014,incoming,20190131,113204,15823332084,99,282
33458005707,2019-01-15 14:06:21,486,+33662185381,incoming,20190115,140621,15733791005,100,283
33458005707,2019-01-15 14:28:37,442,+33662185381,incoming,20190115,142837,15734013399,100,283
33458005730,2019-01-28 16:29:54,0,+33662417762,transfert,20190128,162954,15806781103,101,284
33458005707,2019-01-28 16:29:54,0,+33662417762,miss,20190128,162954,15806781203,101,284
33458005730,2019-01-28 16:39:33,522,+33662417762,transfert,20190128,163933,15806947326,101,285
33458005707,2019-01-28 16:39:33,522,+33662417762,incoming,20190128,163933,15806947393,101,285
33458005730,2019-01-29 16:00:43,5,+33662417762,transfert,20190129,160043,15812739134,101,286
33458005707,2019-01-29 16:00:43,5,+33662417762,transfert,20190129,160043,15812739246,101,287
33458005730,2019-01-29 16:02:01,4,+33662417762,transfert,20190129,160201,15812751411,101,288
33458005707,2019-01-29 16:02:01,4,+33662417762,transfert,20190129,160201,15812751215,101,289
33458005730,2019-01-29 16:04:06,9,+33662417762,transfert,20190129,160406,15812774756,101,290
33458005707,2019-01-29 16:04:06,9,+33662417762,transfert,20190129,160406,15812774978,101,291
33458005730,2019-01-29 16:12:49,272,+33662417762,transfert,20190129,161249,15812905611,101,292
33458005707,2019-01-29 16:12:49,272,+33662417762,incoming,20190129,161249,15812905808,101,292
33458005730,2019-01-30 13:43:32,114,+33662417762,transfert,20190130,134332,15817896098,101,293
33458005707,2019-01-30 13:43:32,114,+33662417762,incoming,20190130,134332,15817896067,101,293
33458005707,2019-01-31 11:30:14,7,+33662417762,transfert,20190131,113014,15823309462,101,294
33458005730,2019-01-31 11:31:13,13,+33662417762,transfert,20190131,113113,15823319615,101,295
33458005707,2019-01-31 11:31:13,13,+33662417762,transfert,20190131,113113,15823319369,101,296
33458005730,2019-01-31 11:40:03,207,+33662417762,transfert,20190131,114003,15823432850,101,297
33458005707,2019-01-31 11:40:03,207,+33662417762,incoming,20190131,114003,15823433460,101,297
33458005730,2019-01-31 11:45:49,40,+33662417762,transfert,20190131,114549,15823459790,101,298
33458005707,2019-01-31 11:45:50,40,+33662417762,incoming,20190131,114550,15823457777,101,298
33458005730,2019-01-31 15:08:12,631,+33662417762,transfert,20190131,150812,15824798555,101,299
33458005707,2019-01-31 15:08:12,631,+33662417762,incoming,20190131,150812,15824798739,101,299
33458005730,2019-01-31 17:19:19,7,+33662417762,transfert,20190131,171919,15825836784,101,300
33458005707,2019-01-31 17:19:19,7,+33662417762,transfert,20190131,171919,15825836839,101,301
33458005730,2019-01-31 17:49:38,86,+33662417762,transfert,20190131,174938,15826052917,101,302
33458005707,2019-01-31 17:49:38,86,+33662417762,incoming,20190131,174938,15826052939,101,302
33458005730,2019-01-31 18:27:51,11,+33662417762,transfert,20190131,182751,15826212032,101,303
33458005707,2019-01-31 18:27:51,11,+33662417762,transfert,20190131,182751,15826212021,101,304
33458005730,2019-01-31 16:54:39,21,+33666755659,transfert,20190131,165439,15825666359,102,305
33458005709,2019-01-31 16:54:39,21,+33666755659,incoming,20190131,165439,15825666363,102,305
33458005730,2019-01-21 17:58:23,218,+33666973566,transfert,20190121,175823,15768359691,103,306
33458005707,2019-01-21 17:58:23,218,+33666973566,incoming,20190121,175823,15768359762,103,306
33458005730,2019-01-22 10:31:49,7,+33666973566,transfert,20190122,103149,15771150658,103,307
33458005707,2019-01-22 10:31:49,7,+33666973566,transfert,20190122,103149,15771150093,103,308
33458005730,2019-01-22 10:33:47,859,+33666973566,transfert,20190122,103347,15771316042,103,309
33458005707,2019-01-22 10:33:47,859,+33666973566,incoming,20190122,103347,15771316921,103,309
33458005730,2019-01-24 18:27:15,5,+33666973566,transfert,20190124,182715,15788170923,103,310
33458005707,2019-01-24 18:27:15,5,+33666973566,transfert,20190124,182715,15788170936,103,311
33458005730,2019-01-25 10:33:16,5,+33666973566,transfert,20190125,103316,15790632093,103,312
33458005707,2019-01-25 10:33:16,5,+33666973566,transfert,20190125,103316,15790632035,103,313
33458005730,2019-01-25 11:00:55,12,+33666973566,transfert,20190125,110055,15790906941,103,314
33458005707,2019-01-25 11:00:56,12,+33666973566,transfert,20190125,110056,15790904051,103,315
33458005730,2019-01-25 11:12:32,4,+33666973566,transfert,20190125,111232,15791014260,103,316
33458005707,2019-01-25 11:12:32,4,+33666973566,transfert,20190125,111232,15791014607,103,317
33458005730,2019-01-25 11:14:48,253,+33666973566,transfert,20190125,111448,15791071631,103,318
33458005709,2019-01-25 11:14:48,253,+33666973566,incoming,20190125,111448,15791072071,103,318
33458005730,2019-01-25 11:28:53,4,+33666973566,transfert,20190125,112853,15791160413,103,319
33458005709,2019-01-25 11:28:53,4,+33666973566,transfert,20190125,112853,15791159482,103,320
33458005730,2019-01-25 17:12:08,77,+33666973566,transfert,20190125,171208,15793559877,103,321
33458005709,2019-01-25 17:12:08,77,+33666973566,incoming,20190125,171208,15793559334,103,321
33458005730,2019-01-25 17:14:52,534,+33666973566,transfert,20190125,171452,15793618940,103,322
33458005709,2019-01-25 17:14:52,534,+33666973566,incoming,20190125,171452,15793618951,103,322
33458005730,2019-01-28 11:47:05,374,+33666973566,transfert,20190128,114705,15804718554,103,323
33458005709,2019-01-28 11:47:05,374,+33666973566,incoming,20190128,114705,15804696979,103,323
33458005730,2019-01-28 14:42:26,61,+33666973566,transfert,20190128,144226,15805815322,103,324
33458005709,2019-01-28 14:42:26,61,+33666973566,incoming,20190128,144226,15805814984,103,324
33458005730,2019-01-30 14:58:39,317,+33666973566,transfert,20190130,145839,15818536918,103,325
33458005709,2019-01-30 14:58:39,317,+33666973566,incoming,20190130,145839,15818536837,103,325
33458005730,2019-01-25 15:20:48,7,+33672892028,transfert,20190125,152048,15792661540,104,326
33458005709,2019-01-25 15:20:48,7,+33672892028,transfert,20190125,152048,15792661509,104,327
33458005730,2019-01-25 15:21:38,136,+33672892028,transfert,20190125,152138,15792684336,104,328
33458005707,2019-01-25 15:21:38,136,+33672892028,incoming,20190125,152138,15792684489,104,328
33458005730,2019-01-07 17:05:48,498,+33673075997,transfert,20190107,170548,15690498846,105,329
33458005707,2019-01-07 17:05:48,498,+33673075997,incoming,20190107,170548,15690499180,105,329
33458005730,2019-01-31 17:48:30,57,+33673075997,transfert,20190131,174830,15826043676,105,330
33458005709,2019-01-31 17:48:30,57,+33673075997,incoming,20190131,174830,15826043642,105,330
33458005730,2019-01-19 10:16:30,19,+33673195931,transfert,20190119,101630,15756886114,106,331
33458005709,2019-01-19 10:16:30,19,+33673195931,transfert,20190119,101630,15756886122,106,332
33458005730,2019-01-21 11:45:16,641,+33673195931,transfert,20190121,114516,15765626521,106,333
33458005709,2019-01-21 11:45:16,641,+33673195931,incoming,20190121,114516,15765627205,106,333
33458005707,2019-01-03 15:20:15,117,+33673460704,incoming,20190103,152015,15669794816,107,334
33458005730,2019-01-16 08:47:33,5,+33673460704,transfert,20190116,84733,15737982230,107,335
33458005709,2019-01-16 08:47:33,5,+33673460704,transfert,20190116,84733,15737982239,107,336
33458005730,2019-01-16 09:05:50,131,+33673460704,transfert,20190116,90550,15738106668,107,337
33458005709,2019-01-16 09:05:50,131,+33673460704,incoming,20190116,90550,15738107242,107,337
33458005730,2019-01-28 14:14:57,157,+33673460704,transfert,20190128,141457,15805581268,107,338
33458005709,2019-01-28 14:14:57,157,+33673460704,incoming,20190128,141457,15805581226,107,338
33458005730,2019-01-28 14:20:27,164,+33673460704,transfert,20190128,142027,15805633558,107,339
33458005709,2019-01-28 14:20:27,164,+33673460704,incoming,20190128,142027,15805633187,107,339
33458005730,2019-01-09 11:16:50,259,+33675128643,transfert,20190109,111650,15700595078,108,340
33458005709,2019-01-09 11:16:50,259,+33675128643,incoming,20190109,111650,15700595195,108,340
33458005709,2019-01-07 10:53:47,0,+33675890059,miss,20190107,105347,15687373050,109,341
33458005709,2019-01-07 10:59:24,285,+33675890059,incoming,20190107,105924,15687491072,109,341
33458005709,2019-01-07 11:04:30,121,+33675890059,incoming,20190107,110430,15687509089,109,341
33458005709,2019-01-09 08:19:46,4,+33675890059,transfert,20190109,81946,15699211428,109,342
33458005709,2019-01-15 11:01:58,427,+33675890059,incoming,20190115,110158,15732618518,109,342
33458005709,2019-01-22 14:04:48,11,+33675890059,transfert,20190122,140448,15772700409,109,343
33458005709,2019-01-22 14:05:39,242,+33675890059,incoming,20190122,140539,15772737586,109,343
33458005709,2019-01-25 10:50:49,840,+33675890059,incoming,20190125,105049,15790941258,109,343
33458005709,2019-01-25 11:27:21,4,+33675890059,transfert,20190125,112721,15791143752,109,344
33458005709,2019-01-25 11:27:58,6,+33675890059,transfert,20190125,112758,15791150571,109,345
33458005707,2019-01-21 10:38:20,97,+33676194613,incoming,20190121,103820,15764854513,110,346
33458005730,2019-01-04 10:06:11,11,+33676432999,transfert,20190104,100611,15673508041,111,347
33458005707,2019-01-04 10:06:11,11,+33676432999,transfert,20190104,100611,15673507845,111,348
33458005730,2019-01-04 10:07:04,38,+33676432999,transfert,20190104,100704,15673518700,111,349
33458005707,2019-01-04 10:07:04,38,+33676432999,incoming,20190104,100704,15673517600,111,349
33458005730,2019-01-09 10:30:33,237,+33676559014,transfert,20190109,103033,15700130309,112,350
33458005709,2019-01-09 10:30:33,237,+33676559014,incoming,20190109,103033,15700130476,112,350
33458005730,2019-01-14 09:59:52,94,+33676559014,transfert,20190114,95952,15725263965,112,351
33458005707,2019-01-14 09:59:52,94,+33676559014,incoming,20190114,95952,15725264204,112,351
33458005730,2019-01-18 14:17:15,228,+33677119711,transfert,20190118,141715,15752614263,113,352
33458005709,2019-01-18 14:17:15,228,+33677119711,incoming,20190118,141715,15752614007,113,352
33458005730,2019-01-15 15:02:06,1406,+33679442085,transfert,20190115,150206,15734502618,114,353
33458005707,2019-01-15 15:02:06,1406,+33679442085,incoming,20190115,150206,15734502350,114,353
33458005730,2019-01-29 11:33:55,326,+33680012144,transfert,20190129,113355,15810942434,115,354
33458005709,2019-01-29 11:33:55,326,+33680012144,incoming,20190129,113355,15810941611,115,354
33458005730,2019-01-11 08:56:57,7,+33680170143,transfert,20190111,85657,15711602097,116,355
33458005709,2019-01-11 08:56:57,7,+33680170143,transfert,20190111,85657,15711602104,116,356
33458005730,2019-01-23 16:38:11,398,+33680573866,transfert,20190123,163811,15780931631,117,357
33458005709,2019-01-23 16:38:11,398,+33680573866,incoming,20190123,163811,15780931558,117,357
33458005730,2019-01-09 14:56:21,170,+33680914862,transfert,20190109,145621,15702031326,118,358
33458005709,2019-01-09 14:56:21,170,+33680914862,incoming,20190109,145621,15702031382,118,358
33458005730,2019-01-29 16:57:43,13,+33681264060,transfert,20190129,165743,15813267478,119,359
33458005709,2019-01-29 16:57:43,13,+33681264060,transfert,20190129,165743,15813267535,119,360
33458005730,2019-01-29 16:59:45,4,+33681264060,transfert,20190129,165945,15813286433,119,361
33458005707,2019-01-29 16:59:45,4,+33681264060,transfert,20190129,165945,15813285516,119,362
33458005730,2019-01-29 17:04:50,4,+33681264060,transfert,20190129,170450,15813329073,119,363
33458005709,2019-01-29 17:04:50,4,+33681264060,transfert,20190129,170450,15813329139,119,364
33458005730,2019-01-09 11:45:00,355,+33681374820,transfert,20190109,114500,15700887287,120,365
33458005707,2019-01-09 11:45:00,355,+33681374820,incoming,20190109,114500,15700887382,120,365
33458005730,2019-01-31 11:28:25,58,+33681541196,transfert,20190131,112825,15823297397,121,366
33458005709,2019-01-31 11:28:25,58,+33681541196,incoming,20190131,112825,15823296847,121,366
33458005730,2019-01-31 11:47:14,481,+33681541196,transfert,20190131,114714,15823537515,121,367
33458005709,2019-01-31 11:47:14,481,+33681541196,incoming,20190131,114714,15823537397,121,367
33458005730,2019-01-30 09:12:49,1437,+33681878470,transfert,20190130,91249,15816159176,122,368
33458005707,2019-01-30 09:12:50,1437,+33681878470,incoming,20190130,91250,15816157752,122,368
33458005730,2019-01-28 14:39:15,485,+33682442395,transfert,20190128,143915,15805848132,123,369
33458005707,2019-01-28 14:39:15,485,+33682442395,incoming,20190128,143915,15805847944,123,369
33458005709,2019-01-22 16:11:51,0,+33684086723,miss,20190122,161151,15773870703,124,370
33458005708,2019-01-11 10:31:25,2286,+33684638546,incoming,20190111,103125,15712652026,125,371
33458005709,2019-01-15 10:52:10,534,+33685123326,incoming,20190115,105210,15732536954,126,372
33458005709,2019-01-15 13:57:35,66,+33685123326,transfert,20190115,135735,15733659847,126,373
33458005709,2019-01-15 14:08:14,556,+33685123326,incoming,20190115,140814,15733820174,126,373
33458005730,2019-01-07 13:08:11,739,+33686260094,transfert,20190107,130811,15688444886,127,374
33458005707,2019-01-07 13:08:11,739,+33686260094,incoming,20190107,130811,15688444858,127,374
33458005730,2019-01-17 10:53:48,928,+33686654727,transfert,20190117,105348,15745535904,128,375
33458005707,2019-01-17 10:53:48,928,+33686654727,incoming,20190117,105348,15745535841,128,375
33458005709,2019-01-21 16:27:58,461,+33688026645,incoming,20190121,162758,15767726827,129,376
33458005730,2019-01-23 09:38:10,262,+33688026645,transfert,20190123,93810,15777382993,129,377
33458005709,2019-01-23 09:38:10,262,+33688026645,incoming,20190123,93810,15777382883,129,377
33458005730,2019-01-25 11:15:19,7,+33688026645,transfert,20190125,111519,15791039746,129,378
33458005709,2019-01-25 11:15:19,7,+33688026645,transfert,20190125,111519,15791039851,129,379
33458005730,2019-01-25 11:16:05,60,+33688026645,transfert,20190125,111605,15791048884,129,380
33458005707,2019-01-25 11:16:05,60,+33688026645,incoming,20190125,111605,15791048662,129,380
33458005709,2019-01-25 11:26:26,182,+33688026645,incoming,20190125,112626,15791161855,129,380
33458005730,2019-01-17 15:03:34,233,+33688432460,transfert,20190117,150334,15747052663,130,381
33458005707,2019-01-17 15:03:34,233,+33688432460,incoming,20190117,150334,15747052929,130,381
33458005730,2019-01-14 15:14:57,5,+33688453907,transfert,20190114,151457,15727825363,131,382
33458005709,2019-01-14 15:14:57,5,+33688453907,transfert,20190114,151457,15727825210,131,383
33458005730,2019-01-14 15:15:48,529,+33688453907,transfert,20190114,151548,15727913315,131,384
33458005707,2019-01-14 15:15:48,529,+33688453907,incoming,20190114,151548,15727913239,131,384
33458005730,2019-01-28 15:42:00,75,+33688509146,transfert,20190128,154200,15806351813,132,385
33458005707,2019-01-28 15:42:00,75,+33688509146,incoming,20190128,154200,15806351894,132,385
33458005730,2019-01-28 16:54:50,95,+33688509146,transfert,20190128,165450,15807019244,132,386
33458005707,2019-01-28 16:54:50,95,+33688509146,incoming,20190128,165450,15807019201,132,386
33458005707,2019-01-29 09:32:33,12,+33688509146,transfert,20190129,93233,15809745263,132,387
33458005730,2019-01-29 09:33:33,11,+33688509146,transfert,20190129,93333,15809755606,132,388
33458005707,2019-01-29 09:33:33,11,+33688509146,transfert,20190129,93333,15809754966,132,389
33458005707,2019-01-30 14:07:38,40,+33688509146,incoming,20190130,140738,15818045267,132,389
33458005730,2019-01-18 14:24:06,11,+33688765823,transfert,20190118,142406,15752645873,133,390
33458005709,2019-01-18 14:24:06,11,+33688765823,transfert,20190118,142406,15752645585,133,391
33458005730,2019-01-18 14:25:28,4,+33688765823,transfert,20190118,142528,15752659035,133,392
33458005709,2019-01-18 14:25:28,4,+33688765823,transfert,20190118,142528,15752658806,133,393
33458005730,2019-01-18 15:11:04,72,+33688765823,transfert,20190118,151104,15753069836,133,394
33458005709,2019-01-18 15:11:04,72,+33688765823,incoming,20190118,151104,15753069559,133,394
33458005730,2019-01-18 15:12:49,491,+33688765823,transfert,20190118,151249,15753136419,133,395
33458005709,2019-01-18 15:12:49,491,+33688765823,incoming,20190118,151249,15753136015,133,395
33458005707,2019-01-29 15:56:10,75,+33760660845,incoming,20190129,155610,15812703514,134,396
33458005730,2019-01-11 16:06:13,387,+33761274463,transfert,20190111,160613,15714959863,135,397
33458005709,2019-01-11 16:06:13,387,+33761274463,incoming,20190111,160613,15714959814,135,397
33458005730,2019-01-21 11:28:22,50,+33761274463,transfert,20190121,112822,15765371524,135,398
33458005709,2019-01-21 11:28:22,50,+33761274463,transfert,20190121,112822,15765371977,135,399
33458005730,2019-01-21 11:56:31,11,+33761274463,transfert,20190121,115631,15765634079,135,400
33458005709,2019-01-21 11:56:31,11,+33761274463,transfert,20190121,115631,15765634336,135,401
33458005730,2019-01-22 12:25:54,57,+33761274463,transfert,20190122,122554,15772227912,135,402
33458005709,2019-01-22 12:25:54,57,+33761274463,transfert,20190122,122554,15772227878,135,403
33458005707,2019-01-04 09:59:07,142,+33761362121,incoming,20190104,95907,15673458505,136,404
33458005707,2019-01-14 09:18:41,123,+33761362121,incoming,20190114,91841,15724851481,136,404
33458005730,2019-01-17 09:28:52,461,+33761607765,transfert,20190117,92852,15744686077,137,405
33458005709,2019-01-17 09:28:52,461,+33761607765,incoming,20190117,92852,15744685971,137,405
33458005730,2019-01-17 15:35:27,211,+33761607765,transfert,20190117,153527,15747335802,137,406
33458005709,2019-01-17 15:35:27,211,+33761607765,incoming,20190117,153527,15747335756,137,406
33458005730,2019-01-22 15:28:15,10,+33761607765,transfert,20190122,152815,15773465164,137,407
33458005709,2019-01-22 15:28:15,10,+33761607765,transfert,20190122,152815,15773465187,137,408
33458005730,2019-01-22 15:44:22,4,+33761607765,transfert,20190122,154422,15773615942,137,409
33458005709,2019-01-22 15:44:22,4,+33761607765,transfert,20190122,154422,15773615829,137,410
33458005730,2019-01-07 16:56:49,99,+33762121922,transfert,20190107,165649,15690369596,138,411
33458005707,2019-01-07 16:56:49,99,+33762121922,incoming,20190107,165649,15690369662,138,411
33458005730,2019-01-08 16:01:11,73,+33762121922,transfert,20190108,160111,15696459886,138,412
33458005709,2019-01-08 16:01:11,73,+33762121922,incoming,20190108,160111,15696460334,138,412
33458005730,2019-01-08 16:51:36,288,+33762121922,transfert,20190108,165136,15696963770,138,413
33458005709,2019-01-08 16:51:36,288,+33762121922,incoming,20190108,165136,15696963646,138,413
33458005730,2019-01-09 11:45:02,67,+33762121922,transfert,20190109,114502,15700834774,138,414
33458005709,2019-01-09 11:45:02,67,+33762121922,incoming,20190109,114502,15700835283,138,414
33458005730,2019-01-09 11:59:55,54,+33762121922,transfert,20190109,115955,15700982181,138,415
33458005709,2019-01-09 11:59:55,54,+33762121922,incoming,20190109,115955,15700982242,138,415
33458005730,2019-01-09 12:28:33,3,+33762121922,transfert,20190109,122833,15701132795,138,416
33458005709,2019-01-09 12:28:33,3,+33762121922,transfert,20190109,122833,15701132800,138,417
33458005730,2019-01-09 13:24:27,7,+33762121922,transfert,20190109,132427,15701353182,138,418
33458005709,2019-01-09 13:24:27,7,+33762121922,transfert,20190109,132427,15701353181,138,419
33458005730,2019-01-09 13:27:32,0,+33762121922,transfert,20190109,132732,15701363158,138,420
33458005709,2019-01-09 13:27:32,0,+33762121922,miss,20190109,132732,15701363176,138,420
33458005730,2019-01-09 13:36:48,0,+33762121922,transfert,20190109,133648,15701403217,138,421
33458005709,2019-01-09 13:36:48,0,+33762121922,miss,20190109,133648,15701403119,138,421
33458005730,2019-01-09 14:07:10,314,+33762121922,transfert,20190109,140710,15701609229,138,422
33458005709,2019-01-09 14:07:10,314,+33762121922,incoming,20190109,140710,15701609334,138,422
33458005730,2019-01-10 10:47:22,4,+33771073981,transfert,20190110,104722,15706280220,139,423
33458005709,2019-01-10 10:47:22,4,+33771073981,transfert,20190110,104722,15706279871,139,424
33458005730,2019-01-07 11:48:19,286,+33777840647,transfert,20190107,114819,15687992030,140,425
33458005709,2019-01-07 11:48:19,286,+33777840647,incoming,20190107,114819,15687992552,140,425
33458005730,2019-01-14 12:43:45,35,+33777840647,transfert,20190114,124345,15726764645,140,426
33458005709,2019-01-14 12:43:45,35,+33777840647,transfert,20190114,124345,15726764689,140,427
33458005730,2019-01-14 14:43:58,15,+33777840647,transfert,20190114,144358,15727514331,140,428
33458005709,2019-01-14 14:43:58,15,+33777840647,transfert,20190114,144358,15727513723,140,429
33458005730,2019-01-14 14:45:05,306,+33777840647,transfert,20190114,144505,15727572422,140,430
33458005709,2019-01-14 14:45:05,306,+33777840647,incoming,20190114,144505,15727572411,140,430
33458005730,2019-01-24 08:49:01,14,+33777840647,transfert,20190124,84901,15783639897,140,431
33458005709,2019-01-24 08:49:01,14,+33777840647,transfert,20190124,84901,15783639660,140,432
33458005730,2019-01-24 16:10:08,223,+33777840647,transfert,20190124,161008,15787175877,140,433
33458005709,2019-01-24 16:10:08,223,+33777840647,incoming,20190124,161008,15787176011,140,433
33458005730,2019-01-15 14:46:32,232,+33781868224,transfert,20190115,144632,15734151758,141,434
33458005707,2019-01-15 14:46:32,232,+33781868224,incoming,20190115,144632,15734151702,141,434
33458005730,2019-01-30 12:28:01,43,+33782210622,transfert,20190130,122801,15817604080,142,435
33458005709,2019-01-30 12:28:01,43,+33782210622,transfert,20190130,122801,15817604097,142,436
33458005730,2019-01-30 12:29:25,4,+33782210622,transfert,20190130,122925,15817607493,142,437
33458005707,2019-01-30 12:29:25,4,+33782210622,transfert,20190130,122925,15817607466,142,438
33458005709,2019-01-22 17:05:26,149,+33782298799,incoming,20190122,170526,15774405661,143,439
33458005730,2019-01-24 14:55:43,673,+33951112402,transfert,20190124,145543,15786596225,144,440
33458005709,2019-01-24 14:55:43,673,+33951112402,incoming,20190124,145543,15786596109,144,440
33458005730,2019-01-16 17:26:52,5,+33951155165,transfert,20190116,172652,15742161366,145,441
33458005707,2019-01-16 17:26:52,5,+33951155165,transfert,20190116,172652,15742161325,145,442
33458005730,2019-01-16 17:30:54,5,+33951155165,transfert,20190116,173054,15742182545,145,443
33458005707,2019-01-16 17:30:54,5,+33951155165,transfert,20190116,173054,15742182502,145,444
33458005730,2019-01-03 16:17:48,12,+33951918755,transfert,20190103,161748,15670253644,146,445
33458005709,2019-01-03 16:17:48,12,+33951918755,transfert,20190103,161748,15670253531,146,446
33458005730,2019-01-04 09:04:16,90,+33951918755,transfert,20190104,90416,15673007737,146,447
33458005709,2019-01-04 09:04:16,90,+33951918755,incoming,20190104,90416,15673007804,146,447
33458005730,2019-01-30 16:09:39,5,+33952026925,transfert,20190130,160939,15819121617,147,448
33458005707,2019-01-30 16:09:39,5,+33952026925,transfert,20190130,160939,15819121435,147,449
33458005730,2019-01-30 16:10:39,87,+33952026925,transfert,20190130,161039,15819138391,147,450
33458005709,2019-01-30 16:10:39,87,+33952026925,incoming,20190130,161039,15819138497,147,450
33458005730,2019-01-31 11:59:43,9,+33952026925,transfert,20190131,115943,15823576582,147,451
33458005707,2019-01-31 11:59:43,9,+33952026925,transfert,20190131,115943,15823576480,147,452
33458005730,2019-01-31 12:00:43,115,+33952026925,transfert,20190131,120043,15823594146,147,453
33458005709,2019-01-31 12:00:43,115,+33952026925,incoming,20190131,120043,15823594252,147,453
33458005730,2019-01-04 10:55:29,599,+33963554288,transfert,20190104,105529,15674067748,148,454
33458005707,2019-01-04 10:55:29,599,+33963554288,incoming,20190104,105529,15674067666,148,454
33458005730,2019-01-16 11:01:48,83,+33963563740,transfert,20190116,110148,15739193535,149,455
33458005707,2019-01-16 11:01:48,83,+33963563740,incoming,20190116,110148,15739193964,149,455
33458005730,2019-01-08 12:26:43,11,+33972396622,transfert,20190108,122643,15694882474,150,456
33458005709,2019-01-08 12:26:43,11,+33972396622,transfert,20190108,122643,15694882471,150,457
33458005730,2019-01-08 14:11:00,107,+33972396622,transfert,20190108,141100,15695400389,150,458
33458005709,2019-01-08 14:11:00,107,+33972396622,incoming,20190108,141100,15695400461,150,458
33458005730,2019-01-31 15:45:00,12,+352621797979,transfert,20190131,154500,15825040562,151,459
33458005709,2019-01-31 15:45:00,12,+352621797979,transfert,20190131,154500,15825040508,151,460
33458005730,2019-01-07 11:04:17,545,+393331677703,transfert,20190107,110417,15687579448,152,461
33458005707,2019-01-07 11:04:17,545,+393331677703,incoming,20190107,110417,15687579259,152,461
33458005730,2019-01-28 11:22:00,265,+393331677703,transfert,20190128,112200,15804469888,152,462
33458005709,2019-01-28 11:22:00,265,+393331677703,incoming,20190128,112200,15804470438,152,462
33458005730,2019-01-25 16:32:11,50,+41213458031,transfert,20190125,163211,15793265913,153,463
33458005707,2019-01-25 16:32:11,50,+41213458031,transfert,20190125,163211,15793265784,153,464
33458005730,2019-01-16 17:22:03,803,+41788784966,transfert,20190116,172203,15742208546,154,465
33458005707,2019-01-16 17:22:03,803,+41788784966,incoming,20190116,172203,15742208592,154,465
33458005730,2019-01-18 10:25:31,379,+41792505008,transfert,20190118,102531,15751105819,155,466
33458005709,2019-01-18 10:25:31,379,+41792505008,incoming,20190118,102531,15751105552,155,466
33458005730,2019-01-21 11:42:10,68,+41792505008,transfert,20190121,114210,15765503833,155,467
33458005709,2019-01-21 11:42:10,68,+41792505008,incoming,20190121,114210,15765503960,155,467
33458005730,2019-01-21 14:15:04,99,+41792505008,transfert,20190121,141504,15766416410,155,468
33458005709,2019-01-21 14:15:04,99,+41792505008,incoming,20190121,141504,15766416481,155,468
33458005730,2019-01-21 14:39:19,13,+41792505008,transfert,20190121,143919,15766642910,155,469
33458005709,2019-01-21 14:39:19,13,+41792505008,transfert,20190121,143919,15766642838,155,470
33458005709,2019-01-22 09:43:25,121,+41792505008,incoming,20190122,94325,15770687259,155,470
33458005709,2019-01-22 10:18:43,10,+41792505008,transfert,20190122,101843,15771027046,155,471
33458005709,2019-01-22 10:21:10,297,+41792505008,incoming,20190122,102110,15771093873,155,471
33458005709,2019-01-22 11:34:09,64,+41792505008,incoming,20190122,113409,15771812439,155,471
33458005730,2019-01-02 09:52:16,180,+41796233904,transfert,20190102,95216,15660697712,156,472
33458005707,2019-01-02 09:52:16,180,+41796233904,incoming,20190102,95216,15660696680,156,472
33458005730,2019-01-07 14:32:26,5,+41799459951,transfert,20190107,143226,15688976007,157,473
33458005707,2019-01-07 14:32:26,5,+41799459951,transfert,20190107,143226,15688976112,157,474
33458005730,2019-01-07 14:33:05,28,+41799459951,transfert,20190107,143305,15688984848,157,475
33458005709,2019-01-07 14:33:05,28,+41799459951,incoming,20190107,143305,15688984687,157,475
33458005730,2019-01-07 14:59:01,55,+41799459951,transfert,20190107,145901,15689245490,157,476
33458005709,2019-01-07 14:59:01,55,+41799459951,incoming,20190107,145901,15689245618,157,476
33458005730,2019-01-15 09:04:39,12,+421915427855,transfert,20190115,90439,15731401736,158,477
33458005709,2019-01-15 09:04:39,12,+421915427855,transfert,20190115,90439,15731399953,158,478
33458005730,2019-01-15 09:06:27,7,+421915427855,transfert,20190115,90627,15731414227,158,479
33458005709,2019-01-15 09:06:27,7,+421915427855,transfert,20190115,90627,15731414255,158,480
33458005730,2019-01-25 11:10:11,10,+491755744217,transfert,20190125,111011,15790994529,159,481
33458005707,2019-01-25 11:10:11,10,+491755744217,transfert,20190125,111011,15790994536,159,482
33458005730,2019-01-25 12:34:37,10,+491755744217,transfert,20190125,123437,15791632614,159,483
33458005707,2019-01-25 12:34:37,10,+491755744217,transfert,20190125,123437,15791632612,159,484
33458005730,2019-01-25 12:35:37,11,+491755744217,transfert,20190125,123537,15791636671,159,485
33458005709,2019-01-25 12:35:37,11,+491755744217,transfert,20190125,123537,15791636645,159,486
33458005730,2019-01-25 13:59:05,21,+491755744217,transfert,20190125,135905,15791952236,159,487
33458005707,2019-01-25 13:59:05,21,+491755744217,incoming,20190125,135905,15791952165,159,487
33458005730,2019-01-25 14:00:00,695,+491755744217,transfert,20190125,140000,15792057403,159,488
33458005709,2019-01-25 14:00:00,695,+491755744217,incoming,20190125,140000,15792057388,159,488
33458005730,2019-01-31 10:22:01,596,+491755744217,transfert,20190131,102201,15822746115,159,489
33458005709,2019-01-31 10:22:01,596,+491755744217,incoming,20190131,102201,15822746278,159,489
33458005730,2019-01-31 11:26:28,3,+491755744217,transfert,20190131,112628,15823273407,159,490
33458005709,2019-01-31 11:26:28,3,+491755744217,transfert,20190131,112628,15823272484,159,491
33458005730,2019-01-31 11:27:13,247,+491755744217,transfert,20190131,112713,15823319291,159,492
33458005707,2019-01-31 11:27:13,247,+491755744217,incoming,20190131,112713,15823319753,159,492
33458005730,2019-01-31 11:42:35,3,+491755744217,transfert,20190131,114235,15823426815,159,493
33458005707,2019-01-31 11:42:35,3,+491755744217,transfert,20190131,114235,15823427189,159,494
33458005730,2019-01-31 11:43:16,60,+491755744217,transfert,20190131,114316,15823440170,159,495
33458005709,2019-01-31 11:43:16,60,+491755744217,incoming,20190131,114316,15823440921,159,495
33458005730,2019-01-21 12:49:16,10,+590690290862,transfert,20190121,124916,15765927681,160,496
33458005707,2019-01-21 12:49:16,10,+590690290862,transfert,20190121,124916,15765927672,160,497
33458005730,2019-01-21 16:51:25,165,+590690290862,transfert,20190121,165125,15767896437,160,498
33458005707,2019-01-21 16:51:25,165,+590690290862,incoming,20190121,165125,15767896457,160,498
33458005730,2019-01-09 16:59:28,371,anonymous,transfert,20190109,165928,15703149171,161,499
33458005709,2019-01-09 16:59:28,371,anonymous,incoming,20190109,165928,15703149181,161,499
33458005730,2019-01-21 11:29:52,620,anonymous,transfert,20190121,112952,15765472775,161,500
33458005709,2019-01-21 11:29:52,620,anonymous,incoming,20190121,112952,15765472978,161,500
33458005730,2019-01-21 14:28:45,106,anonymous,transfert,20190121,142845,15766547922,161,501
33458005709,2019-01-21 14:28:45,106,anonymous,incoming,20190121,142845,15766547821,161,501
33458005730,2019-01-21 14:41:57,3,anonymous,transfert,20190121,144157,15766666637,161,502
33458005709,2019-01-21 14:41:57,3,anonymous,transfert,20190121,144157,15766666736,161,503
33458005730,2019-01-21 15:47:43,5,anonymous,transfert,20190121,154743,15767281769,161,504
33458005709,2019-01-21 15:47:43,5,anonymous,transfert,20190121,154743,15767282466,161,505
33458005730,2019-01-21 16:06:45,47,anonymous,transfert,20190121,160645,15767472959,161,506
33458005709,2019-01-21 16:06:45,47,anonymous,incoming,20190121,160645,15767473042,161,506
33458005730,2019-01-24 16:21:02,226,anonymous,transfert,20190124,162102,15787271663,161,507
33458005709,2019-01-24 16:21:02,226,anonymous,incoming,20190124,162102,15787274972,161,507
33458005730,2019-01-28 11:23:57,13,anonymous,transfert,20190128,112357,15804452276,161,508
33458005709,2019-01-28 11:23:57,13,anonymous,transfert,20190128,112357,15804452099,161,509
33458005730,2019-01-28 11:24:50,4,anonymous,transfert,20190128,112450,15804455910,161,510
33458005709,2019-01-28 11:24:50,4,anonymous,transfert,20190128,112450,15804455794,161,511
33458005730,2019-01-28 11:26:56,80,anonymous,transfert,20190128,112656,15804484765,161,512
33458005707,2019-01-28 11:26:56,80,anonymous,incoming,20190128,112656,15804484712,161,512
33458005730,2019-01-28 11:32:24,582,anonymous,transfert,20190128,113224,15804611043,161,513
33458005709,2019-01-28 11:32:24,582,anonymous,incoming,20190128,113224,15804620392,161,513
