phoneLine,datetime,duration,callingNumber,nature,date,time,idkey,customerCount,callCount
33458005730,2020-04-27 11:54:39,65,+27794906265,transfert,20200427,115439,18398172299,1,1
33458005707,2020-04-27 11:54:39,65,+27794906265,transfert,20200427,115439,18398172932,1,2
33458005730,2020-04-15 14:27:53,19,+31622519422,transfert,20200415,142753,18373817086,2,3
33458005707,2020-04-15 14:27:53,19,+31622519422,transfert,20200415,142753,18373817132,2,4
33458005730,2020-04-15 14:28:40,5,+31622519422,transfert,20200415,142840,18373822561,2,5
33458005709,2020-04-15 14:28:40,5,+31622519422,transfert,20200415,142840,18373822528,2,6
33458005730,2020-04-23 10:58:43,11,+33148769436,transfert,20200423,105843,18390984497,3,7
33458005709,2020-04-23 10:58:43,11,+33148769436,transfert,20200423,105843,18390984593,3,8
33458005730,2020-04-15 17:12:01,2,+33184802251,transfert,20200415,171201,18374608576,4,9
33458005709,2020-04-15 17:12:01,2,+33184802251,transfert,20200415,171201,18374608614,4,10
33458005730,2020-04-15 17:22:23,0,+33184802251,transfert,20200415,172223,18374639609,4,11
33458005709,2020-04-15 17:22:23,0,+33184802251,miss,20200415,172223,18374639660,4,11
33458005730,2020-04-06 14:21:27,36,+33233016526,transfert,20200406,142127,18355770340,5,12
33458005707,2020-04-06 14:21:27,36,+33233016526,transfert,20200406,142127,18355770438,5,13
33458005730,2020-04-06 14:22:36,5,+33233016526,transfert,20200406,142236,18355776275,5,14
33458005709,2020-04-06 14:22:36,5,+33233016526,transfert,20200406,142236,18355776305,5,15
33458005730,2020-04-20 11:11:10,8,+33247400650,transfert,20200420,111110,18382690020,6,16
33458005709,2020-04-20 11:11:10,8,+33247400650,transfert,20200420,111110,18382689858,6,17
33458005730,2020-04-15 17:48:30,13,+33299008484,transfert,20200415,174830,18374717791,7,18
33458005709,2020-04-15 17:48:30,13,+33299008484,transfert,20200415,174830,18374717768,7,19
33458005730,2020-04-13 11:12:39,0,+33444052972,transfert,20200413,111239,18368218271,8,20
33458005709,2020-04-13 11:12:39,0,+33444052972,miss,20200413,111239,18368218280,8,20
33458001861,2020-04-10 11:37:25,1124,+33456648057,incoming,20200410,113725,18365232046,9,21
33458005730,2020-04-06 15:09:51,15,+33466390615,transfert,20200406,150951,18356002183,10,22
33458005707,2020-04-06 15:09:51,15,+33466390615,transfert,20200406,150951,18356002159,10,23
33458005730,2020-04-06 15:10:37,9,+33466390615,transfert,20200406,151037,18356007326,10,24
33458005709,2020-04-06 15:10:37,9,+33466390615,transfert,20200406,151037,18356007322,10,25
33458005730,2020-04-10 15:35:47,687,+33475294769,transfert,20200410,153547,18365946394,11,26
33458005707,2020-04-10 15:35:47,687,+33475294769,incoming,20200410,153547,18365946381,11,26
33458005730,2020-04-03 09:05:26,66,+33563682026,transfert,20200403,90526,18350797752,12,27
33458005707,2020-04-03 09:05:26,66,+33563682026,transfert,20200403,90526,18350797797,12,28
33458005730,2020-04-23 08:55:43,12,+33603693302,transfert,20200423,85543,18390333142,13,29
33458005709,2020-04-23 08:55:43,12,+33603693302,transfert,20200423,85543,18390333141,13,30
33458005730,2020-04-23 09:02:43,14,+33603693302,transfert,20200423,90243,18390351639,13,31
33458005707,2020-04-23 09:02:43,14,+33603693302,transfert,20200423,90243,18390352207,13,32
33458005730,2020-04-23 09:03:13,65,+33603693302,transfert,20200423,90313,18390359677,13,33
33458005709,2020-04-23 09:03:13,65,+33603693302,transfert,20200423,90313,18390359640,13,34
33458005730,2020-04-28 17:38:32,8,+33603693302,transfert,20200428,173832,18402653635,13,35
33458005709,2020-04-28 17:38:32,8,+33603693302,transfert,20200428,173832,18402653651,13,36
33458005730,2020-04-28 17:39:00,13,+33603693302,transfert,20200428,173900,18402655330,13,37
33458005707,2020-04-28 17:39:00,13,+33603693302,transfert,20200428,173900,18402655282,13,38
33458005730,2020-04-29 14:16:20,9,+33603693302,transfert,20200429,141620,18404580305,13,39
33458005709,2020-04-29 14:16:20,9,+33603693302,transfert,20200429,141620,18404580354,13,40
33458005730,2020-04-29 14:17:08,10,+33603693302,transfert,20200429,141708,18404581250,13,41
33458005707,2020-04-29 14:17:08,10,+33603693302,transfert,20200429,141708,18404581351,13,42
33458005730,2020-04-29 14:17:33,67,+33603693302,transfert,20200429,141733,18404593650,13,43
33458005709,2020-04-29 14:17:33,67,+33603693302,transfert,20200429,141733,18404593680,13,44
33458005709,2020-04-14 14:57:11,3,+33607119109,transfert,20200414,145711,18371087456,14,45
33458005730,2020-04-14 14:58:05,0,+33607119109,transfert,20200414,145805,18371091406,14,46
33458005709,2020-04-14 14:58:05,0,+33607119109,miss,20200414,145805,18371091399,14,46
33458005730,2020-04-14 14:59:05,10,+33607119109,transfert,20200414,145905,18371096528,14,47
33458005707,2020-04-14 14:59:05,10,+33607119109,transfert,20200414,145905,18371096539,14,48
33458005730,2020-04-14 15:12:32,3,+33607119109,transfert,20200414,151232,18371175950,14,49
33458005707,2020-04-14 15:12:32,3,+33607119109,transfert,20200414,151232,18371175806,14,50
33458005709,2020-04-14 15:13:02,0,+33607119109,miss,20200414,151302,18371180845,14,50
33458005709,2020-04-23 14:35:20,0,+33607119109,miss,20200423,143520,18391811454,14,50
33458005709,2020-04-30 08:26:42,0,+33607119109,miss,20200430,82642,18405981889,14,50
33458005709,2020-04-30 09:50:01,3,+33607119109,transfert,20200430,95001,18406297505,14,51
33458005709,2020-04-30 10:47:59,0,+33607119109,miss,20200430,104759,18406663397,14,51
33458005730,2020-04-30 10:49:17,2,+33607119109,transfert,20200430,104917,18406673061,14,52
33458005709,2020-04-30 10:49:17,2,+33607119109,transfert,20200430,104917,18406673095,14,53
33458005730,2020-04-30 10:49:56,8,+33607119109,transfert,20200430,104956,18406676204,14,54
33458005707,2020-04-30 10:49:57,8,+33607119109,transfert,20200430,104957,18406676449,14,55
33458005730,2020-04-10 11:08:25,14,+33607426837,transfert,20200410,110825,18364999625,15,56
33458005707,2020-04-10 11:08:25,14,+33607426837,transfert,20200410,110825,18364999105,15,57
33458005730,2020-04-15 15:34:18,11,+33607426837,transfert,20200415,153418,18374156651,15,58
33458005707,2020-04-15 15:34:18,11,+33607426837,transfert,20200415,153418,18374156825,15,59
33458005730,2020-04-15 15:40:36,5,+33607426837,transfert,20200415,154036,18374190239,15,60
33458005709,2020-04-15 15:40:36,5,+33607426837,transfert,20200415,154036,18374190267,15,61
33458005730,2020-04-15 15:41:18,10,+33607426837,transfert,20200415,154118,18374192661,15,62
33458005707,2020-04-15 15:41:18,10,+33607426837,transfert,20200415,154118,18374192767,15,63
33458005730,2020-04-16 15:13:30,9,+33607426837,transfert,20200416,151330,18376800232,15,64
33458005709,2020-04-16 15:13:30,9,+33607426837,transfert,20200416,151330,18376800248,15,65
33458005730,2020-04-17 09:29:39,4,+33607426837,transfert,20200417,92939,18377966759,15,66
33458005709,2020-04-17 09:29:39,4,+33607426837,transfert,20200417,92939,18377966792,15,67
33458005730,2020-04-17 09:30:24,5,+33607426837,transfert,20200417,93024,18377967755,15,68
33458005707,2020-04-17 09:30:24,5,+33607426837,transfert,20200417,93024,18377967831,15,69
33458005730,2020-04-20 10:38:50,9,+33607426837,transfert,20200420,103850,18382460277,15,70
33458005707,2020-04-20 10:38:50,9,+33607426837,transfert,20200420,103850,18382460097,15,71
33458005730,2020-04-20 10:39:15,3,+33607426837,transfert,20200420,103915,18382465048,15,72
33458005709,2020-04-20 10:39:15,3,+33607426837,transfert,20200420,103915,18382464758,15,73
33458005730,2020-04-20 15:56:10,9,+33607426837,transfert,20200420,155610,18383952064,15,74
33458005707,2020-04-20 15:56:10,9,+33607426837,transfert,20200420,155610,18383952067,15,75
33458005730,2020-04-20 15:56:29,10,+33607426837,transfert,20200420,155629,18383955167,15,76
33458005709,2020-04-20 15:56:29,10,+33607426837,transfert,20200420,155629,18383955181,15,77
33458005730,2020-04-21 14:47:50,4,+33607426837,transfert,20200421,144750,18386417616,15,78
33458005707,2020-04-21 14:47:50,4,+33607426837,transfert,20200421,144750,18386417615,15,79
33458005730,2020-04-27 11:42:58,5,+33607426837,transfert,20200427,114258,18398092042,15,80
33458005707,2020-04-27 11:42:58,5,+33607426837,transfert,20200427,114258,18398092438,15,81
33458005730,2020-04-27 11:43:18,13,+33607426837,transfert,20200427,114318,18398098740,15,82
33458005709,2020-04-27 11:43:18,13,+33607426837,transfert,20200427,114318,18398099186,15,83
33458005730,2020-04-27 16:09:46,6,+33607426837,transfert,20200427,160946,18399268135,15,84
33458005707,2020-04-27 16:09:46,6,+33607426837,transfert,20200427,160946,18399268030,15,85
33458005730,2020-04-27 16:10:05,55,+33607426837,transfert,20200427,161005,18399274956,15,86
33458005709,2020-04-27 16:10:05,55,+33607426837,transfert,20200427,161005,18399274924,15,87
33458005730,2020-04-24 15:54:39,141,+33607559403,transfert,20200424,155439,18394902664,16,88
33458005709,2020-04-24 15:54:39,141,+33607559403,transfert,20200424,155439,18394902848,16,89
33458005730,2020-04-02 10:33:00,12,+33609845297,transfert,20200402,103300,18348805239,17,90
33458005709,2020-04-02 10:33:00,12,+33609845297,transfert,20200402,103300,18348805250,17,91
33458005730,2020-04-02 10:33:23,168,+33609845297,transfert,20200402,103323,18348822212,17,92
33458005707,2020-04-02 10:33:24,168,+33609845297,incoming,20200402,103324,18348823839,17,92
33458005730,2020-04-02 12:07:08,11,+33609925333,transfert,20200402,120708,18349276964,18,93
33458005709,2020-04-02 12:07:08,11,+33609925333,transfert,20200402,120708,18349276938,18,94
33458005730,2020-04-02 12:07:37,8,+33609925333,transfert,20200402,120737,18349280009,18,95
33458005707,2020-04-02 12:07:37,8,+33609925333,transfert,20200402,120737,18349279995,18,96
33458005730,2020-04-21 17:29:03,26,+33609925333,transfert,20200421,172903,18387209696,18,97
33458005709,2020-04-21 17:29:03,26,+33609925333,transfert,20200421,172903,18387209687,18,98
33458005707,2020-04-21 11:32:11,10,+33610964613,transfert,20200421,113211,18385717110,19,99
33458005730,2020-04-09 11:35:55,11,+33611089881,transfert,20200409,113555,18362681406,20,100
33458005709,2020-04-09 11:35:55,11,+33611089881,transfert,20200409,113555,18362681541,20,101
33458005730,2020-04-27 18:15:13,15,+33611089881,transfert,20200427,181513,18399744098,20,102
33458005707,2020-04-27 18:15:13,15,+33611089881,transfert,20200427,181513,18399744113,20,103
33458005730,2020-04-24 09:55:11,9,+33611804741,transfert,20200424,95511,18393341225,21,104
33458005709,2020-04-24 09:55:11,9,+33611804741,transfert,20200424,95511,18393341341,21,105
33458005730,2020-04-28 16:45:39,15,+33611804741,transfert,20200428,164539,18402437718,21,106
33458005709,2020-04-28 16:45:39,15,+33611804741,transfert,20200428,164539,18402437638,21,107
33458005730,2020-04-28 16:46:06,10,+33611804741,transfert,20200428,164606,18402439966,21,108
33458005707,2020-04-28 16:46:06,10,+33611804741,transfert,20200428,164606,18402439937,21,109
33458005730,2020-04-10 10:29:05,11,+33613100765,transfert,20200410,102905,18364798796,22,110
33458005707,2020-04-10 10:29:05,11,+33613100765,transfert,20200410,102905,18364798765,22,111
33458005730,2020-04-24 11:04:40,4,+33613100765,transfert,20200424,110440,18393733903,22,112
33458005709,2020-04-24 11:04:40,4,+33613100765,transfert,20200424,110440,18393733912,22,113
33458005730,2020-04-24 11:05:25,10,+33613100765,transfert,20200424,110525,18393734823,22,114
33458005707,2020-04-24 11:05:25,10,+33613100765,transfert,20200424,110525,18393735028,22,115
33458005730,2020-04-24 13:49:23,83,+33613100765,transfert,20200424,134923,18394289957,22,116
33458005709,2020-04-24 13:49:23,83,+33613100765,transfert,20200424,134923,18394289940,22,117
33458005730,2020-04-24 14:01:38,6,+33613100765,transfert,20200424,140138,18394324227,22,118
33458005709,2020-04-24 14:01:38,6,+33613100765,transfert,20200424,140138,18394324201,22,119
33458005730,2020-04-24 14:26:47,4,+33613100765,transfert,20200424,142647,18394449095,22,120
33458005709,2020-04-24 14:26:47,4,+33613100765,transfert,20200424,142647,18394449170,22,121
33458005730,2020-04-21 10:29:24,97,+33614300322,transfert,20200421,102924,18385312986,23,122
33458005707,2020-04-21 10:29:24,97,+33614300322,transfert,20200421,102924,18385312834,23,123
33458005730,2020-04-06 09:48:14,33,+33614477196,transfert,20200406,94814,18354625115,24,124
33458005709,2020-04-06 09:48:14,33,+33614477196,transfert,20200406,94814,18354625102,24,125
33458005730,2020-04-17 14:26:06,6,+33614491796,transfert,20200417,142606,18379236813,25,126
33458005709,2020-04-17 14:26:06,6,+33614491796,transfert,20200417,142606,18379236945,25,127
33458005730,2020-04-20 14:48:25,1,+33614491796,transfert,20200420,144825,18383585931,25,128
33458005709,2020-04-20 14:48:25,1,+33614491796,transfert,20200420,144825,18383585941,25,129
33458005730,2020-04-15 17:19:44,10,+33615653940,transfert,20200415,171944,18374631188,26,130
33458005707,2020-04-15 17:19:44,10,+33615653940,transfert,20200415,171944,18374631167,26,131
33458005730,2020-04-27 16:50:56,0,+33616021813,transfert,20200427,165056,18399480337,27,132
33458005709,2020-04-27 16:50:56,0,+33616021813,miss,20200427,165056,18399480417,27,132
33458005730,2020-04-27 16:51:27,10,+33616021813,transfert,20200427,165127,18399481736,27,133
33458005707,2020-04-27 16:51:27,10,+33616021813,transfert,20200427,165127,18399481719,27,134
33458005730,2020-04-27 16:51:47,5,+33616021813,transfert,20200427,165147,18399481742,27,135
33458005707,2020-04-27 16:51:47,5,+33616021813,transfert,20200427,165147,18399481695,27,136
33458005730,2020-04-27 16:52:01,4,+33616021813,transfert,20200427,165201,18399485459,27,137
33458005709,2020-04-27 16:52:01,4,+33616021813,transfert,20200427,165201,18399485359,27,138
33458005730,2020-04-27 16:52:41,4,+33616021813,transfert,20200427,165241,18399486857,27,139
33458005707,2020-04-27 16:52:41,4,+33616021813,transfert,20200427,165241,18399486891,27,140
33458005730,2020-04-28 09:34:13,6,+33616021813,transfert,20200428,93413,18400248152,27,141
33458005707,2020-04-28 09:34:13,6,+33616021813,transfert,20200428,93413,18400248197,27,142
33458005730,2020-04-28 09:34:28,3,+33616021813,transfert,20200428,93428,18400252079,27,143
33458005709,2020-04-28 09:34:28,3,+33616021813,transfert,20200428,93428,18400252131,27,144
33458005730,2020-04-29 09:48:38,5,+33616021813,transfert,20200429,94838,18403319763,27,145
33458005707,2020-04-29 09:48:38,5,+33616021813,transfert,20200429,94838,18403319606,27,146
33458005730,2020-04-29 09:48:55,4,+33616021813,transfert,20200429,94855,18403322520,27,147
33458005709,2020-04-29 09:48:55,4,+33616021813,transfert,20200429,94855,18403322504,27,148
33458005709,2020-04-21 11:31:46,10,+33616675162,transfert,20200421,113146,18385715391,28,149
33458005707,2020-04-21 11:33:00,4,+33616675162,transfert,20200421,113300,18385723048,28,150
33458005730,2020-04-21 11:33:23,9,+33616675162,transfert,20200421,113323,18385726184,28,151
33458005709,2020-04-21 11:33:23,9,+33616675162,transfert,20200421,113323,18385726789,28,152
33458005730,2020-04-24 10:40:42,8,+33616675162,transfert,20200424,104042,18393596794,28,153
33458005707,2020-04-24 10:40:42,8,+33616675162,transfert,20200424,104042,18393596492,28,154
33458005730,2020-04-08 14:38:41,19,+33617548615,transfert,20200408,143841,18360813436,29,155
33458005707,2020-04-08 14:38:41,19,+33617548615,transfert,20200408,143841,18360813462,29,156
33458005730,2020-04-08 14:39:16,3,+33617548615,transfert,20200408,143916,18360816266,29,157
33458005709,2020-04-08 14:39:16,3,+33617548615,transfert,20200408,143916,18360816240,29,158
33458005730,2020-04-08 14:51:04,7,+33617548615,transfert,20200408,145104,18360865937,29,159
33458005707,2020-04-08 14:51:04,7,+33617548615,transfert,20200408,145104,18360865897,29,160
33458005730,2020-04-08 16:04:44,4,+33617548615,transfert,20200408,160444,18361176320,29,161
33458005707,2020-04-08 16:04:44,4,+33617548615,transfert,20200408,160444,18361176318,29,162
33458005730,2020-04-08 16:05:07,4,+33617548615,transfert,20200408,160507,18361179628,29,163
33458005709,2020-04-08 16:05:07,4,+33617548615,transfert,20200408,160507,18361179633,29,164
33458005730,2020-04-09 09:25:06,4,+33617548615,transfert,20200409,92506,18362001224,29,165
33458005707,2020-04-09 09:25:06,4,+33617548615,transfert,20200409,92506,18362001277,29,166
33458005730,2020-04-09 09:25:27,2,+33617548615,transfert,20200409,92527,18362005248,29,167
33458005709,2020-04-09 09:25:27,2,+33617548615,transfert,20200409,92527,18362005191,29,168
33458005730,2020-04-22 14:12:43,6,+33617548615,transfert,20200422,141243,18389016762,29,169
33458005709,2020-04-22 14:12:43,6,+33617548615,transfert,20200422,141243,18389016764,29,170
33458005730,2020-04-23 09:01:31,4,+33617548615,transfert,20200423,90131,18390347049,29,171
33458005709,2020-04-23 09:01:31,4,+33617548615,transfert,20200423,90131,18390347038,29,172
33458005730,2020-04-23 09:02:16,3,+33617548615,transfert,20200423,90216,18390351691,29,173
33458005709,2020-04-23 09:02:16,3,+33617548615,transfert,20200423,90216,18390352555,29,174
33458005730,2020-04-08 10:53:11,35,+33619483659,transfert,20200408,105311,18360032898,30,175
33458005707,2020-04-08 10:53:11,35,+33619483659,transfert,20200408,105311,18360032975,30,176
33458005707,2020-04-07 10:42:05,7,+33621108133,transfert,20200407,104205,18357504340,31,177
33458005707,2020-04-09 12:02:25,4,+33621108133,transfert,20200409,120225,18362818647,31,178
33458005707,2020-04-20 16:42:47,11,+33621108133,transfert,20200420,164247,18384178291,31,179
33458005730,2020-04-20 18:13:14,5,+33621108133,transfert,20200420,181314,18384473201,31,180
33458005709,2020-04-20 18:13:14,5,+33621108133,transfert,20200420,181314,18384473228,31,181
33458005730,2020-04-21 13:56:15,7,+33621108133,transfert,20200421,135615,18386153989,31,182
33458005709,2020-04-21 13:56:15,7,+33621108133,transfert,20200421,135615,18386153944,31,183
33458005730,2020-04-21 15:10:55,49,+33621108133,transfert,20200421,151055,18386549636,31,184
33458005709,2020-04-21 15:10:55,49,+33621108133,transfert,20200421,151055,18386549638,31,185
33458005730,2020-04-21 15:42:14,7,+33621108133,transfert,20200421,154214,18386721354,31,186
33458005709,2020-04-21 15:42:14,7,+33621108133,transfert,20200421,154214,18386721363,31,187
33458005730,2020-04-22 10:44:08,5,+33621108133,transfert,20200422,104408,18388213247,31,188
33458005709,2020-04-22 10:44:08,5,+33621108133,transfert,20200422,104408,18388213465,31,189
33458005730,2020-04-22 10:44:47,5,+33621108133,transfert,20200422,104447,18388217505,31,190
33458005707,2020-04-22 10:44:47,5,+33621108133,transfert,20200422,104447,18388217067,31,191
33458005730,2020-04-22 14:56:04,3,+33621108133,transfert,20200422,145604,18389232251,31,192
33458005709,2020-04-22 14:56:04,3,+33621108133,transfert,20200422,145604,18389232371,31,193
33458005730,2020-04-22 14:56:41,4,+33621108133,transfert,20200422,145641,18389233578,31,194
33458005707,2020-04-22 14:56:41,4,+33621108133,transfert,20200422,145641,18389233628,31,195
33458005730,2020-04-22 16:49:44,5,+33621108133,transfert,20200422,164944,18389755124,31,196
33458005709,2020-04-22 16:49:44,5,+33621108133,transfert,20200422,164944,18389755141,31,197
33458005730,2020-04-23 14:17:36,44,+33621108133,transfert,20200423,141736,18391719806,31,198
33458005709,2020-04-23 14:17:36,44,+33621108133,transfert,20200423,141736,18391719526,31,199
33458005707,2020-04-27 18:14:04,32,+33621108133,transfert,20200427,181404,18399742520,31,200
33458005730,2020-04-14 12:29:52,48,+33623664277,transfert,20200414,122952,18370524741,32,201
33458005707,2020-04-14 12:29:52,48,+33623664277,transfert,20200414,122952,18370524739,32,202
33458005730,2020-04-22 11:44:52,11,+33624250232,transfert,20200422,114452,18388589358,33,203
33458005707,2020-04-22 11:44:52,11,+33624250232,transfert,20200422,114452,18388589445,33,204
33458005730,2020-04-22 11:45:28,14,+33624250232,transfert,20200422,114528,18388594103,33,205
33458005709,2020-04-22 11:45:28,14,+33624250232,transfert,20200422,114528,18388594218,33,206
33458005730,2020-04-24 10:37:52,5,+33624250232,transfert,20200424,103752,18393577235,33,207
33458005707,2020-04-24 10:37:52,5,+33624250232,transfert,20200424,103752,18393576929,33,208
33458005730,2020-04-27 15:36:45,7,+33624250232,transfert,20200427,153645,18399087048,33,209
33458005707,2020-04-27 15:36:45,7,+33624250232,transfert,20200427,153645,18399086884,33,210
33458005730,2020-04-27 15:37:12,5,+33624250232,transfert,20200427,153712,18399089356,33,211
33458005707,2020-04-27 15:37:12,5,+33624250232,transfert,20200427,153712,18399089423,33,212
33458005730,2020-04-27 15:37:28,2,+33624250232,transfert,20200427,153728,18399093240,33,213
33458005709,2020-04-27 15:37:28,2,+33624250232,transfert,20200427,153728,18399093129,33,214
33458005730,2020-04-01 14:10:21,8,+33624273751,transfert,20200401,141021,18347237111,34,215
33458005707,2020-04-01 14:10:21,8,+33624273751,transfert,20200401,141021,18347237168,34,216
33458005730,2020-04-02 11:01:48,39,+33624273751,transfert,20200402,110148,18348961649,34,217
33458005707,2020-04-02 11:01:48,39,+33624273751,transfert,20200402,110148,18348961667,34,218
33458005730,2020-04-01 17:14:14,7,+33626340705,transfert,20200401,171414,18347971849,35,219
33458005709,2020-04-01 17:14:14,7,+33626340705,transfert,20200401,171414,18347971838,35,220
33458005730,2020-04-01 17:15:15,36,+33626340705,transfert,20200401,171515,18347975734,35,221
33458005707,2020-04-01 17:15:15,36,+33626340705,transfert,20200401,171515,18347975732,35,222
33458005730,2020-04-01 17:16:44,50,+33626340705,transfert,20200401,171644,18347980760,35,223
33458005709,2020-04-01 17:16:44,50,+33626340705,transfert,20200401,171644,18347980744,35,224
33458005730,2020-04-01 17:21:38,513,+33626340705,transfert,20200401,172138,18348013575,35,225
33458005707,2020-04-01 17:21:38,513,+33626340705,incoming,20200401,172138,18348013577,35,225
33458005730,2020-04-01 17:52:30,3,+33626340705,transfert,20200401,175230,18348066188,35,226
33458005707,2020-04-01 17:52:30,3,+33626340705,transfert,20200401,175230,18348066193,35,227
33458005730,2020-04-01 17:55:22,19,+33626340705,transfert,20200401,175522,18348073163,35,228
33458005709,2020-04-01 17:55:22,19,+33626340705,transfert,20200401,175522,18348073170,35,229
33458005730,2020-04-02 11:01:32,57,+33626340705,transfert,20200402,110132,18348963385,35,230
33458005707,2020-04-02 11:01:32,57,+33626340705,transfert,20200402,110132,18348963398,35,231
33458005730,2020-04-02 14:29:04,10,+33626340705,transfert,20200402,142904,18349643121,35,232
33458005709,2020-04-02 14:29:04,10,+33626340705,transfert,20200402,142904,18349643108,35,233
33458005707,2020-04-03 10:44:59,63,+33626340705,transfert,20200403,104459,18351232368,35,234
33458005707,2020-04-06 12:11:25,42,+33626340705,transfert,20200406,121125,18355412225,35,235
33458005707,2020-04-07 10:17:50,6,+33626340705,transfert,20200407,101750,18357371253,35,236
33458005730,2020-04-07 11:00:40,11,+33626340705,transfert,20200407,110040,18357606928,35,237
33458005707,2020-04-07 11:00:40,11,+33626340705,transfert,20200407,110040,18357607103,35,238
33458005707,2020-04-07 11:23:12,10,+33626340705,transfert,20200407,112312,18357734047,35,239
33458005730,2020-04-09 11:05:24,80,+33626340705,transfert,20200409,110524,18362521442,35,240
33458005709,2020-04-09 11:05:24,80,+33626340705,transfert,20200409,110524,18362521516,35,241
33458005707,2020-04-15 17:13:05,11,+33626340705,transfert,20200415,171305,18374611010,35,242
33458005730,2020-04-20 10:47:55,59,+33626340705,transfert,20200420,104755,18382532068,35,243
33458005709,2020-04-20 10:47:55,59,+33626340705,transfert,20200420,104755,18382532267,35,244
33458005730,2020-04-20 10:49:52,10,+33626340705,transfert,20200420,104952,18382539344,35,245
33458005707,2020-04-20 10:49:52,10,+33626340705,transfert,20200420,104952,18382539509,35,246
33458005730,2020-04-06 11:32:59,55,+33626767894,transfert,20200406,113259,18355233885,36,247
33458005707,2020-04-06 11:32:59,55,+33626767894,transfert,20200406,113259,18355233848,36,248
33458005730,2020-04-06 12:07:57,14,+33626767894,transfert,20200406,120757,18355400417,36,249
33458005707,2020-04-06 12:07:57,14,+33626767894,transfert,20200406,120757,18355400388,36,250
33458005730,2020-04-06 12:08:32,3,+33626767894,transfert,20200406,120832,18355402122,36,251
33458005709,2020-04-06 12:08:32,3,+33626767894,transfert,20200406,120832,18355402097,36,252
33458005730,2020-04-06 13:34:26,15,+33626767894,transfert,20200406,133426,18355589171,36,253
33458005707,2020-04-06 13:34:26,15,+33626767894,transfert,20200406,133426,18355589195,36,254
33458005730,2020-04-06 14:04:11,6,+33626767894,transfert,20200406,140411,18355677689,36,255
33458005707,2020-04-06 14:04:11,6,+33626767894,transfert,20200406,140411,18355677657,36,256
33458005730,2020-04-06 14:04:37,4,+33626767894,transfert,20200406,140437,18355682228,36,257
33458005709,2020-04-06 14:04:37,4,+33626767894,transfert,20200406,140437,18355682166,36,258
33458005730,2020-04-06 14:05:20,50,+33626767894,transfert,20200406,140520,18355688281,36,259
33458005707,2020-04-06 14:05:20,50,+33626767894,transfert,20200406,140520,18355688149,36,260
33458005730,2020-04-06 15:20:42,39,+33626767894,transfert,20200406,152042,18356053510,36,261
33458005707,2020-04-06 15:20:42,39,+33626767894,transfert,20200406,152042,18356053493,36,262
33458005730,2020-04-06 16:11:38,5,+33626767894,transfert,20200406,161138,18356287826,36,263
33458005707,2020-04-06 16:11:38,5,+33626767894,transfert,20200406,161138,18356287825,36,264
33458005730,2020-04-06 17:00:17,5,+33626767894,transfert,20200406,170017,18356493349,36,265
33458005707,2020-04-06 17:00:17,5,+33626767894,transfert,20200406,170017,18356493366,36,266
33458005730,2020-04-07 11:09:32,9,+33626767894,transfert,20200407,110932,18357659958,36,267
33458005707,2020-04-07 11:09:32,9,+33626767894,transfert,20200407,110932,18357659962,36,268
33458005730,2020-04-07 11:09:56,6,+33626767894,transfert,20200407,110956,18357663207,36,269
33458005709,2020-04-07 11:09:56,6,+33626767894,transfert,20200407,110956,18357662981,36,270
33458005730,2020-04-07 14:04:04,8,+33626767894,transfert,20200407,140404,18358211414,36,271
33458005707,2020-04-07 14:04:04,8,+33626767894,transfert,20200407,140404,18358211286,36,272
33458005730,2020-04-07 14:04:33,4,+33626767894,transfert,20200407,140433,18358215274,36,273
33458005709,2020-04-07 14:04:33,4,+33626767894,transfert,20200407,140433,18358215329,36,274
33458005730,2020-04-09 09:48:05,4,+33626767894,transfert,20200409,94805,18362099712,36,275
33458005707,2020-04-09 09:48:06,4,+33626767894,transfert,20200409,94806,18362100270,36,276
33458005730,2020-04-09 14:20:00,5,+33626767894,transfert,20200409,142000,18363166829,36,277
33458005707,2020-04-09 14:20:00,5,+33626767894,transfert,20200409,142000,18363166762,36,278
33458005730,2020-04-14 09:36:04,9,+33626767894,transfert,20200414,93604,18369344856,36,279
33458005707,2020-04-14 09:36:04,9,+33626767894,transfert,20200414,93604,18369345069,36,280
33458005730,2020-04-14 09:36:30,5,+33626767894,transfert,20200414,93630,18369348499,36,281
33458005709,2020-04-14 09:36:30,5,+33626767894,transfert,20200414,93630,18369348449,36,282
33458005730,2020-04-23 15:12:28,37,+33626767894,transfert,20200423,151228,18392014332,36,283
33458005707,2020-04-23 15:12:28,37,+33626767894,transfert,20200423,151228,18392014428,36,284
33458005730,2020-04-24 11:36:11,5,+33626767894,transfert,20200424,113611,18393909024,36,285
33458005707,2020-04-24 11:36:11,5,+33626767894,transfert,20200424,113611,18393909049,36,286
33458005730,2020-04-24 11:36:38,5,+33626767894,transfert,20200424,113638,18393913937,36,287
33458005709,2020-04-24 11:36:38,5,+33626767894,transfert,20200424,113638,18393914038,36,288
33458005730,2020-04-21 10:55:56,4,+33627600184,transfert,20200421,105556,18385478886,37,289
33458005709,2020-04-21 10:55:56,4,+33627600184,transfert,20200421,105556,18385478986,37,290
33458005730,2020-04-08 16:55:04,17,+33628327521,transfert,20200408,165504,18361374051,38,291
33458005707,2020-04-08 16:55:04,17,+33628327521,transfert,20200408,165504,18361374087,38,292
33458005707,2020-04-09 10:43:51,11,+33628327521,transfert,20200409,104351,18362397832,38,293
33458005730,2020-04-09 10:44:24,9,+33628327521,transfert,20200409,104424,18362399672,38,294
33458005707,2020-04-09 10:44:24,9,+33628327521,transfert,20200409,104424,18362399614,38,295
33458005730,2020-04-10 10:38:56,10,+33628327521,transfert,20200410,103856,18364847357,38,296
33458005707,2020-04-10 10:38:56,10,+33628327521,transfert,20200410,103856,18364847313,38,297
33458005730,2020-04-22 16:33:47,0,+33630513012,transfert,20200422,163347,18389691378,39,298
33458005709,2020-04-22 16:33:47,0,+33630513012,miss,20200422,163347,18389691325,39,298
33458005730,2020-04-22 16:35:35,2,+33630513012,transfert,20200422,163535,18389699451,39,299
33458005709,2020-04-22 16:35:35,2,+33630513012,transfert,20200422,163535,18389699401,39,300
33458005730,2020-04-22 16:40:52,4,+33630513012,transfert,20200422,164052,18389719862,39,301
33458005709,2020-04-22 16:40:52,4,+33630513012,transfert,20200422,164052,18389719876,39,302
33458005730,2020-04-22 16:41:26,5,+33630513012,transfert,20200422,164126,18389722024,39,303
33458005707,2020-04-22 16:41:26,5,+33630513012,transfert,20200422,164126,18389721982,39,304
33458005730,2020-04-22 16:56:45,0,+33630513012,transfert,20200422,165645,18389781500,39,305
33458005709,2020-04-22 16:56:45,0,+33630513012,miss,20200422,165645,18389781457,39,305
33458005730,2020-04-22 16:57:53,0,+33630513012,transfert,20200422,165753,18389785830,39,306
33458005707,2020-04-22 16:57:53,0,+33630513012,miss,20200422,165753,18389785783,39,306
33458005730,2020-04-22 17:11:36,2,+33630513012,transfert,20200422,171136,18389835586,39,307
33458005709,2020-04-22 17:11:37,2,+33630513012,transfert,20200422,171137,18389835968,39,308
33458005730,2020-04-22 17:59:21,2,+33630513012,transfert,20200422,175921,18389970661,39,309
33458005709,2020-04-22 17:59:21,2,+33630513012,transfert,20200422,175921,18389970674,39,310
33458005730,2020-04-22 17:59:57,3,+33630513012,transfert,20200422,175957,18389972028,39,311
33458005707,2020-04-22 17:59:57,3,+33630513012,transfert,20200422,175957,18389972052,39,312
33458005730,2020-04-23 09:36:03,4,+33630513012,transfert,20200423,93603,18390496443,39,313
33458005709,2020-04-23 09:36:03,4,+33630513012,transfert,20200423,93603,18390496348,39,314
33458005730,2020-04-23 09:36:41,5,+33630513012,transfert,20200423,93641,18390497523,39,315
33458005707,2020-04-23 09:36:41,5,+33630513012,transfert,20200423,93641,18390497391,39,316
33458005730,2020-04-23 09:39:01,10,+33630513012,transfert,20200423,93901,18390508685,39,317
33458005707,2020-04-23 09:39:01,10,+33630513012,transfert,20200423,93901,18390508611,39,318
33458005730,2020-04-23 09:45:20,4,+33630513012,transfert,20200423,94520,18390541668,39,319
33458005707,2020-04-23 09:45:20,4,+33630513012,transfert,20200423,94520,18390541600,39,320
33458005730,2020-04-23 09:45:30,3,+33630513012,transfert,20200423,94530,18390543696,39,321
33458005709,2020-04-23 09:45:30,3,+33630513012,transfert,20200423,94530,18390543553,39,322
33458005730,2020-04-23 09:52:08,0,+33630513012,transfert,20200423,95208,18390575601,39,323
33458005709,2020-04-23 09:52:08,0,+33630513012,miss,20200423,95208,18390575739,39,323
33458005730,2020-04-23 09:52:37,2,+33630513012,transfert,20200423,95237,18390577343,39,324
33458005707,2020-04-23 09:52:37,2,+33630513012,transfert,20200423,95237,18390577262,39,325
33458005730,2020-04-23 10:36:58,3,+33630513012,transfert,20200423,103658,18390846516,39,326
33458005709,2020-04-23 10:36:58,3,+33630513012,transfert,20200423,103658,18390846588,39,327
33458005730,2020-04-23 10:37:54,3,+33630513012,transfert,20200423,103754,18390848256,39,328
33458005707,2020-04-23 10:37:54,3,+33630513012,transfert,20200423,103754,18390848153,39,329
33458005730,2020-04-03 15:01:35,38,+33630909711,transfert,20200403,150135,18352121023,40,330
33458005709,2020-04-03 15:01:36,38,+33630909711,transfert,20200403,150136,18352121517,40,331
33458005730,2020-04-14 15:27:48,11,+33632891463,transfert,20200414,152748,18371266035,41,332
33458005707,2020-04-14 15:27:48,11,+33632891463,transfert,20200414,152748,18371266167,41,333
33458005709,2020-04-14 15:28:14,12,+33632891463,transfert,20200414,152814,18371271100,41,334
33458005709,2020-04-14 15:33:06,49,+33632891463,transfert,20200414,153306,18371304518,41,335
33458005709,2020-04-16 10:05:36,6,+33632891463,transfert,20200416,100536,18375436697,41,336
33458005709,2020-04-16 10:45:43,4,+33632891463,transfert,20200416,104543,18375689056,41,337
33458005730,2020-04-16 11:30:17,3,+33632891463,transfert,20200416,113017,18375959633,41,338
33458005709,2020-04-16 11:30:17,3,+33632891463,transfert,20200416,113017,18375959699,41,339
33458005730,2020-04-20 07:49:57,42,+33637563268,transfert,20200420,74957,18381728093,42,340
33458005709,2020-04-20 07:49:57,42,+33637563268,transfert,20200420,74957,18381728087,42,341
33458005707,2020-04-29 08:08:19,39,+33637563268,transfert,20200429,80819,18402995177,42,342
33458005730,2020-04-16 15:50:00,3,+33637641810,transfert,20200416,155000,18376987364,43,343
33458005709,2020-04-16 15:50:00,3,+33637641810,transfert,20200416,155000,18376987491,43,344
33458005730,2020-04-21 09:23:03,10,+33643350871,transfert,20200421,92303,18384915864,44,345
33458005709,2020-04-21 09:23:03,10,+33643350871,transfert,20200421,92303,18384915772,44,346
33458005730,2020-04-03 17:07:54,11,+33646884177,transfert,20200403,170754,18352588634,45,347
33458005707,2020-04-03 17:07:54,11,+33646884177,transfert,20200403,170754,18352588654,45,348
33458005730,2020-04-10 10:16:56,10,+33646884177,transfert,20200410,101656,18364739748,45,349
33458005709,2020-04-10 10:16:56,10,+33646884177,transfert,20200410,101656,18364739777,45,350
33458005730,2020-04-10 10:19:36,4,+33646884177,transfert,20200410,101936,18364748656,45,351
33458005707,2020-04-10 10:19:36,4,+33646884177,transfert,20200410,101936,18364748694,45,352
33458005730,2020-04-01 17:43:55,12,+33649072783,transfert,20200401,174355,18348047014,46,353
33458005707,2020-04-01 17:43:55,12,+33649072783,transfert,20200401,174355,18348047024,46,354
33458005730,2020-04-09 11:30:41,5,+33650556381,transfert,20200409,113041,18362653542,47,355
33458005709,2020-04-09 11:30:41,5,+33650556381,transfert,20200409,113041,18362653603,47,356
33458005730,2020-04-09 11:33:19,0,+33650556381,transfert,20200409,113319,18362666265,47,357
33458005709,2020-04-09 11:33:19,0,+33650556381,miss,20200409,113319,18362666358,47,357
33458005730,2020-04-28 16:29:00,11,+33650556381,transfert,20200428,162900,18402356778,47,358
33458005709,2020-04-28 16:29:00,11,+33650556381,transfert,20200428,162900,18402356775,47,359
33458005730,2020-04-29 11:21:47,18,+33650556381,transfert,20200429,112147,18403945369,47,360
33458005709,2020-04-29 11:21:47,18,+33650556381,transfert,20200429,112147,18403945397,47,361
33458005730,2020-04-02 10:45:42,4,+33658898832,transfert,20200402,104542,18348872200,48,362
33458005709,2020-04-02 10:45:42,4,+33658898832,transfert,20200402,104542,18348872211,48,363
33458005730,2020-04-22 11:13:15,4,+33660770402,transfert,20200422,111315,18388397456,49,364
33458005709,2020-04-22 11:13:15,4,+33660770402,transfert,20200422,111315,18388397376,49,365
33458005730,2020-04-22 11:14:00,5,+33660770402,transfert,20200422,111400,18388399252,49,366
33458005707,2020-04-22 11:14:00,5,+33660770402,transfert,20200422,111400,18388399321,49,367
33458005730,2020-04-28 14:06:23,29,+33660803629,transfert,20200428,140623,18401599009,50,368
33458005709,2020-04-28 14:06:23,29,+33660803629,transfert,20200428,140623,18401599022,50,369
33458005730,2020-04-28 14:07:33,31,+33660803629,transfert,20200428,140733,18401603665,50,370
33458005707,2020-04-28 14:07:33,31,+33660803629,transfert,20200428,140733,18401603656,50,371
33458005730,2020-04-29 09:42:26,28,+33660803629,transfert,20200429,94226,18403287806,50,372
33458005709,2020-04-29 09:42:26,28,+33660803629,transfert,20200429,94226,18403287944,50,373
33458005730,2020-04-29 09:43:14,28,+33660803629,transfert,20200429,94314,18403293819,50,374
33458005707,2020-04-29 09:43:14,28,+33660803629,transfert,20200429,94314,18403294115,50,375
33458005730,2020-04-29 10:22:01,10,+33660803629,transfert,20200429,102201,18403540031,50,376
33458005709,2020-04-29 10:22:01,10,+33660803629,transfert,20200429,102201,18403540045,50,377
33458005730,2020-04-29 10:22:27,11,+33660803629,transfert,20200429,102227,18403544676,50,378
33458005707,2020-04-29 10:22:27,11,+33660803629,transfert,20200429,102227,18403544507,50,379
33458005730,2020-04-30 14:18:20,42,+33660803629,transfert,20200430,141820,18407553530,50,380
33458005709,2020-04-30 14:18:20,42,+33660803629,transfert,20200430,141820,18407553497,50,381
33458005730,2020-04-30 17:17:00,41,+33660803629,transfert,20200430,171700,18408481296,50,382
33458005709,2020-04-30 17:17:00,41,+33660803629,transfert,20200430,171700,18408481282,50,383
33458005730,2020-04-30 17:18:22,26,+33660803629,transfert,20200430,171822,18408483509,50,384
33458005707,2020-04-30 17:18:22,26,+33660803629,transfert,20200430,171822,18408483518,50,385
33458005730,2020-04-30 14:41:20,12,+33661155139,transfert,20200430,144120,18407687275,51,386
33458005709,2020-04-30 14:41:20,12,+33661155139,transfert,20200430,144120,18407687262,51,387
33458005707,2020-04-03 09:37:19,13,+33662346400,transfert,20200403,93719,18350908551,52,388
33458005707,2020-04-03 09:37:48,3,+33662346400,transfert,20200403,93748,18350911087,52,389
33458005730,2020-04-20 09:44:08,0,+33664557562,transfert,20200420,94408,18382094731,53,390
33458005709,2020-04-20 09:44:08,0,+33664557562,miss,20200420,94408,18382094736,53,390
33458005730,2020-04-08 15:39:20,10,+33664684000,transfert,20200408,153920,18361073802,54,391
33458005709,2020-04-08 15:39:20,10,+33664684000,transfert,20200408,153920,18361073835,54,392
33458005730,2020-04-02 15:00:33,11,+33664957639,transfert,20200402,150033,18349783596,55,393
33458005709,2020-04-02 15:00:33,11,+33664957639,transfert,20200402,150033,18349783220,55,394
33458005730,2020-04-02 15:00:54,861,+33664957639,transfert,20200402,150054,18349846600,55,395
33458005707,2020-04-02 15:00:54,861,+33664957639,incoming,20200402,150054,18349846594,55,395
33458005730,2020-04-03 11:52:04,38,+33664957639,transfert,20200403,115204,18351567834,55,396
33458005707,2020-04-03 11:52:04,38,+33664957639,incoming,20200403,115204,18351567847,55,396
33458005730,2020-04-03 15:04:54,4,+33664957639,transfert,20200403,150454,18352134040,55,397
33458005707,2020-04-03 15:04:54,4,+33664957639,transfert,20200403,150454,18352134027,55,398
33458005730,2020-04-03 15:15:27,350,+33664957639,transfert,20200403,151527,18352201354,55,399
33458005707,2020-04-03 15:15:27,350,+33664957639,incoming,20200403,151527,18352201315,55,399
33458005730,2020-04-29 15:04:28,0,+33664957639,transfert,20200429,150428,18404858539,55,400
33458005707,2020-04-29 15:04:28,0,+33664957639,miss,20200429,150428,18404858475,55,400
33458005730,2020-04-29 15:04:40,0,+33664957639,transfert,20200429,150440,18404860769,55,401
33458005707,2020-04-29 15:04:40,0,+33664957639,miss,20200429,150440,18404860796,55,401
33458005730,2020-04-29 15:05:05,0,+33664957639,transfert,20200429,150505,18404862788,55,402
33458005707,2020-04-29 15:05:05,0,+33664957639,miss,20200429,150505,18404862737,55,402
33458005730,2020-04-29 15:05:50,0,+33664957639,transfert,20200429,150550,18404866828,55,403
33458005707,2020-04-29 15:05:50,0,+33664957639,miss,20200429,150550,18404866862,55,403
33458005730,2020-04-29 15:06:07,4,+33664957639,transfert,20200429,150607,18404871139,55,404
33458005709,2020-04-29 15:06:07,4,+33664957639,transfert,20200429,150607,18404871179,55,405
33458005730,2020-04-29 15:06:47,0,+33664957639,transfert,20200429,150647,18404873093,55,406
33458005707,2020-04-29 15:06:47,0,+33664957639,miss,20200429,150647,18404872964,55,406
33458005730,2020-04-29 15:13:09,0,+33664957639,transfert,20200429,151309,18404909386,55,407
33458005707,2020-04-29 15:13:09,0,+33664957639,miss,20200429,151309,18404909377,55,407
33458005730,2020-04-29 15:13:34,3,+33664957639,transfert,20200429,151334,18404914108,55,408
33458005709,2020-04-29 15:13:34,3,+33664957639,transfert,20200429,151334,18404913998,55,409
33458005730,2020-04-29 15:22:44,0,+33664957639,transfert,20200429,152244,18404961957,55,410
33458005707,2020-04-29 15:22:44,0,+33664957639,miss,20200429,152244,18404961893,55,410
33458005730,2020-04-29 15:23:53,2,+33664957639,transfert,20200429,152353,18404970315,55,411
33458005709,2020-04-29 15:23:53,2,+33664957639,transfert,20200429,152353,18404970320,55,412
33458005730,2020-04-29 16:06:14,9,+33664957639,transfert,20200429,160614,18405201807,55,413
33458005707,2020-04-29 16:06:14,9,+33664957639,transfert,20200429,160614,18405201903,55,414
33458005730,2020-04-29 16:06:36,176,+33664957639,transfert,20200429,160636,18405219709,55,415
33458005709,2020-04-29 16:06:36,176,+33664957639,incoming,20200429,160636,18405219529,55,415
33458005730,2020-04-30 11:04:09,3,+33664957639,transfert,20200430,110409,18406778426,55,416
33458005709,2020-04-30 11:04:09,3,+33664957639,transfert,20200430,110409,18406777917,55,417
33458005730,2020-04-17 15:18:42,15,+33667251816,transfert,20200417,151842,18379493599,56,418
33458005707,2020-04-17 15:18:42,15,+33667251816,transfert,20200417,151842,18379493574,56,419
33458005730,2020-04-17 15:19:22,6,+33667251816,transfert,20200417,151922,18379497367,56,420
33458005709,2020-04-17 15:19:22,6,+33667251816,transfert,20200417,151922,18379497344,56,421
33458005730,2020-04-21 11:14:41,5,+33669066207,transfert,20200421,111441,18385608576,57,422
33458005709,2020-04-21 11:14:42,5,+33669066207,transfert,20200421,111442,18385606624,57,423
33458005730,2020-04-21 11:15:28,4,+33669066207,transfert,20200421,111528,18385611012,57,424
33458005707,2020-04-21 11:15:28,4,+33669066207,transfert,20200421,111528,18385610415,57,425
33458005730,2020-04-09 14:26:47,9,+33669613645,transfert,20200409,142647,18363198605,58,426
33458005707,2020-04-09 14:26:47,9,+33669613645,transfert,20200409,142647,18363198596,58,427
33458005730,2020-04-20 15:19:03,19,+33670368875,transfert,20200420,151903,18383754755,59,428
33458005709,2020-04-20 15:19:03,19,+33670368875,transfert,20200420,151903,18383754870,59,429
33458005730,2020-04-20 15:32:32,9,+33670368875,transfert,20200420,153232,18383827774,59,430
33458005709,2020-04-20 15:32:32,9,+33670368875,transfert,20200420,153232,18383827725,59,431
33458005730,2020-04-20 15:43:04,7,+33670368875,transfert,20200420,154304,18383883007,59,432
33458005709,2020-04-20 15:43:04,7,+33670368875,transfert,20200420,154304,18383883036,59,433
33458005730,2020-04-09 15:33:08,91,+33671725480,transfert,20200409,153308,18363514708,60,434
33458005707,2020-04-09 15:33:08,91,+33671725480,transfert,20200409,153308,18363514770,60,435
33458005730,2020-04-07 09:27:11,79,+33672166591,transfert,20200407,92711,18357129343,61,436
33458005709,2020-04-07 09:27:11,79,+33672166591,transfert,20200407,92711,18357129378,61,437
33458005730,2020-04-07 13:36:57,2,+33672166591,transfert,20200407,133657,18358133845,61,438
33458005709,2020-04-07 13:36:57,2,+33672166591,transfert,20200407,133657,18358133893,61,439
33458005730,2020-04-10 18:28:33,34,+33672166591,transfert,20200410,182833,18366392979,61,440
33458005709,2020-04-10 18:28:33,34,+33672166591,transfert,20200410,182833,18366392980,61,441
33458005730,2020-04-14 15:30:32,33,+33672166591,transfert,20200414,153032,18371286833,61,442
33458005709,2020-04-14 15:30:32,33,+33672166591,transfert,20200414,153032,18371286893,61,443
33458005730,2020-04-28 09:56:06,67,+33673470543,transfert,20200428,95606,18400393402,62,444
33458005709,2020-04-28 09:56:06,67,+33673470543,transfert,20200428,95606,18400393344,62,445
33458005730,2020-04-28 11:25:16,3,+33673470543,transfert,20200428,112516,18401018309,62,446
33458005709,2020-04-28 11:25:16,3,+33673470543,transfert,20200428,112516,18401018376,62,447
33458005730,2020-04-28 11:35:45,3,+33673470543,transfert,20200428,113545,18401092070,62,448
33458005709,2020-04-28 11:35:45,3,+33673470543,transfert,20200428,113545,18401092160,62,449
33458005730,2020-04-28 11:37:39,9,+33673470543,transfert,20200428,113739,18401103261,62,450
33458005707,2020-04-28 11:37:39,9,+33673470543,transfert,20200428,113739,18401103422,62,451
33458005730,2020-04-28 11:46:48,3,+33673470543,transfert,20200428,114648,18401165040,62,452
33458005709,2020-04-28 11:46:48,3,+33673470543,transfert,20200428,114648,18401165094,62,453
33458005730,2020-04-29 13:47:16,9,+33673470543,transfert,20200429,134716,18404444567,62,454
33458005709,2020-04-29 13:47:16,9,+33673470543,transfert,20200429,134716,18404444591,62,455
33458005730,2020-04-29 13:59:14,4,+33673470543,transfert,20200429,135914,18404481097,62,456
33458005709,2020-04-29 13:59:14,4,+33673470543,transfert,20200429,135914,18404481074,62,457
33458005730,2020-04-29 14:00:58,3,+33673470543,transfert,20200429,140058,18404488585,62,458
33458005709,2020-04-29 14:00:58,3,+33673470543,transfert,20200429,140058,18404488494,62,459
33458005730,2020-04-30 15:48:35,4,+33673470543,transfert,20200430,154835,18408065333,62,460
33458005709,2020-04-30 15:48:35,4,+33673470543,transfert,20200430,154835,18408065367,62,461
33458005730,2020-04-30 15:55:44,83,+33673470543,transfert,20200430,155544,18408109060,62,462
33458005709,2020-04-30 15:55:44,83,+33673470543,transfert,20200430,155544,18408109003,62,463
33458005730,2020-04-30 18:03:49,3,+33673470543,transfert,20200430,180349,18408625543,62,464
33458005709,2020-04-30 18:03:49,3,+33673470543,transfert,20200430,180349,18408625552,62,465
33458005707,2020-04-02 14:45:34,352,+33674161434,incoming,20200402,144534,18349743324,63,466
33458005730,2020-04-20 16:12:17,13,+33677429091,transfert,20200420,161217,18384036471,64,467
33458005707,2020-04-20 16:12:17,13,+33677429091,transfert,20200420,161217,18384036504,64,468
33458005730,2020-04-06 11:07:32,4,+33679430077,transfert,20200406,110732,18355083548,65,469
33458005709,2020-04-06 11:07:32,4,+33679430077,transfert,20200406,110732,18355083709,65,470
33458005730,2020-04-06 11:08:09,9,+33679430077,transfert,20200406,110809,18355084692,65,471
33458005707,2020-04-06 11:08:09,9,+33679430077,transfert,20200406,110809,18355084837,65,472
33458005730,2020-04-06 11:08:25,4,+33679430077,transfert,20200406,110825,18355088906,65,473
33458005709,2020-04-06 11:08:25,4,+33679430077,transfert,20200406,110825,18355089138,65,474
33458005730,2020-04-09 09:41:05,4,+33679430077,transfert,20200409,94105,18362070092,65,475
33458005709,2020-04-09 09:41:05,4,+33679430077,transfert,20200409,94105,18362070129,65,476
33458005730,2020-04-24 15:05:19,6,+33681306383,transfert,20200424,150519,18394644781,66,477
33458005709,2020-04-24 15:05:19,6,+33681306383,transfert,20200424,150519,18394644726,66,478
33458005730,2020-04-30 16:12:59,5,+33681365244,transfert,20200430,161259,18408188656,67,479
33458005707,2020-04-30 16:12:59,5,+33681365244,transfert,20200430,161259,18408188733,67,480
33458005730,2020-04-30 16:13:15,4,+33681365244,transfert,20200430,161315,18408192763,67,481
33458005709,2020-04-30 16:13:15,4,+33681365244,transfert,20200430,161315,18408192743,67,482
33458005730,2020-04-29 16:06:01,7,+33681374820,transfert,20200429,160601,18405203134,68,483
33458005709,2020-04-29 16:06:01,7,+33681374820,transfert,20200429,160601,18405203207,68,484
33458005709,2020-04-10 10:39:03,3,+33682525500,transfert,20200410,103903,18364849116,69,485
33458005730,2020-04-10 10:39:47,4,+33682525500,transfert,20200410,103947,18364853707,69,486
33458005709,2020-04-10 10:39:47,4,+33682525500,transfert,20200410,103947,18364853700,69,487
33458005730,2020-04-10 10:40:23,5,+33682525500,transfert,20200410,104023,18364856183,69,488
33458005707,2020-04-10 10:40:23,5,+33682525500,transfert,20200410,104023,18364856264,69,489
33458005730,2020-04-16 10:52:07,15,+33682525500,transfert,20200416,105207,18375730422,69,490
33458005707,2020-04-16 10:52:07,15,+33682525500,transfert,20200416,105207,18375730062,69,491
33458005730,2020-04-16 10:55:47,12,+33682525500,transfert,20200416,105547,18375751879,69,492
33458005707,2020-04-16 10:55:47,12,+33682525500,transfert,20200416,105547,18375751857,69,493
33458005730,2020-04-16 11:20:47,31,+33682525500,transfert,20200416,112047,18375905876,69,494
33458005707,2020-04-16 11:20:47,31,+33682525500,transfert,20200416,112047,18375906027,69,495
33458005730,2020-04-16 12:06:40,11,+33682525500,transfert,20200416,120640,18376156307,69,496
33458005707,2020-04-16 12:06:40,11,+33682525500,transfert,20200416,120640,18376156282,69,497
33458005730,2020-04-24 16:20:43,2,+33684012278,transfert,20200424,162043,18395003795,70,498
33458005709,2020-04-24 16:20:44,2,+33684012278,transfert,20200424,162044,18395003689,70,499
33458005730,2020-04-24 16:21:31,50,+33684012278,transfert,20200424,162131,18395008827,70,500
33458005707,2020-04-24 16:21:31,50,+33684012278,transfert,20200424,162131,18395008763,70,501
33458005730,2020-04-23 11:14:36,63,+33684132472,transfert,20200423,111436,18391088853,71,502
33458005709,2020-04-23 11:14:36,63,+33684132472,transfert,20200423,111436,18391088747,71,503
33458005730,2020-04-23 11:51:16,7,+33684132472,transfert,20200423,115116,18391301635,71,504
33458005707,2020-04-23 11:51:16,7,+33684132472,transfert,20200423,115116,18391301471,71,505
33458005709,2020-04-20 10:17:41,9,+33686036353,transfert,20200420,101741,18382319038,72,506
33458005730,2020-04-20 10:18:48,4,+33686036353,transfert,20200420,101848,18382325572,72,507
33458005709,2020-04-20 10:18:48,4,+33686036353,transfert,20200420,101848,18382325742,72,508
33458005709,2020-04-28 14:32:50,7,+33686036353,transfert,20200428,143250,18401757012,72,509
33458005730,2020-04-28 14:33:43,10,+33686036353,transfert,20200428,143343,18401760557,72,510
33458005707,2020-04-28 14:33:43,10,+33686036353,transfert,20200428,143343,18401760527,72,511
33458005709,2020-04-28 16:35:57,5,+33686036353,transfert,20200428,163557,18402392723,72,512
33458005730,2020-04-28 16:36:21,9,+33686036353,transfert,20200428,163621,18402394836,72,513
33458005707,2020-04-28 16:36:22,9,+33686036353,transfert,20200428,163622,18402395436,72,514
33458005709,2020-04-28 16:36:57,12,+33686036353,transfert,20200428,163657,18402398318,72,515
33458005730,2020-04-20 10:52:28,12,+33686230715,transfert,20200420,105228,18382555169,73,516
33458005707,2020-04-20 10:52:28,12,+33686230715,transfert,20200420,105228,18382555455,73,517
33458005730,2020-04-20 10:53:23,5,+33686230715,transfert,20200420,105323,18382565697,73,518
33458005709,2020-04-20 10:53:23,5,+33686230715,transfert,20200420,105323,18382565648,73,519
33458005730,2020-04-28 09:33:09,11,+33687344651,transfert,20200428,93309,18400244423,74,520
33458005707,2020-04-28 09:33:09,11,+33687344651,transfert,20200428,93309,18400244280,74,521
33458005730,2020-04-16 10:41:52,5,+33687767565,transfert,20200416,104152,18375664944,75,522
33458005709,2020-04-16 10:41:52,5,+33687767565,transfert,20200416,104152,18375664870,75,523
33458005730,2020-04-16 10:51:58,4,+33687767565,transfert,20200416,105158,18375731153,75,524
33458005709,2020-04-16 10:51:58,4,+33687767565,transfert,20200416,105158,18375731126,75,525
33458005730,2020-04-02 10:33:25,11,+33695090882,transfert,20200402,103325,18348810801,76,526
33458005707,2020-04-02 10:33:25,11,+33695090882,transfert,20200402,103325,18348810856,76,527
33458005730,2020-04-02 10:34:14,3,+33695090882,transfert,20200402,103414,18348814309,76,528
33458005707,2020-04-02 10:34:14,3,+33695090882,transfert,20200402,103414,18348814226,76,529
33458005730,2020-04-02 10:56:05,601,+33695090882,transfert,20200402,105605,18348978844,76,530
33458005707,2020-04-02 10:56:05,601,+33695090882,incoming,20200402,105605,18348978772,76,530
33458005730,2020-04-20 09:52:29,11,+33695468818,transfert,20200420,95229,18382146471,77,531
33458005709,2020-04-20 09:52:29,11,+33695468818,transfert,20200420,95229,18382146304,77,532
33458005730,2020-04-20 09:53:20,4,+33695468818,transfert,20200420,95320,18382148184,77,533
33458005707,2020-04-20 09:53:20,4,+33695468818,transfert,20200420,95320,18382148227,77,534
33458005730,2020-04-24 10:09:14,5,+33695468818,transfert,20200424,100914,18393416034,77,535
33458005709,2020-04-24 10:09:15,5,+33695468818,transfert,20200424,100915,18393418219,77,536
33458005730,2020-04-24 10:10:00,5,+33695468818,transfert,20200424,101000,18393418962,77,537
33458005707,2020-04-24 10:10:00,5,+33695468818,transfert,20200424,101000,18393418881,77,538
33458005730,2020-04-29 09:39:53,14,+33695468818,transfert,20200429,93953,18403273914,77,539
33458005709,2020-04-29 09:39:53,14,+33695468818,transfert,20200429,93953,18403273844,77,540
33458005730,2020-04-29 09:40:25,4,+33695468818,transfert,20200429,94025,18403275022,77,541
33458005707,2020-04-29 09:40:25,4,+33695468818,transfert,20200429,94025,18403275068,77,542
33458005730,2020-04-20 15:33:30,13,+33695511609,transfert,20200420,153330,18383833493,78,543
33458005709,2020-04-20 15:33:30,13,+33695511609,transfert,20200420,153330,18383833524,78,544
33458005730,2020-04-20 15:34:23,10,+33695511609,transfert,20200420,153423,18383836199,78,545
33458005707,2020-04-20 15:34:23,10,+33695511609,transfert,20200420,153423,18383836131,78,546
33458005730,2020-04-20 15:34:47,4,+33695511609,transfert,20200420,153447,18383839892,78,547
33458005709,2020-04-20 15:34:47,4,+33695511609,transfert,20200420,153447,18383839930,78,548
33458005730,2020-04-09 17:07:52,10,+33769570516,transfert,20200409,170752,18363903016,79,549
33458005709,2020-04-09 17:07:52,10,+33769570516,transfert,20200409,170752,18363903022,79,550
33458005730,2020-04-09 17:08:56,9,+33769570516,transfert,20200409,170856,18363905036,79,551
33458005707,2020-04-09 17:08:56,9,+33769570516,transfert,20200409,170856,18363905009,79,552
33458005730,2020-04-10 10:19:57,5,+33769570516,transfert,20200410,101957,18364752617,79,553
33458005709,2020-04-10 10:19:57,5,+33769570516,transfert,20200410,101957,18364752634,79,554
33458005730,2020-04-10 10:20:47,6,+33769570516,transfert,20200410,102047,18364754839,79,555
33458005707,2020-04-10 10:20:47,6,+33769570516,transfert,20200410,102047,18364754686,79,556
33458005730,2020-04-10 10:28:10,3,+33769570516,transfert,20200410,102810,18364795482,79,557
33458005709,2020-04-10 10:28:10,3,+33769570516,transfert,20200410,102810,18364795459,79,558
33458005730,2020-04-10 14:27:03,5,+33769570516,transfert,20200410,142703,18365611972,79,559
33458005707,2020-04-10 14:27:03,5,+33769570516,transfert,20200410,142703,18365611940,79,560
33458005730,2020-04-10 14:27:51,3,+33769570516,transfert,20200410,142751,18365614794,79,561
33458005709,2020-04-10 14:27:51,3,+33769570516,transfert,20200410,142751,18365614771,79,562
33458005730,2020-04-27 12:29:48,5,+33777304107,transfert,20200427,122948,18398294983,80,563
33458005709,2020-04-27 12:29:48,5,+33777304107,transfert,20200427,122948,18398294981,80,564
33458005730,2020-04-27 13:26:15,4,+33777304107,transfert,20200427,132615,18398410626,80,565
33458005709,2020-04-27 13:26:15,4,+33777304107,transfert,20200427,132615,18398410617,80,566
33458005730,2020-04-09 14:34:21,5,+33777840647,transfert,20200409,143421,18363233773,81,567
33458005707,2020-04-09 14:34:21,5,+33777840647,transfert,20200409,143421,18363233750,81,568
33458005709,2020-04-09 14:34:36,5,+33777840647,transfert,20200409,143436,18363237272,81,569
33458005709,2020-04-09 16:40:39,3,+33777840647,transfert,20200409,164039,18363804538,81,570
33458005709,2020-04-09 16:41:17,35,+33777840647,transfert,20200409,164117,18363809881,81,571
33458005709,2020-04-10 11:00:49,5,+33777840647,transfert,20200410,110049,18364961876,81,572
33458005730,2020-04-10 11:01:38,4,+33777840647,transfert,20200410,110138,18364962888,81,573
33458005707,2020-04-10 11:01:38,4,+33777840647,transfert,20200410,110138,18364962773,81,574
33458005709,2020-04-24 11:18:42,17,+33777840647,transfert,20200424,111842,18393814797,81,575
33458005730,2020-04-24 11:19:48,6,+33777840647,transfert,20200424,111948,18393818340,81,576
33458005707,2020-04-24 11:19:48,6,+33777840647,transfert,20200424,111948,18393818370,81,577
33458005730,2020-04-24 11:20:09,4,+33777840647,transfert,20200424,112009,18393822823,81,578
33458005709,2020-04-24 11:20:09,4,+33777840647,transfert,20200424,112009,18393822817,81,579
33458005709,2020-04-24 11:42:44,45,+33777840647,transfert,20200424,114244,18393952622,81,580
33458005730,2020-04-01 11:08:55,62,+33780387694,transfert,20200401,110855,18346689389,82,581
33458005709,2020-04-01 11:08:55,62,+33780387694,transfert,20200401,110855,18346689219,82,582
33458005730,2020-04-10 12:07:15,3,+33784976231,transfert,20200410,120715,18365277056,83,583
33458005707,2020-04-10 12:07:15,3,+33784976231,transfert,20200410,120715,18365277034,83,584
33458005730,2020-04-10 16:44:31,486,+33784976231,transfert,20200410,164431,18366177280,83,585
33458005707,2020-04-10 16:44:31,486,+33784976231,incoming,20200410,164431,18366177279,83,585
33458005730,2020-04-10 11:42:10,10,+33786291250,transfert,20200410,114210,18365169392,84,586
33458005709,2020-04-10 11:42:10,10,+33786291250,transfert,20200410,114210,18365169229,84,587
33458005730,2020-04-27 15:12:14,33,+33788481330,transfert,20200427,151214,18398950304,85,588
33458005709,2020-04-27 15:12:15,33,+33788481330,transfert,20200427,151215,18398949573,85,589
33458005730,2020-04-22 10:07:59,13,+33950502915,transfert,20200422,100759,18387992551,86,590
33458005707,2020-04-22 10:07:59,13,+33950502915,transfert,20200422,100759,18387992395,86,591
33458005730,2020-04-22 14:01:06,8,+33952045757,transfert,20200422,140106,18388958959,87,592
33458005707,2020-04-22 14:01:06,8,+33952045757,transfert,20200422,140106,18388958977,87,593
33458005730,2020-04-22 14:01:42,110,+33952045757,transfert,20200422,140142,18388968649,87,594
33458005707,2020-04-22 14:01:42,110,+33952045757,transfert,20200422,140142,18388968630,87,595
33458005730,2020-04-24 11:31:18,28,+33952045757,transfert,20200424,113118,18393884245,87,596
33458005707,2020-04-24 11:31:18,28,+33952045757,transfert,20200424,113118,18393884297,87,597
33458005730,2020-04-24 13:28:29,4,+33952045757,transfert,20200424,132829,18394231173,87,598
33458005707,2020-04-24 13:28:29,4,+33952045757,transfert,20200424,132829,18394231200,87,599
33458005730,2020-04-27 10:49:09,66,+33952045757,transfert,20200427,104909,18397733732,87,600
33458005707,2020-04-27 10:49:09,66,+33952045757,transfert,20200427,104909,18397733375,87,601
33458005730,2020-04-27 10:59:58,6,+33952045757,transfert,20200427,105958,18397801532,87,602
33458005707,2020-04-27 10:59:58,6,+33952045757,transfert,20200427,105958,18397800315,87,603
33458005730,2020-04-30 12:47:35,14,+33969391391,transfert,20200430,124735,18407264491,88,604
33458005707,2020-04-30 12:47:35,14,+33969391391,transfert,20200430,124735,18407264484,88,605
33458005730,2020-04-30 12:48:04,4,+33969391391,transfert,20200430,124804,18407266236,88,606
33458005709,2020-04-30 12:48:04,4,+33969391391,transfert,20200430,124804,18407266247,88,607
33458005730,2020-04-30 12:48:47,41,+33969391391,transfert,20200430,124847,18407267879,88,608
33458005707,2020-04-30 12:48:47,41,+33969391391,transfert,20200430,124847,18407267851,88,609
33458005730,2020-04-30 15:56:06,11,+33969391391,transfert,20200430,155606,18408102038,88,610
33458005707,2020-04-30 15:56:06,11,+33969391391,transfert,20200430,155606,18408102141,88,611
33458005730,2020-04-03 10:31:19,5,+33984366368,transfert,20200403,103119,18351160771,89,612
33458005709,2020-04-03 10:31:19,5,+33984366368,transfert,20200403,103119,18351160928,89,613
33458005730,2020-04-03 10:31:56,6,+33984366368,transfert,20200403,103156,18351161807,89,614
33458005707,2020-04-03 10:31:56,6,+33984366368,transfert,20200403,103156,18351161890,89,615
33458005730,2020-04-03 10:33:02,4,+33984366368,transfert,20200403,103302,18351167045,89,616
33458005707,2020-04-03 10:33:03,4,+33984366368,transfert,20200403,103303,18351168112,89,617
33458005730,2020-04-03 10:38:10,44,+33984366368,transfert,20200403,103810,18351198778,89,618
33458005707,2020-04-03 10:38:10,44,+33984366368,transfert,20200403,103810,18351198586,89,619
33458005730,2020-04-03 11:12:53,4,+33984366368,transfert,20200403,111253,18351366684,89,620
33458005707,2020-04-03 11:12:53,4,+33984366368,transfert,20200403,111253,18351366802,89,621
33458005730,2020-04-03 11:38:45,4,+33984366368,transfert,20200403,113845,18351497316,89,622
33458005707,2020-04-03 11:38:45,4,+33984366368,transfert,20200403,113845,18351497520,89,623
33458005730,2020-04-03 15:26:55,5,+33984366368,transfert,20200403,152655,18352226999,89,624
33458005709,2020-04-03 15:26:55,5,+33984366368,transfert,20200403,152655,18352226921,89,625
33458005730,2020-04-03 15:27:41,531,+33984366368,transfert,20200403,152741,18352263265,89,626
33458005707,2020-04-03 15:27:41,531,+33984366368,incoming,20200403,152741,18352263226,89,626
33458005730,2020-04-20 09:48:03,13,+34601637433,transfert,20200420,94803,18382116642,90,627
33458005707,2020-04-20 09:48:03,13,+34601637433,transfert,20200420,94803,18382116505,90,628
33458005707,2020-04-03 13:47:57,4,+34617492785,transfert,20200403,134757,18351832712,91,629
33458005730,2020-04-03 13:48:47,40,+34617492785,transfert,20200403,134847,18351835802,91,630
33458005707,2020-04-03 13:48:47,40,+34617492785,transfert,20200403,134847,18351835812,91,631
33458005730,2020-04-22 16:25:29,12,+34679229418,transfert,20200422,162529,18389657295,92,632
33458005707,2020-04-22 16:25:29,12,+34679229418,transfert,20200422,162529,18389657276,92,633
33458005730,2020-04-23 08:28:13,0,+34679229418,transfert,20200423,82813,18390286922,92,634
33458005709,2020-04-23 08:28:13,0,+34679229418,miss,20200423,82813,18390286927,92,634
33458005730,2020-04-14 11:08:25,4,+34915916749,transfert,20200414,110825,18370049135,93,635
33458005709,2020-04-14 11:08:25,4,+34915916749,transfert,20200414,110825,18370049211,93,636
33458005730,2020-04-20 14:11:13,11,+352691335233,transfert,20200420,141113,18383366357,94,637
33458005707,2020-04-20 14:11:13,11,+352691335233,transfert,20200420,141113,18383366258,94,638
33458005730,2020-04-27 15:57:10,61,+393289898518,transfert,20200427,155710,18399208244,95,639
33458005707,2020-04-27 15:57:10,61,+393289898518,transfert,20200427,155710,18399208200,95,640
33458005730,2020-04-17 10:03:15,6,+41213458034,transfert,20200417,100315,18378139501,96,641
33458005709,2020-04-17 10:03:15,6,+41213458034,transfert,20200417,100315,18378139328,96,642
33458005707,2020-04-24 08:29:36,56,+41324664779,transfert,20200424,82936,18393036554,97,643
33458005730,2020-04-28 07:46:06,9,+41324664779,transfert,20200428,74606,18399983510,97,644
33458005709,2020-04-28 07:46:06,9,+41324664779,transfert,20200428,74606,18399983531,97,645
33458005707,2020-04-08 14:06:31,10,+41786640194,transfert,20200408,140631,18360661199,98,646
33458005730,2020-04-08 14:08:06,9,+41786640194,transfert,20200408,140806,18360668811,98,647
33458005707,2020-04-08 14:08:06,9,+41786640194,transfert,20200408,140806,18360668807,98,648
33458005730,2020-04-09 13:04:21,10,+41786640194,transfert,20200409,130421,18362958170,98,649
33458005707,2020-04-09 13:04:21,10,+41786640194,transfert,20200409,130421,18362958152,98,650
33458005730,2020-04-14 17:49:57,15,+41792505008,transfert,20200414,174957,18371943854,99,651
33458005709,2020-04-14 17:49:57,15,+41792505008,transfert,20200414,174957,18371943713,99,652
33458005730,2020-04-24 17:20:45,17,+41797259186,transfert,20200424,172045,18395220793,100,653
33458005707,2020-04-24 17:20:45,17,+41797259186,transfert,20200424,172045,18395220845,100,654
33458005730,2020-04-24 17:21:19,12,+41797259186,transfert,20200424,172119,18395223726,100,655
33458005709,2020-04-24 17:21:19,12,+41797259186,transfert,20200424,172119,18395223723,100,656
33458005730,2020-04-17 12:14:33,3,+41798286546,transfert,20200417,121433,18378876163,101,657
33458005709,2020-04-17 12:14:33,3,+41798286546,transfert,20200417,121433,18378876196,101,658
33458005730,2020-04-17 12:15:19,3,+41798286546,transfert,20200417,121519,18378878598,101,659
33458005709,2020-04-17 12:15:19,3,+41798286546,transfert,20200417,121519,18378878567,101,660
33458005730,2020-04-17 12:15:59,4,+41798286546,transfert,20200417,121559,18378880047,101,661
33458005709,2020-04-17 12:15:59,4,+41798286546,transfert,20200417,121559,18378880062,101,662
33458005730,2020-04-17 12:16:38,4,+41798286546,transfert,20200417,121638,18378882322,101,663
33458005709,2020-04-17 12:16:38,4,+41798286546,transfert,20200417,121638,18378882319,101,664
33458005730,2020-04-17 12:17:17,2,+41798286546,transfert,20200417,121717,18378883988,101,665
33458005709,2020-04-17 12:17:17,2,+41798286546,transfert,20200417,121717,18378883975,101,666
33458005730,2020-04-17 12:17:54,5,+41798286546,transfert,20200417,121754,18378885800,101,667
33458005709,2020-04-17 12:17:54,5,+41798286546,transfert,20200417,121754,18378885735,101,668
33458005730,2020-04-17 12:18:48,0,+41798286546,transfert,20200417,121848,18378887372,101,669
33458005709,2020-04-17 12:18:48,0,+41798286546,miss,20200417,121848,18378887423,101,669
33458005730,2020-04-17 12:19:08,4,+41798286546,transfert,20200417,121908,18378889517,101,670
33458005709,2020-04-17 12:19:08,4,+41798286546,transfert,20200417,121908,18378889525,101,671
33458005730,2020-04-17 12:19:48,2,+41798286546,transfert,20200417,121948,18378890978,101,672
33458005709,2020-04-17 12:19:48,2,+41798286546,transfert,20200417,121948,18378890999,101,673
33458005730,2020-04-17 12:20:25,4,+41798286546,transfert,20200417,122025,18378892808,101,674
33458005709,2020-04-17 12:20:25,4,+41798286546,transfert,20200417,122025,18378892805,101,675
33458005730,2020-04-17 12:21:04,3,+41798286546,transfert,20200417,122104,18378894339,101,676
33458005709,2020-04-17 12:21:04,3,+41798286546,transfert,20200417,122104,18378894356,101,677
33458005730,2020-04-17 12:21:41,4,+41798286546,transfert,20200417,122141,18378896143,101,678
33458005709,2020-04-17 12:21:41,4,+41798286546,transfert,20200417,122141,18378896149,101,679
33458005730,2020-04-17 12:22:28,2,+41798286546,transfert,20200417,122228,18378898145,101,680
33458005709,2020-04-17 12:22:28,2,+41798286546,transfert,20200417,122228,18378898141,101,681
33458005730,2020-04-17 12:23:05,0,+41798286546,transfert,20200417,122305,18378899851,101,682
33458005709,2020-04-17 12:23:05,0,+41798286546,miss,20200417,122305,18378899863,101,682
33458005730,2020-04-17 11:10:33,22,+447741664891,transfert,20200417,111033,18378547359,102,683
33458005707,2020-04-17 11:10:33,22,+447741664891,transfert,20200417,111033,18378547455,102,684
33458005730,2020-04-27 12:45:11,32,+447741664891,transfert,20200427,124511,18398330357,102,685
33458005707,2020-04-27 12:45:11,32,+447741664891,transfert,20200427,124511,18398330360,102,686
33458005730,2020-04-07 09:46:29,4,+447789300642,transfert,20200407,94629,18357210344,103,687
33458005709,2020-04-07 09:46:29,4,+447789300642,transfert,20200407,94629,18357210329,103,688
33458005730,2020-04-07 09:47:06,11,+447789300642,transfert,20200407,94706,18357210592,103,689
33458005707,2020-04-07 09:47:06,11,+447789300642,transfert,20200407,94706,18357210662,103,690
33458005730,2020-04-23 12:01:49,5,+447789300642,transfert,20200423,120149,18391356702,103,691
33458005707,2020-04-23 12:01:49,5,+447789300642,transfert,20200423,120149,18391356730,103,692
33458005730,2020-04-23 15:04:03,5,+447789300642,transfert,20200423,150403,18391965296,103,693
33458005707,2020-04-23 15:04:03,5,+447789300642,transfert,20200423,150403,18391965270,103,694
33458005730,2020-04-23 15:04:14,2,+447789300642,transfert,20200423,150414,18391969294,103,695
33458005709,2020-04-23 15:04:14,2,+447789300642,transfert,20200423,150414,18391969231,103,696
33458005730,2020-04-03 15:05:16,12,+447824463926,transfert,20200403,150516,18352136147,104,697
33458005709,2020-04-03 15:05:16,12,+447824463926,transfert,20200403,150516,18352136139,104,698
33458005730,2020-04-03 15:06:03,4,+447824463926,transfert,20200403,150603,18352139196,104,699
33458005709,2020-04-03 15:06:03,4,+447824463926,transfert,20200403,150603,18352139032,104,700
33458005730,2020-04-03 15:06:45,3,+447824463926,transfert,20200403,150645,18352142831,104,701
33458005707,2020-04-03 15:06:45,3,+447824463926,transfert,20200403,150645,18352142848,104,702
33458005730,2020-04-06 10:11:14,5,+447824463926,transfert,20200406,101114,18354751418,104,703
33458005709,2020-04-06 10:11:14,5,+447824463926,transfert,20200406,101114,18354751497,104,704
33458005730,2020-04-06 10:11:52,3,+447824463926,transfert,20200406,101152,18354754481,104,705
33458005709,2020-04-06 10:11:52,3,+447824463926,transfert,20200406,101152,18354754741,104,706
33458005730,2020-04-06 10:28:16,3,+447824463926,transfert,20200406,102816,18354853254,104,707
33458005709,2020-04-06 10:28:16,3,+447824463926,transfert,20200406,102816,18354853225,104,708
33458005730,2020-04-06 10:37:54,4,+447824463926,transfert,20200406,103754,18354908512,104,709
33458005709,2020-04-06 10:37:55,4,+447824463926,transfert,20200406,103755,18354909292,104,710
33458005730,2020-04-06 10:59:23,3,+447824463926,transfert,20200406,105923,18355035127,104,711
33458005709,2020-04-06 10:59:23,3,+447824463926,transfert,20200406,105923,18355035102,104,712
33458005730,2020-04-06 11:09:44,5,+447824463926,transfert,20200406,110944,18355097115,104,713
33458005709,2020-04-06 11:09:44,5,+447824463926,transfert,20200406,110944,18355097325,104,714
33458005730,2020-04-06 11:13:08,4,+447824463926,transfert,20200406,111308,18355115283,104,715
33458005707,2020-04-06 11:13:08,4,+447824463926,transfert,20200406,111308,18355115446,104,716
33458005730,2020-04-06 11:13:30,2,+447824463926,transfert,20200406,111330,18355120367,104,717
33458005709,2020-04-06 11:13:30,2,+447824463926,transfert,20200406,111330,18355120392,104,718
33458005730,2020-04-06 11:22:57,6,+447824463926,transfert,20200406,112257,18355175752,104,719
33458005709,2020-04-06 11:22:57,6,+447824463926,transfert,20200406,112257,18355175717,104,720
33458005730,2020-04-06 11:26:46,4,+447824463926,transfert,20200406,112646,18355195636,104,721
33458005709,2020-04-06 11:26:46,4,+447824463926,transfert,20200406,112646,18355195574,104,722
33458005730,2020-04-06 11:31:15,2,+447824463926,transfert,20200406,113115,18355221701,104,723
33458005709,2020-04-06 11:31:15,2,+447824463926,transfert,20200406,113115,18355221697,104,724
33458005730,2020-04-06 11:43:35,4,+447824463926,transfert,20200406,114335,18355290272,104,725
33458005709,2020-04-06 11:43:35,4,+447824463926,transfert,20200406,114335,18355290237,104,726
33458005730,2020-04-06 12:06:31,5,+447824463926,transfert,20200406,120631,18355395631,104,727
33458005709,2020-04-06 12:06:31,5,+447824463926,transfert,20200406,120631,18355395661,104,728
33458005730,2020-04-06 14:07:21,2,+447824463926,transfert,20200406,140721,18355697001,104,729
33458005709,2020-04-06 14:07:22,2,+447824463926,transfert,20200406,140722,18355696999,104,730
33458005730,2020-04-06 16:05:02,3,+447824463926,transfert,20200406,160502,18356263280,104,731
33458005709,2020-04-06 16:05:02,3,+447824463926,transfert,20200406,160502,18356263318,104,732
33458005730,2020-04-16 10:47:52,3,+447824463926,transfert,20200416,104752,18375703105,104,733
33458005709,2020-04-16 10:47:52,3,+447824463926,transfert,20200416,104752,18375703198,104,734
33458005730,2020-04-17 10:40:45,4,+447824463926,transfert,20200417,104045,18378370531,104,735
33458005709,2020-04-17 10:40:45,4,+447824463926,transfert,20200417,104045,18378370477,104,736
33458005730,2020-04-17 10:41:09,5,+447824463926,transfert,20200417,104109,18378369905,104,737
33458005707,2020-04-17 10:41:09,5,+447824463926,transfert,20200417,104109,18378369494,104,738
33458005730,2020-04-17 14:46:51,4,+447824463926,transfert,20200417,144651,18379341371,104,739
33458005709,2020-04-17 14:46:51,4,+447824463926,transfert,20200417,144651,18379341378,104,740
33458005730,2020-04-17 14:53:03,34,+447824463926,transfert,20200417,145303,18379371249,104,741
33458005709,2020-04-17 14:53:03,34,+447824463926,incoming,20200417,145303,18379371252,104,741
33458005730,2020-04-17 14:54:07,3,+447824463926,transfert,20200417,145407,18379373242,104,742
33458005707,2020-04-17 14:54:07,3,+447824463926,transfert,20200417,145407,18379373248,104,743
33458005730,2020-04-17 15:02:13,4,+447824463926,transfert,20200417,150213,18379411592,104,744
33458005707,2020-04-17 15:02:13,4,+447824463926,transfert,20200417,150213,18379411582,104,745
33458005730,2020-04-17 15:02:37,3,+447824463926,transfert,20200417,150237,18379415364,104,746
33458005709,2020-04-17 15:02:37,3,+447824463926,transfert,20200417,150237,18379415404,104,747
33458005730,2020-04-27 11:43:28,5,+447824463926,transfert,20200427,114328,18398095997,104,748
33458005707,2020-04-27 11:43:28,5,+447824463926,transfert,20200427,114328,18398095811,104,749
33458005730,2020-04-27 11:49:01,17,+447824463926,transfert,20200427,114901,18398130163,104,750
33458005707,2020-04-27 11:49:01,17,+447824463926,transfert,20200427,114901,18398130306,104,751
33458005730,2020-04-27 11:49:39,4,+447824463926,transfert,20200427,114939,18398136086,104,752
33458005709,2020-04-27 11:49:39,4,+447824463926,transfert,20200427,114939,18398136328,104,753
33458005730,2020-04-27 11:50:23,3,+447824463926,transfert,20200427,115023,18398139186,104,754
33458005707,2020-04-27 11:50:23,3,+447824463926,transfert,20200427,115023,18398139295,104,755
33458005730,2020-04-27 11:50:36,3,+447824463926,transfert,20200427,115036,18398142602,104,756
33458005709,2020-04-27 11:50:36,3,+447824463926,transfert,20200427,115036,18398142574,104,757
33458005730,2020-04-27 11:52:32,2,+447824463926,transfert,20200427,115232,18398154264,104,758
33458005709,2020-04-27 11:52:32,2,+447824463926,transfert,20200427,115232,18398154541,104,759
33458005730,2020-04-27 12:00:18,3,+447824463926,transfert,20200427,120018,18398195181,104,760
33458005707,2020-04-27 12:00:18,3,+447824463926,transfert,20200427,120018,18398195199,104,761
33458005730,2020-04-27 12:00:28,4,+447824463926,transfert,20200427,120028,18398201663,104,762
33458005709,2020-04-27 12:00:28,4,+447824463926,transfert,20200427,120028,18398202419,104,763
33458005730,2020-04-29 16:22:43,18,+46752415129,transfert,20200429,162243,18405289670,105,764
33458005709,2020-04-29 16:22:43,18,+46752415129,transfert,20200429,162243,18405289723,105,765
33458005730,2020-04-29 16:24:09,14,+46752415129,transfert,20200429,162409,18405294284,105,766
33458005707,2020-04-29 16:24:09,14,+46752415129,transfert,20200429,162409,18405294146,105,767
33458005730,2020-04-03 10:00:59,18,+491755744217,transfert,20200403,100059,18351007241,106,768
33458005707,2020-04-03 10:00:59,18,+491755744217,transfert,20200403,100059,18351007330,106,769
33458005730,2020-04-14 15:15:46,12,+491787343278,transfert,20200414,151546,18371198389,107,770
33458005709,2020-04-14 15:15:46,12,+491787343278,transfert,20200414,151546,18371198381,107,771
33458005730,2020-04-24 10:33:39,16,+66992872455,transfert,20200424,103339,18393553762,108,772
33458005707,2020-04-24 10:33:39,16,+66992872455,transfert,20200424,103339,18393553689,108,773
33458005730,2020-04-24 10:34:16,6,+66992872455,transfert,20200424,103416,18393560000,108,774
33458005709,2020-04-24 10:34:16,6,+66992872455,transfert,20200424,103416,18393559876,108,775
33458005730,2020-04-22 14:08:44,17,+966555630204,transfert,20200422,140844,18388998421,109,776
33458005709,2020-04-22 14:08:44,17,+966555630204,transfert,20200422,140844,18388998392,109,777
33458005730,2020-04-04 15:01:57,18,+971522443128,transfert,20200404,150157,18353429233,110,778
33458005707,2020-04-04 15:01:57,18,+971522443128,transfert,20200404,150157,18353429232,110,779
33458005730,2020-04-03 16:34:53,11,anonymous,transfert,20200403,163453,18352483009,111,780
33458005707,2020-04-03 16:34:53,11,anonymous,transfert,20200403,163453,18352482999,111,781
33458005730,2020-04-27 17:42:57,10,anonymous,transfert,20200427,174257,18399670695,111,782
33458005707,2020-04-27 17:42:57,10,anonymous,transfert,20200427,174257,18399670696,111,783
33458005709,2020-04-28 10:29:20,3,anonymous,transfert,20200428,102920,18400617821,111,784
33458005730,2020-04-28 10:29:59,4,anonymous,transfert,20200428,102959,18400618958,111,785
33458005707,2020-04-28 10:29:59,4,anonymous,transfert,20200428,102959,18400619262,111,786
33458005709,2020-04-28 10:54:44,5,anonymous,transfert,20200428,105444,18400799633,111,787
