callingNumber,customer_waiting_time,is_answered,call_duration,waiting_before_answer,datetime,call_count,customer_count
+15714636301,23,False,[0],23,2022-01-11 16:30:00,1,1
+16673268097,126,True,[107],19,2022-01-07 10:03:43,2,2
+17078814213,133,not reached,,,2022-01-11 16:30:32,3,3
+19713141054,95,False,[0 0],95,2022-01-11 16:28:12,4,4
+2250748122159,125,False,[0 0 0 0 0 0 0 0 0 0 0 0 0 0 0 0 0],125,2022-01-19 10:34:52,5,5
+2250748122159,93,False,[0 0 0 0],93,2022-01-20 10:49:09,6,5
+2250769296179,301,False,"[0 0 0 0 0 0 0 0 0 0 0 0 0 0 0 0 0 0 0 0 0 0 0 0 0 0 0 0 0 0 0 0 0 0 0 0 0
 0 0 0 0 0 0]",301,2022-01-19 10:39:28,7,6
+2250769296179,159,False,[0 0 0 0 0 0 0 0 0 0 0 0 0 0 0 0 0 0 0 0 0 0 0],159,2022-01-19 10:46:42,8,6
+2250779472979,103,not reached,,,2022-01-20 16:42:18,9,7
+2250788404736,0,not reached,,,2022-01-20 09:32:59,10,8
+262692822427,256,True,[  0 224],32,2022-01-26 09:33:34,11,9
+262693909797,300,False,[0 0 0],300,2022-01-27 16:17:17,12,10
+31625174796,200,True,[  0 160],40,2022-01-21 15:54:11,13,11
+31638307219,301,False,[0 0 0 0 0 0 0 0 0 0 0 0],301,2022-01-28 14:00:32,14,12
+31638307219,143,not reached,,,2022-01-28 14:05:59,15,12
+31638307219,0,not reached,,,2022-01-28 14:08:46,16,12
+31638307219,0,not reached,,,2022-01-28 14:09:44,17,12
+31638307219,125,False,[0 0 0 0],125,2022-01-28 14:10:37,18,12
+3224312586,300,False,[0 0 0 0 0 0 0 0 0 0 0 0],300,2022-01-18 16:05:43,19,13
+3224312586,300,False,[0 0 0],300,2022-01-18 16:13:07,20,13
+3224312586,300,False,[0 0 0 0 0 0 0 0 0 0 0 0],300,2022-01-19 15:27:21,21,13
+3224312586,77,not reached,,,2022-01-19 15:34:07,22,13
+33141282323,70,not reached,,,2022-01-18 11:35:18,23,14
+33148769436,197,True,[  0 153],44,2022-01-18 17:01:31,24,15
+33148769436,1003,True,[  0 957],46,2022-01-18 17:26:28,25,15
+33149191520,0,not reached,,,2022-01-11 10:48:45,26,16
+33149191520,196,not reached,,,2022-01-12 10:15:25,27,16
+33149191520,0,not reached,,,2022-01-20 14:29:18,28,16
+33161385000,300,False,[0 0 0 0 0 0 0 0 0 0 0 0],300,2022-01-11 17:18:55,29,17
+33173008120,8,not reached,,,2022-01-19 10:48:55,30,18
,,not reached,,,,31,
+33173107610,0,not reached,,,2022-01-27 15:37:57,32,19
+33186781000,0,not reached,,,2022-01-13 09:25:01,33,20
+33186781000,0,not reached,,,2022-01-13 09:26:22,34,20
+33186781000,0,not reached,,,2022-01-19 09:54:33,35,20
+33229209028,300,False,[0 0 0 0 0 0 0 0 0 0 0 0],300,2022-01-26 09:24:18,36,21
+33229209028,0,not reached,,,2022-01-26 09:38:46,37,21
+33229209028,0,not reached,,,2022-01-26 09:39:20,38,21
+33229209028,719,True,[  0   0   0   0   0 581],138,2022-01-26 09:40:00,39,21
+33229209028,165,False,[0 0 0 0 0 0 0],165,2022-01-26 09:54:09,40,21
+33232671161,134,False,[0 0 0 0 0],134,2022-01-06 10:33:58,41,22
+33232671161,65,False,[0 0 0],65,2022-01-06 10:41:58,42,22
+33232671161,239,True,[  0 208],31,2022-01-06 16:09:06,43,22
+33233936000,0,not reached,,,2022-01-28 11:26:07,44,23
+33233936000,300,False,[0],300,2022-01-31 09:20:08,45,23
+33233936000,300,False,[0 0 0 0 0 0 0 0 0 0 0 0],300,2022-01-31 09:45:24,46,23
+33240777020,300,False,[0 0 0 0 0 0 0 0 0 0 0 0],300,2022-01-04 16:53:10,47,24
+33240777020,0,not reached,,,2022-01-06 09:42:43,48,24
+33240777020,0,not reached,,,2022-01-06 09:43:35,49,24
+33240777020,118,not reached,,,2022-01-06 10:40:36,50,24
+33240777020,302,not reached,,,2022-01-07 17:20:02,51,24
+33240862442,300,False,[0 0 0 0 0 0 0 0 0 0 0 0],300,2022-01-26 15:12:00,52,25
+33240862442,223,True,[  0 179],44,2022-01-26 15:17:47,53,25
+33240862442,301,False,[0 0 0 0 0 0 0 0 0 0 0 0],301,2022-01-27 11:44:34,54,25
+33240862442,300,False,[0 0 0 0 0 0 0 0 0 0 0],300,2022-01-27 11:49:54,55,25
+33240862442,44,not reached,,,2022-01-27 16:10:03,56,25
+33240862442,19,not reached,,,2022-01-27 16:11:10,57,25
+33240862442,300,False,[0 0 0 0],300,2022-01-27 16:18:41,58,25
+33240862442,10,False,[0],10,2022-01-27 17:32:54,59,25
+33240862442,236,False,[0 0 0 0 0 0 0 0 0],236,2022-01-27 17:33:25,60,25
+33240862442,82,False,[0 0 0 0 0 0 0 0 0 0 0 0],82,2022-01-28 09:56:06,61,25
+33241512898,154,True,[140],14,2022-01-26 14:43:39,62,26
+33251667490,0,not reached,,,2022-01-24 11:59:31,63,27
+33251667490,48,not reached,,,2022-01-27 16:22:08,64,27
+33298282390,300,False,[0 0 0 0 0 0 0 0 0 0 0 0],300,2022-01-11 09:40:30,65,28
+33298282390,0,not reached,,,2022-01-11 09:46:55,66,28
+33298282390,216,True,[201],15,2022-01-11 09:55:58,67,28
+33324334387,281,True,[  0 152],129,2022-01-20 17:25:42,68,29
+33380240187,0,not reached,,,2022-01-05 09:01:23,69,30
+33380240187,129,True,[113],16,2022-01-05 09:02:15,70,30
+33380240187,300,False,[0 0 0 0],300,2022-01-05 09:05:48,71,30
+33380240187,300,False,[0 0 0 0 0 0 0 0 0 0 0 0],300,2022-01-05 09:11:01,72,30
+33380240187,230,False,[0 0 0 0 0 0 0 0 0],230,2022-01-05 09:16:10,73,30
+33380240187,0,not reached,,,2022-01-05 09:20:06,74,30
+33380240187,300,False,[0 0 0 0 0 0 0 0 0 0 0 0],300,2022-01-05 09:20:57,75,30
+33380240187,300,False,[0 0 0 0 0 0 0 0 0 0],300,2022-01-05 09:26:15,76,30
+33380240187,300,False,[0 0 0 0 0 0 0 0 0 0 0 0],300,2022-01-05 09:31:25,77,30
+33380240187,3,False,[0],3,2022-01-05 10:37:47,78,30
+33380240187,260,True,[  0   0   0 175],85,2022-01-05 10:37:59,79,30
+33380240187,0,not reached,,,2022-01-05 14:58:36,80,30
+33380240187,0,not reached,,,2022-01-05 14:59:29,81,30
+33380240187,203,not reached,,,2022-01-05 15:00:18,82,30
,,not reached,[0 0 0],,,83,
+33388180888,173,False,[0 0 0 0 0 0 0],173,2022-01-05 14:00:35,84,32
+33388180888,33,False,[0 0],33,2022-01-05 14:03:47,85,32
+33388180888,0,not reached,,,2022-01-05 14:04:37,86,32
+33388180888,300,False,[0 0 0 0 0 0 0 0 0 0 0 0],300,2022-01-05 14:05:55,87,32
+33388180888,300,False,[0 0 0 0 0 0 0 0 0 0 0 0],300,2022-01-05 14:33:01,88,32
+33388180888,647,True,[  0   0 542],105,2022-01-05 14:43:44,89,32
+33388180888,348,True,[  0   0   0 258],90,2022-01-12 11:10:42,90,32
+33388180888,287,True,[  0   0   0 194],93,2022-01-13 15:51:39,91,32
+33388180888,573,True,[  0 538],35,2022-01-18 10:44:42,92,32
+33388180888,0,not reached,,,2022-01-18 14:30:18,93,32
+33388180888,63,False,[0 0 0],63,2022-01-18 14:31:23,94,32
+33388180888,0,not reached,,,2022-01-18 14:40:51,95,32
+33388180888,200,False,[0 0 0 0 0 0 0],200,2022-01-18 14:41:54,96,32
+33388180888,0,not reached,,,2022-01-18 15:47:43,97,32
+33388180888,300,False,[0 0 0 0 0 0 0 0 0 0 0 0],300,2022-01-18 15:48:52,98,32
+33388180888,0,not reached,,,2022-01-18 16:21:27,99,32
+33388180888,0,not reached,,,2022-01-18 16:28:08,100,32
+33388180888,0,not reached,,,2022-01-18 16:53:43,101,32
+33388180888,285,not reached,,,2022-01-18 17:06:23,102,32
,,not reached,,,,103,
,,not reached,,,,104,
+33458008063,0,not reached,,,2022-01-28 16:18:29,105,35
+33458008063,347,True,[329],18,2022-01-28 16:19:17,106,35
,,not reached,,,,107,
+33467680001,12,False,[0],12,2022-01-24 14:58:39,108,37
+33467680001,301,False,[0 0 0 0 0 0 0 0 0 0 0 0],301,2022-01-24 14:59:39,109,37
+33473337230,143,not reached,,,2022-01-27 14:27:27,110,38
+33474184137,476,True,[459],17,2022-01-24 15:55:20,111,39
,,not reached,,,,112,
,,not reached,,,,113,
+33476234349,0,not reached,,,2022-01-10 09:36:38,114,42
+33476234349,348,not reached,,,2022-01-13 09:59:39,115,42
+33476522021,300,False,[0 0 0 0 0 0 0 0],300,2022-01-27 11:34:13,116,43
+33476522021,222,False,[0 0 0 0 0 0 0 0 0],222,2022-01-27 11:57:25,117,43
,,not reached,,,,118,
,,not reached,,,,119,
+33476992330,143,False,[0 0 0 0 0],143,2022-01-26 16:41:37,120,46
+33476992330,74,False,[0 0 0],74,2022-01-26 16:59:18,121,46
+33476992330,183,not reached,,,2022-01-26 17:00:46,122,46
+33477909090,0,not reached,,,2022-01-31 14:26:57,123,47
+33487934420,0,not reached,,,2022-01-14 09:52:59,124,48
+33495111847,0,not reached,,,2022-01-20 14:31:59,125,49
+33495111847,0,not reached,,,2022-01-20 14:32:28,126,49
+33495111847,0,not reached,,,2022-01-20 14:45:43,127,49
+33495111847,53,not reached,,,2022-01-25 11:38:38,128,49
+33531084160,415,True,[242],173,2022-01-12 14:47:55,129,50
+33534253220,0,not reached,,,2022-01-07 11:54:02,130,51
+33534253220,930,not reached,,,2022-01-10 15:18:01,131,51
+33534253220,0,not reached,,,2022-01-11 15:41:40,132,51
+33534253220,0,not reached,,,2022-01-11 15:45:58,133,51
+33534253220,450,not reached,,,2022-01-11 15:47:47,134,51
+33534253220,1341,True,[1331],10,2022-01-17 14:28:40,135,51
+33534253220,685,True,[  0 654],31,2022-01-17 15:49:42,136,51
+33534253220,300,False,[0 0 0 0 0 0 0 0 0 0 0 0],300,2022-01-17 16:03:04,137,51
+33534253220,126,True,[107],19,2022-01-17 16:11:33,138,51
+33534253220,221,not reached,,,2022-01-20 10:51:02,139,51
+33534253220,300,False,[0 0 0 0 0 0 0 0 0 0 0 0],300,2022-01-20 11:05:42,140,51
+33534253220,300,False,[0 0 0 0 0 0 0 0 0 0 0 0],300,2022-01-20 11:11:17,141,51
+33534253220,680,True,[  0 634],46,2022-01-20 16:39:57,142,51
+33534253220,300,False,[0 0 0 0 0 0 0 0 0 0 0 0],300,2022-01-21 11:54:48,143,51
+33534253220,300,False,[0 0 0 0 0 0 0 0 0 0 0 0],300,2022-01-21 14:14:00,144,51
+33534253220,300,False,[0 0 0 0 0 0 0 0 0 0 0 0],300,2022-01-21 14:19:35,145,51
+33534253220,300,False,[0 0 0 0 0 0 0 0 0 0 0 0],300,2022-01-21 14:25:09,146,51
+33534253220,300,False,[0 0 0 0 0 0 0 0 0 0 0 0],300,2022-01-21 14:30:50,147,51
+33534253220,0,not reached,,,2022-01-21 14:38:40,148,51
+33534253220,435,not reached,,,2022-01-21 14:41:15,149,51
,,not reached,[0],,,150,
+33556998484,72,not reached,,,2022-01-10 16:09:06,151,53
+33559094409,0,not reached,,,2022-01-25 09:43:10,152,54
+33559094409,0,not reached,,,2022-01-25 09:44:26,153,54
+33559094409,60,not reached,,,2022-01-25 10:25:53,154,54
+33561228303,300,False,[0 0 0 0 0],300,2022-01-14 17:53:14,155,55
+33562177834,300,False,[0 0 0 0 0 0 0 0 0 0 0 0],300,2022-01-14 17:35:44,156,56
+33602071645,0,not reached,,,2022-01-20 17:15:12,157,57
+33602119956,0,not reached,,,2022-01-05 14:01:47,158,58
+33602119956,0,not reached,,,2022-01-05 14:06:53,159,58
+33602119956,447,not reached,,,2022-01-05 14:17:40,160,58
+33602119956,0,not reached,,,2022-01-07 11:15:54,161,58
+33602119956,71,False,[0 0 0],71,2022-01-07 11:17:14,162,58
+33602119956,0,not reached,,,2022-01-07 11:18:35,163,58
+33602119956,73,not reached,,,2022-01-07 16:05:02,164,58
+33602119956,0,not reached,,,2022-01-21 14:12:25,165,58
+33602119956,71,not reached,,,2022-01-24 10:36:19,166,58
+33602358376,220,not reached,,,2022-01-25 17:38:13,167,59
+33603002000,300,False,[0 0],300,2022-01-05 11:44:56,168,60
+33603002000,370,True,[363],7,2022-01-05 11:50:19,169,60
+33603002000,300,False,[0 0 0 0 0 0 0 0 0 0 0 0],300,2022-01-05 15:36:31,170,60
+33603002000,301,False,[0 0 0 0 0 0 0 0 0 0 0 0],301,2022-01-05 15:41:44,171,60
+33603002000,301,False,[0 0 0 0 0 0 0 0 0 0 0 0],301,2022-01-05 15:46:54,172,60
+33603002000,300,False,[0 0 0 0 0 0 0 0 0 0 0 0],300,2022-01-05 15:52:08,173,60
+33603002000,300,False,[0 0 0 0 0 0 0 0 0 0 0 0],300,2022-01-05 15:57:22,174,60
+33603002000,0,not reached,,,2022-01-05 16:02:42,175,60
+33603002000,0,not reached,,,2022-01-05 16:03:25,176,60
+33603002000,291,False,[0 0 0 0 0 0 0 0],291,2022-01-05 16:04:16,177,60
+33603002000,254,not reached,,,2022-01-05 16:09:16,178,60
+33603002000,169,False,[0 0 0 0 0 0 0],169,2022-01-11 17:11:56,179,60
+33603002000,91,False,[0 0 0 0],91,2022-01-11 17:16:00,180,60
+33603002000,57,False,[0 0 0],57,2022-01-11 17:37:16,181,60
+33603002000,193,False,[0 0 0 0 0 0 0 0],193,2022-01-26 09:01:49,182,60
+33603002000,300,False,[0 0 0 0 0 0 0 0 0 0 0 0],300,2022-01-26 10:42:10,183,60
+33603002000,47,False,[0 0],47,2022-01-26 10:47:25,184,60
+33603002000,55,False,[0 0 0],55,2022-01-26 10:50:13,185,60
+33603002000,300,False,[0 0 0 0 0 0 0 0 0 0 0 0],300,2022-01-26 10:56:51,186,60
+33603002000,300,False,[0 0 0 0 0 0 0 0 0 0 0 0],300,2022-01-26 11:02:01,187,60
+33603002000,300,False,[0 0 0 0 0 0 0 0 0 0 0 0],300,2022-01-26 11:07:12,188,60
+33603002000,300,False,[0 0 0 0 0 0 0 0],300,2022-01-26 11:12:23,189,60
+33603002000,300,False,[0 0 0 0 0 0],300,2022-01-26 11:17:32,190,60
+33603002000,301,False,[0 0 0 0 0],301,2022-01-26 11:22:43,191,60
+33603002000,300,False,[0 0 0 0 0 0 0 0 0 0 0 0],300,2022-01-26 11:27:53,192,60
+33603002000,300,False,[0 0 0 0 0 0 0 0 0 0 0 0],300,2022-01-26 11:34:45,193,60
+33603002000,300,False,[0 0 0 0 0 0 0 0 0],300,2022-01-26 11:40:08,194,60
+33603002000,300,False,[0 0 0 0 0 0 0 0 0 0 0 0],300,2022-01-26 11:45:20,195,60
+33603002000,300,False,[0 0 0 0 0 0 0 0 0 0 0 0 0 0 0 0 0 0],300,2022-01-26 11:50:35,196,60
+33603002000,300,False,[0 0 0 0 0 0 0 0 0 0 0 0],300,2022-01-26 11:58:58,197,60
+33603002000,300,False,[0 0 0 0 0 0 0 0 0 0 0 0],300,2022-01-26 17:53:48,198,60
+33603002000,300,False,[0 0 0 0 0 0 0 0 0 0 0 0],300,2022-01-26 17:58:57,199,60
+33603008722,0,not reached,,,2022-01-20 09:13:20,200,61
+33603187482,0,not reached,,,2022-01-24 16:48:13,201,62
+33603187482,300,False,[0 0 0 0 0 0 0 0 0 0],300,2022-01-24 16:49:15,202,62
+33603187482,0,not reached,,,2022-01-25 15:35:11,203,62
+33603187482,0,not reached,,,2022-01-25 15:44:03,204,62
+33603187482,0,not reached,,,2022-01-25 15:44:41,205,62
+33603187482,298,not reached,,,2022-01-25 15:51:25,206,62
+33603297940,64,False,[0 0 0],64,2022-01-19 15:20:23,207,63
+33603297940,182,not reached,,,2022-01-19 15:21:53,208,63
+33606793600,196,False,[0],196,2022-01-17 14:50:54,209,64
+33606793600,300,not reached,,,2022-01-17 17:02:46,210,64
+33606793600,300,False,"[0 0 0 0 0 0 0 0 0 0 0 0 0 0 0 0 0 0 0 0 0 0 0 0 0 0 0 0 0 0 0 0 0 0 0 0 0
 0 0 0 0 0 0]",300,2022-01-19 11:14:59,211,64
,,not reached,[0],,,212,
+33607119109,98,not reached,,,2022-01-31 11:32:10,213,65
+33607119109,52,False,[0 0],52,2022-01-31 11:41:34,214,65
+33607119109,149,False,[0 0],149,2022-01-31 14:53:14,215,65
+33607119109,0,False,[0],0,2022-01-31 14:57:59,216,65
+33607119109,0,False,[0],0,2022-01-31 17:00:12,217,65
+33607148862,509,True,[  0   0   0 425],84,2022-01-03 11:02:07,218,66
+33607330765,0,not reached,,,2022-01-28 17:37:52,219,67
,,True,[0 0 2],,,220,
+33607559403,580,True,[561],19,2022-01-21 15:40:50,221,68
+33607826790,300,False,[0 0],300,2022-01-11 16:41:06,222,69
+33607826790,300,False,[0 0 0 0 0 0 0 0 0 0 0 0],300,2022-01-11 16:46:31,223,69
+33607826790,333,True,[  0   0 269],64,2022-01-11 16:58:33,224,69
+33608004913,300,not reached,,,2022-01-05 14:10:57,225,70
+33608004913,112,True,[ 0 66],46,2022-01-05 14:16:26,226,70
+33608004913,93,True,[ 0 51],42,2022-01-24 14:12:44,227,70
+33608013519,236,True,[  0 192],44,2022-01-11 10:26:22,228,71
+33608429394,0,not reached,,,2022-01-12 14:02:53,229,72
+33608429394,120,False,[0 0 0 0 0],120,2022-01-12 14:03:32,230,72
+33608429394,0,not reached,,,2022-01-12 14:05:45,231,72
+33608429394,0,not reached,,,2022-01-12 15:20:05,232,72
+33608429394,225,False,[0 0 0 0 0 0 0 0 0],225,2022-01-12 15:21:12,233,72
+33608511983,300,False,[0 0 0 0 0 0 0],300,2022-01-21 15:48:44,234,73
+33608511983,0,not reached,,,2022-01-21 15:54:09,235,73
+33608511983,301,False,[0 0 0 0 0 0 0 0 0],301,2022-01-21 15:55:17,236,73
+33608516226,0,not reached,,,2022-01-28 10:50:27,237,74
+33608516226,109,not reached,,,2022-01-28 15:46:21,238,74
+33608516226,137,not reached,,,2022-01-31 17:35:29,239,74
+33608821894,322,True,[  0 286],36,2022-01-24 16:11:34,240,75
+33608821894,260,True,[241],19,2022-01-27 14:59:13,241,75
+33608844841,141,False,[0],141,2022-01-17 14:24:50,242,76
+33608844841,300,False,"[0 0 0 0 0 0 0 0 0 0 0 0 0 0 0 0 0 0 0 0 0 0 0 0 0 0 0 0 0 0 0 0 0 0 0 0 0
 0 0 0 0 0]",300,2022-01-19 09:11:09,243,76
+33608844841,96,False,[0],96,2022-01-19 09:16:29,244,76
+33608844841,114,False,[0 0 0 0 0 0 0 0 0 0 0 0 0 0 0 0 0],114,2022-01-19 10:52:52,245,76
+33608935621,98,not reached,,,2022-01-25 11:46:43,246,77
+33609311584,690,True,[  0   0 628],62,2022-01-14 09:17:43,247,78
+33609311584,270,False,[0 0 0 0 0 0 0 0 0 0 0],270,2022-01-14 11:55:47,248,78
+33609311584,246,False,[0 0 0 0 0 0 0 0 0 0],246,2022-01-14 14:47:57,249,78
+33609311584,174,False,[0 0 0 0 0 0 0],174,2022-01-14 14:56:19,250,78
+33609311584,108,False,[0 0 0 0 0],108,2022-01-14 15:29:06,251,78
+33609311584,0,not reached,,,2022-01-14 15:31:00,252,78
+33609311584,171,not reached,,,2022-01-14 15:32:18,253,78
+33609319329,0,not reached,,,2022-01-28 10:43:35,254,79
+33609319329,259,not reached,,,2022-01-28 10:49:36,255,79
+33609609138,301,False,[0 0 0 0 0 0 0 0 0 0 0 0],301,2022-01-03 10:09:58,256,80
+33609609138,24,not reached,,,2022-01-03 10:15:20,257,80
,,not reached,,,,258,
+33609609138,300,False,[0 0 0 0 0 0 0 0 0 0 0 0],300,2022-01-03 10:16:23,259,80
+33609609138,678,not reached,,,2022-01-03 14:59:50,260,80
+33609609138,887,not reached,,,2022-01-06 16:16:53,261,80
+33609609138,0,not reached,,,2022-01-07 11:48:51,262,80
+33609609138,300,False,[0 0 0 0 0 0 0 0 0 0 0 0],300,2022-01-07 11:54:29,263,80
+33609609138,849,not reached,,,2022-01-10 15:02:24,264,80
+33609609138,0,not reached,,,2022-01-12 14:06:53,265,80
+33609609138,0,not reached,,,2022-01-12 14:07:24,266,80
+33609609138,0,not reached,,,2022-01-12 14:26:07,267,80
+33609609138,281,False,[0 0 0 0 0 0 0 0 0 0],281,2022-01-12 14:27:01,268,80
+33609609138,300,False,[0 0 0 0 0 0 0 0 0 0 0 0],300,2022-01-19 17:00:17,269,80
+33609609138,916,not reached,,,2022-01-19 17:05:35,270,80
+33609609138,0,not reached,,,2022-01-19 17:22:56,271,80
+33609609138,643,True,[628],15,2022-01-19 17:24:19,272,80
+33609925333,301,False,[0 0 0 0 0 0 0 0 0 0 0 0],301,2022-01-17 15:19:15,273,81
+33609925333,844,not reached,,,2022-01-17 15:34:00,274,81
+33609925333,0,not reached,,,2022-01-21 09:40:10,275,81
+33609925333,300,False,[0 0 0 0 0 0 0 0 0 0 0],300,2022-01-28 14:05:09,276,81
+33609925333,300,False,[0 0 0 0 0 0 0 0 0 0 0 0],300,2022-01-31 15:44:40,277,81
+33609925333,301,False,[0 0 0 0 0 0 0 0 0 0 0 0],301,2022-01-31 15:50:00,278,81
+33609925333,300,False,[0 0 0 0 0 0 0 0 0 0 0 0],300,2022-01-31 17:41:04,279,81
+33609925333,73,False,[0 0 0],73,2022-01-31 17:47:11,280,81
+33611174432,300,False,[0 0 0 0 0 0 0 0 0 0],300,2022-01-11 11:28:49,281,82
+33611174432,327,False,[0 0],327,2022-01-11 11:33:07,282,82
+33611174432,19,False,[0],19,2022-01-11 11:56:57,283,82
+33611174432,32,False,[0 0],32,2022-01-11 14:17:13,284,82
+33611174432,618,not reached,,,2022-01-11 14:17:53,285,82
+33611174432,18,False,[0],18,2022-01-13 09:32:38,286,82
+33611174432,105,False,[0 0 0 0],105,2022-01-13 14:14:20,287,82
+33611174432,252,False,[0 0 0 0 0 0 0 0 0 0],252,2022-01-13 14:17:23,288,82
+33611174432,300,False,[0 0 0 0 0 0 0 0 0 0 0 0],300,2022-01-13 14:23:46,289,82
+33611174432,0,not reached,,,2022-01-13 14:29:08,290,82
+33611174432,300,False,[0 0 0 0 0 0 0 0 0 0 0 0],300,2022-01-13 14:29:47,291,82
+33611174432,6,False,[0],6,2022-01-13 14:35:04,292,82
+33611174432,56,False,[0 0 0],56,2022-01-13 15:19:11,293,82
+33611174432,32,False,[0 0],32,2022-01-14 14:02:02,294,82
+33611174432,0,not reached,,,2022-01-14 14:02:40,295,82
+33611174432,0,not reached,,,2022-01-14 14:25:57,296,82
+33611174432,715,True,[673],42,2022-01-14 14:26:18,297,82
+33611174432,57,not reached,,,2022-01-14 14:49:52,298,82
+33611174432,21,False,[0],21,2022-01-14 14:55:33,299,82
+33611174432,12,False,[0],12,2022-01-14 15:20:05,300,82
+33611174432,25,False,[0],25,2022-01-14 15:45:08,301,82
+33611174432,78,False,[0 0 0],78,2022-01-17 14:10:39,302,82
+33611174432,0,not reached,,,2022-01-17 14:12:06,303,82
+33611174432,220,False,[0 0 0 0 0 0 0 0 0],220,2022-01-17 14:12:33,304,82
+33611174432,1039,not reached,,,2022-01-17 14:16:23,305,82
+33611174432,378,not reached,,,2022-01-17 14:54:00,306,82
+33611174432,0,not reached,,,2022-01-21 10:00:16,307,82
+33611174432,15,False,[0],15,2022-01-21 10:01:06,308,82
+33611701586,300,False,[0 0],300,2022-01-05 09:21:47,309,83
+33611701586,167,not reached,,,2022-01-05 09:27:05,310,83
+33611701586,290,True,[  0 253],37,2022-01-07 09:27:17,311,83
+33612796452,0,not reached,,,2022-01-14 14:30:58,312,84
+33612796452,125,not reached,,,2022-01-14 14:31:44,313,84
+33612811440,0,not reached,,,2022-01-17 17:29:01,314,85
+33612811440,0,not reached,,,2022-01-18 16:22:49,315,85
+33612811440,10,not reached,,,2022-01-19 10:35:42,316,85
,,not reached,,,,317,
+33612811440,132,False,[0],132,2022-01-19 10:36:39,318,85
+33612811440,0,not reached,,,2022-01-25 14:33:47,319,85
+33613100765,418,True,[  0   0 236],182,2022-01-18 15:51:51,320,86
+33613215798,228,True,[209],19,2022-01-31 15:59:30,321,87
,,True,[661],,,322,
+33615736247,306,not reached,,,2022-01-20 14:35:47,323,89
+33615736247,0,not reached,,,2022-01-25 14:20:46,324,89
+33615736247,0,not reached,,,2022-01-25 14:21:42,325,89
+33616238436,217,False,[0 0 0 0 0 0 0 0 0],217,2022-01-10 09:12:38,326,90
+33617081813,284,True,[8],276,2022-01-12 15:02:55,327,91
+33617081813,256,True,[  0 226],30,2022-01-12 15:09:45,328,91
+33617081813,370,not reached,,,2022-01-20 10:30:25,329,91
+33617081813,60,True,[43],17,2022-01-20 10:41:57,330,91
+33617081813,300,False,[0 0 0 0 0 0 0 0 0 0 0 0],300,2022-01-25 17:41:11,331,91
+33617081813,146,not reached,,,2022-01-25 17:46:29,332,91
+33617393324,300,False,[0 0 0 0 0 0 0 0 0],300,2022-01-03 10:20:22,333,92
+33617393324,302,False,[0 0 0 0 0 0 0 0 0 0 0 0],302,2022-01-03 10:25:38,334,92
+33617393324,11,not reached,,,2022-01-03 10:30:56,335,92
,,not reached,,,,336,
+33617393324,232,True,[187],45,2022-01-05 16:07:17,337,92
+33619922832,0,not reached,,,2022-01-13 15:30:03,338,93
+33619922832,189,True,[  0 148],41,2022-01-13 15:30:56,339,93
+33620307729,443,not reached,,,2022-01-24 10:57:34,340,94
+33620417052,130,True,[ 0 94],36,2022-01-06 16:18:33,341,95
+33620594874,229,True,[  0   0 172],57,2022-01-24 10:00:43,342,96
+33621108133,446,True,[  0   0   0   0 322],124,2022-01-13 10:39:39,343,97
+33621108133,433,not reached,,,2022-01-13 11:04:04,344,97
+33621108133,0,not reached,,,2022-01-18 11:31:05,345,97
+33621108133,70,True,[ 0 36],34,2022-01-18 11:32:08,346,97
+33621108133,0,not reached,,,2022-01-18 11:45:39,347,97
+33621108133,13,not reached,,,2022-01-19 14:21:05,348,97
,,not reached,,,,349,
+33621108133,0,not reached,,,2022-01-21 16:01:22,350,97
+33621108133,196,False,[0 0 0 0 0 0 0 0],196,2022-01-21 16:02:16,351,97
+33621108133,0,not reached,,,2022-01-25 16:10:52,352,97
+33621108133,0,not reached,,,2022-01-27 11:07:44,353,97
+33621108133,300,False,[0 0 0 0 0 0 0 0 0 0 0 0],300,2022-01-27 11:09:20,354,97
+33621533629,284,True,[  0 241],43,2022-01-05 09:46:29,355,98
+33622032722,0,not reached,,,2022-01-17 16:30:09,356,99
+33622032722,497,not reached,,,2022-01-18 09:56:37,357,99
+33622712457,423,True,[411],12,2022-01-31 14:51:49,358,100
+33622740669,77,not reached,,,2022-01-04 15:47:16,359,101
+33622740669,215,True,[ 0  0  0  0  0  0 40],175,2022-01-10 14:23:20,360,101
+33622740669,258,False,[0 0 0 0 0 0 0 0 0 0],258,2022-01-14 17:52:06,361,101
+33624630032,278,not reached,,,2022-01-20 15:44:46,362,102
+33625910134,132,True,[113],19,2022-01-12 14:18:56,363,103
+33626453828,289,True,[  0   0   0   0   0 151],138,2022-01-21 15:15:07,364,104
+33626453828,300,False,[0 0 0 0 0 0 0 0 0 0 0 0],300,2022-01-24 16:30:29,365,104
+33626453828,300,False,[0 0 0 0 0 0 0 0 0 0 0 0],300,2022-01-24 16:35:57,366,104
+33626453828,301,False,[0 0 0 0 0 0 0 0 0 0 0 0],301,2022-01-24 16:45:09,367,104
+33626453828,397,True,[382],15,2022-01-24 16:58:44,368,104
+33627137127,412,not reached,,,2022-01-19 15:27:15,369,105
+33627137127,126,not reached,,,2022-01-19 16:07:32,370,105
+33627262678,300,False,[0 0 0 0 0 0 0 0 0 0 0 0],300,2022-01-03 16:13:46,371,106
+33627262678,349,True,[333],16,2022-01-03 16:19:02,372,106
+33627471888,300,False,[0 0 0 0 0 0 0 0 0 0 0 0],300,2022-01-14 10:03:54,373,107
+33627471888,300,False,[0 0 0 0 0 0 0 0 0 0],300,2022-01-14 10:09:09,374,107
+33627471888,0,not reached,,,2022-01-14 10:14:33,375,107
+33627471888,0,not reached,,,2022-01-14 10:15:57,376,107
+33627471888,300,False,[0 0 0 0 0 0 0 0 0 0 0],300,2022-01-17 14:22:14,377,107
+33627471888,0,not reached,,,2022-01-17 14:27:34,378,107
+33627471888,76,True,[ 0 47],29,2022-01-20 16:26:16,379,107
,,not reached,,,,380,
+33630307340,156,True,[  0 112],44,2022-01-31 15:31:22,381,109
+33630307340,147,True,[ 0  0 89],58,2022-01-31 16:58:55,382,109
+33630855345,300,False,[0 0 0 0 0 0 0 0 0 0 0 0],300,2022-01-03 14:22:47,383,110
+33630855345,300,False,[0 0 0 0 0 0 0 0 0 0 0 0],300,2022-01-03 14:27:59,384,110
+33631025116,313,True,[  0   0 248],65,2022-01-26 16:09:19,385,111
+33631025116,1146,True,[   0    0 1089],57,2022-01-26 16:22:54,386,111
+33631444094,147,not reached,,,2022-01-24 15:38:10,387,112
+33631967697,711,not reached,,,2022-01-25 15:38:23,388,113
+33631967697,0,not reached,,,2022-01-26 09:11:23,389,113
+33631967697,0,not reached,,,2022-01-26 09:12:03,390,113
+33631967697,0,not reached,,,2022-01-26 09:13:15,391,113
+33631967697,300,False,[0 0 0 0 0 0 0 0 0 0 0 0],300,2022-01-26 09:14:00,392,113
+33631967697,0,not reached,,,2022-01-26 09:19:31,393,113
+33631967697,0,not reached,,,2022-01-26 09:34:15,394,113
+33631967697,192,not reached,,,2022-01-26 09:47:01,395,113
+33631967697,64,not reached,,,2022-01-26 10:02:49,396,113
+33631967697,0,not reached,,,2022-01-26 14:10:16,397,113
+33631967697,0,not reached,,,2022-01-26 14:23:40,398,113
+33631967697,0,not reached,,,2022-01-26 15:26:08,399,113
,,not reached,,,,400,
+33632393399,301,False,[0 0 0 0 0 0 0 0 0 0 0 0],301,2022-01-31 09:35:40,401,115
+33632393399,150,False,[0 0 0 0 0 0],150,2022-01-31 09:40:52,402,115
+33632393399,0,not reached,,,2022-01-31 09:43:29,403,115
+33632393399,300,False,[0],300,2022-01-31 09:45:27,404,115
+33632393399,195,not reached,,,2022-01-31 09:59:22,405,115
+33632393399,183,True,[  0 152],31,2022-01-31 10:02:54,406,115
,,True,[  0 723],,,407,
+33633336464,180,False,[0 0],180,2022-01-20 10:53:19,408,117
+33633336464,82,not reached,,,2022-01-20 10:57:40,409,117
+33633336464,231,not reached,,,2022-01-20 14:44:09,410,117
+33633524768,0,not reached,,,2022-01-07 10:49:27,411,118
+33633524768,0,not reached,,,2022-01-07 10:50:27,412,118
+33633532505,129,False,[0 0 0 0 0],129,2022-01-12 10:50:46,413,119
+33633532505,0,not reached,,,2022-01-12 10:53:07,414,119
+33633565979,300,False,[0 0],300,2022-01-14 10:04:29,415,120
+33633565979,300,False,[0 0],300,2022-01-14 10:09:50,416,120
+33633565979,0,not reached,,,2022-01-14 10:18:47,417,120
+33633565979,0,not reached,,,2022-01-14 10:19:45,418,120
+33633565979,293,False,[0 0 0 0 0 0 0 0 0 0 0],293,2022-01-31 16:12:56,419,120
+33633565979,42,not reached,,,2022-01-31 16:17:59,420,120
+33633664493,300,False,[0 0 0 0 0 0 0 0 0 0 0 0],300,2022-01-04 10:38:38,421,121
+33633664493,300,False,[0 0 0 0 0 0 0 0 0 0 0 0],300,2022-01-04 14:39:58,422,121
+33633664493,232,False,[0 0 0 0 0 0 0 0 0],232,2022-01-04 14:45:22,423,121
+33633664493,300,False,[0 0 0 0 0 0 0 0 0 0 0],300,2022-01-05 11:56:35,424,121
+33633664493,37,False,[0 0],37,2022-01-05 16:41:22,425,121
+33633664493,0,not reached,,,2022-01-05 16:42:13,426,121
+33633664493,0,not reached,,,2022-01-05 16:43:09,427,121
+33633664493,240,False,[0 0 0 0 0 0 0 0 0],240,2022-01-05 17:34:02,428,121
+33633664493,0,not reached,,,2022-01-10 14:03:25,429,121
+33633664493,268,False,[0 0 0 0 0 0 0 0 0 0],268,2022-01-10 14:04:21,430,121
+33633761403,300,False,[0 0 0 0 0 0 0 0 0 0 0 0],300,2022-01-21 11:06:53,431,122
+33633761403,116,False,[0 0 0 0 0],116,2022-01-21 11:47:46,432,122
+33633761403,383,not reached,,,2022-01-21 11:49:54,433,122
+33633924936,0,not reached,,,2022-01-13 16:25:05,434,123
+33634692795,300,False,[0 0 0 0 0 0 0 0 0 0 0 0],300,2022-01-04 17:43:51,435,124
+33635251424,0,not reached,,,2022-01-11 11:37:41,436,125
,,not reached,,,,437,
+33637563268,269,True,[  0 235],34,2022-01-21 10:13:20,438,127
+33642084897,0,not reached,,,2022-01-21 14:45:55,439,128
+33642084897,0,not reached,,,2022-01-21 14:59:01,440,128
+33642084897,0,not reached,,,2022-01-21 15:13:41,441,128
+33642084897,237,not reached,,,2022-01-21 15:27:22,442,128
+33643502242,301,True,[  0   0   0   0 190],111,2022-01-11 14:58:05,443,129
+33643502242,226,True,[  0   0   0 140],86,2022-01-11 15:07:50,444,129
+33645478425,258,True,[  0 225],33,2022-01-28 14:35:24,445,130
+33647153810,300,False,[0 0 0 0 0 0 0 0 0 0],300,2022-01-12 15:24:13,446,131
+33647153810,145,True,[0 0 0 0 0 1],144,2022-01-12 15:29:42,447,131
+33648544291,65,False,[0 0 0],65,2022-01-27 16:35:11,448,132
+33649371808,214,True,[  0   0 143],71,2022-01-17 17:25:44,449,133
+33651868399,287,False,[0 0 0 0 0 0 0 0 0 0 0],287,2022-01-28 17:13:31,450,134
+33652370021,300,False,[0 0 0 0 0 0 0 0 0 0 0 0],300,2022-01-11 16:24:03,451,135
+33652370021,285,not reached,,,2022-01-20 17:28:16,452,135
+33658187049,32,False,[0 0],32,2022-01-18 11:26:06,453,136
+33658497391,243,True,[  0   0   0 159],84,2022-01-05 14:38:26,454,137
+33658497391,93,True,[ 0 62],31,2022-01-05 15:33:07,455,137
+33658497391,89,False,[0 0 0 0],89,2022-01-05 16:24:46,456,137
+33658497391,179,False,[0 0 0 0 0 0 0],179,2022-01-05 16:28:01,457,137
+33658497391,2,False,[0],2,2022-01-05 16:34:31,458,137
+33658898832,161,True,[  0 121],40,2022-01-05 11:22:31,459,138
+33658898832,323,True,[  0   0 266],57,2022-01-10 10:03:59,460,138
+33660803629,301,False,[0 0 0 0 0 0 0 0 0 0 0 0],301,2022-01-10 16:48:11,461,139
+33660803629,300,False,[0 0 0 0 0 0 0 0 0 0 0 0],300,2022-01-10 16:53:31,462,139
+33660803629,437,True,[429],8,2022-01-11 14:43:06,463,139
+33660803629,300,False,[0 0 0 0 0 0 0 0 0 0 0 0],300,2022-01-11 15:46:30,464,139
+33660803629,520,True,[  0   0 376],144,2022-01-11 16:04:25,465,139
+33660803629,356,True,[345],11,2022-01-11 16:39:29,466,139
+33660803629,253,False,[0 0 0 0 0 0 0 0 0 0],253,2022-01-14 11:38:42,467,139
+33660803629,224,False,[0 0 0 0 0 0 0 0 0],224,2022-01-14 11:46:31,468,139
+33660803629,322,True,[302],20,2022-01-14 15:03:55,469,139
+33660803629,321,True,[261],60,2022-01-24 10:23:34,470,139
+33660803629,0,not reached,,,2022-01-26 16:59:47,471,139
+33661122520,0,not reached,,,2022-01-26 15:13:58,472,140
+33661122520,130,False,[0 0 0],130,2022-01-26 15:15:48,473,140
+33661122520,64,False,[0 0 0],64,2022-01-27 11:16:21,474,140
+33661122520,0,not reached,,,2022-01-27 11:17:50,475,140
+33661122520,0,not reached,,,2022-01-28 14:51:01,476,140
+33661122520,0,not reached,,,2022-01-28 14:56:50,477,140
+33661122520,45,False,[0 0],45,2022-01-28 15:59:11,478,140
+33661122520,0,not reached,,,2022-01-28 16:00:09,479,140
+33661122520,0,not reached,,,2022-01-31 10:34:32,480,140
+33661122520,530,True,[  0 498],32,2022-01-31 10:35:29,481,140
+33661806074,301,False,[0 0 0 0 0 0 0 0 0 0 0 0],301,2022-01-27 14:38:15,482,141
+33661806074,281,False,[0 0 0 0 0 0 0 0 0 0 0],281,2022-01-27 14:43:36,483,141
+33661806074,59,not reached,,,2022-01-27 14:48:28,484,141
+33661806074,233,True,[  0 202],31,2022-01-27 14:50:46,485,141
+33661806074,51,True,[38],13,2022-01-28 14:20:25,486,141
+33661806074,143,True,[ 0  0  0 56],87,2022-01-28 15:37:20,487,141
+33661806074,300,False,[0 0 0 0 0 0 0 0 0 0 0],300,2022-01-28 17:17:51,488,141
+33661806074,300,False,[0 0 0 0 0 0 0 0 0 0 0 0],300,2022-01-28 17:23:06,489,141
+33661806074,142,False,[0 0 0 0 0 0],142,2022-01-28 17:28:18,490,141
+33661806074,237,False,[0 0 0 0 0 0 0 0 0],237,2022-01-28 17:34:23,491,141
+33662190685,39,not reached,,,2022-01-05 14:15:35,492,142
+33662190685,89,not reached,,,2022-01-05 14:16:37,493,142
+33662475438,339,not reached,,,2022-01-05 11:30:50,494,143
+33662816504,209,not reached,,,2022-01-13 15:34:06,495,144
+33662816504,300,False,[0 0 0 0 0 0 0 0 0 0 0 0],300,2022-01-18 16:12:08,496,144
+33662816504,120,not reached,,,2022-01-27 14:35:54,497,144
+33663034891,301,False,[0 0 0 0 0 0 0 0 0 0 0 0],301,2022-01-31 09:19:55,498,145
+33663093719,0,not reached,,,2022-01-12 09:09:55,499,146
+33663093719,59,False,[0 0 0],59,2022-01-12 09:11:17,500,146
+33663093719,18,not reached,,,2022-01-12 09:57:56,501,146
+33663093719,0,not reached,,,2022-01-12 09:58:40,502,146
+33663093719,177,not reached,,,2022-01-12 10:00:48,503,146
+33663093719,335,True,[317],18,2022-01-21 09:43:10,504,146
+33663093719,182,False,[0 0 0 0 0 0 0],182,2022-01-21 14:10:03,505,146
+33663093719,183,True,[  0   0 126],57,2022-01-21 15:05:41,506,146
+33663093719,179,False,[0 0 0 0 0 0 0],179,2022-01-21 16:24:40,507,146
+33663093719,41,not reached,,,2022-01-21 17:17:31,508,146
+33663203130,515,True,[499],16,2022-01-21 17:26:01,509,147
+33663342878,685,True,[  0   0   0   0   0   0 518],167,2022-01-12 16:01:16,510,148
+33663651705,300,False,[0 0 0 0 0 0 0 0 0 0 0 0],300,2022-01-03 11:47:15,511,149
+33663651705,9,not reached,,,2022-01-03 16:26:18,512,149
,,not reached,,,,513,
+33663651705,191,True,[  0   0 120],71,2022-01-03 16:29:01,514,149
+33663651705,0,not reached,,,2022-01-04 14:20:52,515,149
+33663651705,251,not reached,,,2022-01-04 16:28:57,516,149
+33663651705,0,not reached,,,2022-01-10 14:27:52,517,149
+33663651705,0,not reached,,,2022-01-10 15:27:15,518,149
+33663651705,0,not reached,,,2022-01-10 15:31:31,519,149
+33663651705,262,not reached,,,2022-01-10 15:40:45,520,149
+33663995593,0,not reached,,,2022-01-17 11:00:23,521,150
+33663995593,0,not reached,,,2022-01-17 11:01:42,522,150
+33663995593,0,not reached,,,2022-01-17 11:05:31,523,150
+33663995593,142,False,[0 0 0 0 0 0],142,2022-01-17 11:08:13,524,150
+33663995593,11,not reached,,,2022-01-19 11:41:24,525,150
,,not reached,,,,526,
+33664234929,263,True,[  0 232],31,2022-01-21 14:50:26,527,151
+33664875881,132,not reached,,,2022-01-10 14:41:15,528,152
+33666973566,55,False,[0 0 0],55,2022-01-10 10:01:27,529,153
+33666973566,0,not reached,,,2022-01-10 10:02:33,530,153
+33667050996,0,not reached,,,2022-01-21 16:50:44,531,154
+33667050996,0,not reached,,,2022-01-21 16:51:34,532,154
+33667050996,0,not reached,,,2022-01-21 16:52:24,533,154
+33667050996,106,not reached,,,2022-01-21 17:00:24,534,154
+33668308717,287,True,[274],13,2022-01-10 10:40:26,535,155
+33668502930,91,True,[74],17,2022-01-13 11:15:03,536,156
+33668502930,64,False,[0 0 0],64,2022-01-24 10:23:16,537,156
+33668502930,197,True,[  0   0   0 111],86,2022-01-24 10:57:07,538,156
+33668788541,0,not reached,,,2022-01-04 14:29:01,539,157
+33669606895,516,not reached,,,2022-01-06 15:30:56,540,158
+33669606895,7,not reached,,,2022-01-06 15:46:54,541,158
,,not reached,,,,542,
+33669606895,938,not reached,,,2022-01-06 15:48:44,543,158
+33669606895,0,not reached,,,2022-01-07 14:30:54,544,158
+33669606895,0,not reached,,,2022-01-07 15:22:16,545,158
+33669606895,0,not reached,,,2022-01-10 09:40:40,546,158
+33669606895,0,not reached,,,2022-01-10 14:19:06,547,158
+33669606895,62,not reached,,,2022-01-10 14:46:47,548,158
+33669606895,0,not reached,,,2022-01-21 14:45:08,549,158
+33670310281,300,False,[0 0 0 0 0 0 0 0 0 0 0 0],300,2022-01-10 17:10:39,550,159
+33670310281,301,False,[0 0 0 0 0 0 0 0 0 0 0 0],301,2022-01-10 17:18:23,551,159
+33672819873,216,True,[  0 174],42,2022-01-03 14:40:01,552,160
+33673195931,301,False,[0 0 0 0 0 0 0 0 0 0 0 0],301,2022-01-27 11:30:54,553,161
+33673195931,0,not reached,,,2022-01-27 11:36:12,554,161
+33673195931,300,False,[0 0 0 0 0 0 0 0 0 0 0 0],300,2022-01-27 11:39:31,555,161
+33673195931,300,False,[0],300,2022-01-27 11:45:00,556,161
+33673195931,683,not reached,,,2022-01-27 11:57:52,557,161
,,not reached,,,,558,
,,not reached,[  0   0 309   0   0   0   0],,,559,
+33675890059,318,False,[0 0 0 0 0],318,2022-01-06 11:41:19,560,163
,,not reached,[12  0  0  0  0  0  0  0],,,561,
+33675890059,0,not reached,,,2022-01-25 09:32:59,562,163
+33675890059,0,False,[0 0],0,2022-01-25 09:33:24,563,163
+33675890059,0,False,[0 0 0 0 0 0 0 0 0],0,2022-01-25 09:36:53,564,163
+33676115611,0,not reached,,,2022-01-28 14:34:35,565,164
+33676115611,176,False,[0 0 0 0 0 0 0],176,2022-01-28 16:02:44,566,164
+33676115611,0,not reached,,,2022-01-31 11:21:18,567,164
+33676115611,820,True,[  0   0   0   0 708],112,2022-01-31 11:22:07,568,164
,,not reached,[0 0 0 0],,,569,
+33676670807,327,True,[  0 289],38,2022-01-05 14:10:33,570,165
+33676711121,237,True,[  0   0 179],58,2022-01-03 14:18:37,571,166
+33676995648,246,True,[  0   0 179],67,2022-01-11 16:01:33,572,167
+33676995648,300,False,[0 0 0 0 0 0 0 0 0 0 0 0],300,2022-01-12 14:56:28,573,167
+33676995648,320,True,[70],250,2022-01-12 15:01:47,574,167
+33676995648,300,False,[0 0 0 0 0 0 0 0 0 0 0 0],300,2022-01-13 09:23:46,575,167
+33676995648,123,False,[0 0 0 0 0],123,2022-01-13 09:34:20,576,167
+33676995648,170,True,[154],16,2022-01-13 09:44:42,577,167
+33676995648,300,False,[0 0 0 0 0 0 0 0 0],300,2022-01-17 16:56:55,578,167
+33676995648,591,True,[583],8,2022-01-17 17:02:15,579,167
+33677043232,81,True,[ 0 48],33,2022-01-18 09:32:05,580,168
+33677120713,300,False,[0 0 0],300,2022-01-11 11:30:03,581,169
+33678164316,0,not reached,,,2022-01-06 10:22:52,582,170
+33678164316,0,not reached,,,2022-01-06 10:25:18,583,170
+33678164316,0,not reached,,,2022-01-19 09:57:12,584,170
+33678898602,117,not reached,,,2022-01-03 10:29:54,585,171
+33678898602,173,False,[0 0 0 0 0 0 0],173,2022-01-11 09:32:29,586,171
+33678898602,0,not reached,,,2022-01-11 09:35:36,587,171
+33679047358,300,False,[0 0 0 0 0 0 0 0 0 0 0 0],300,2022-01-26 17:35:27,588,172
+33679047358,301,False,[0 0 0 0 0 0 0 0 0 0 0 0],301,2022-01-26 17:40:48,589,172
+33679047358,300,False,[0 0 0 0 0 0 0 0 0 0 0 0],300,2022-01-27 16:48:24,590,172
+33679443299,0,not reached,,,2022-01-05 16:36:54,591,173
+33679443299,0,not reached,,,2022-01-05 16:37:50,592,173
+33679443299,0,not reached,,,2022-01-05 16:39:06,593,173
+33679443299,0,not reached,,,2022-01-05 16:40:09,594,173
+33679443299,242,not reached,,,2022-01-05 16:41:29,595,173
+33680003488,0,not reached,,,2022-01-07 16:32:07,596,174
+33680003488,0,not reached,,,2022-01-07 16:32:56,597,174
+33680003488,152,True,[ 0  0  0 66],86,2022-01-07 16:34:12,598,174
+33680003488,0,not reached,,,2022-01-12 14:37:13,599,174
+33680003488,0,not reached,,,2022-01-12 14:38:04,600,174
+33680003488,301,False,[0 0 0 0 0 0 0 0 0 0 0 0],301,2022-01-19 16:45:56,601,174
+33680003488,158,False,[0 0 0 0 0 0],158,2022-01-19 16:51:12,602,174
+33680003488,207,not reached,,,2022-01-19 16:53:57,603,174
+33680512372,0,not reached,,,2022-01-17 15:44:08,604,175
+33680512372,0,not reached,,,2022-01-17 15:44:50,605,175
+33680512372,457,not reached,,,2022-01-17 15:48:53,606,175
+33681374820,301,False,[0 0 0 0 0 0 0 0 0 0 0 0],301,2022-01-12 10:04:17,607,176
+33681374820,151,False,[0 0 0 0 0 0],151,2022-01-12 10:09:34,608,176
+33681374820,397,True,[  0   0   0   0 236],161,2022-01-20 10:49:58,609,176
+33681374820,265,True,[  0   0 206],59,2022-01-25 15:33:37,610,176
+33681541196,0,not reached,,,2022-01-24 09:08:24,611,177
+33681541196,203,False,[0 0 0 0 0 0 0 0],203,2022-01-24 09:09:22,612,177
+33681541196,0,not reached,,,2022-01-24 09:12:55,613,177
+33681541196,0,not reached,,,2022-01-24 09:19:16,614,177
+33681541196,215,not reached,,,2022-01-24 09:44:16,615,177
+33681541196,96,not reached,,,2022-01-24 10:44:15,616,177
+33681802414,0,not reached,,,2022-01-05 10:19:36,617,178
+33681802414,0,not reached,,,2022-01-05 10:20:41,618,178
+33681802414,0,not reached,,,2022-01-05 10:22:50,619,178
+33681802414,585,not reached,,,2022-01-05 11:13:48,620,178
+33681802414,0,not reached,,,2022-01-05 15:38:24,621,178
+33681802414,0,not reached,,,2022-01-05 15:41:54,622,178
+33681802414,0,not reached,,,2022-01-05 15:45:55,623,178
+33681978847,300,True,[90],210,2022-01-26 11:08:53,624,179
+33681978847,301,False,[0 0 0 0 0 0 0],301,2022-01-26 11:15:44,625,179
+33681978847,290,False,[0 0 0 0 0 0 0 0],290,2022-01-26 11:21:01,626,179
+33681978847,156,not reached,,,2022-01-26 11:38:33,627,179
+33682525500,200,True,[191],9,2022-01-10 16:23:48,628,180
+33682525500,252,True,[  0 221],31,2022-01-14 09:36:52,629,180
+33682525500,301,False,[0 0 0 0 0 0 0 0 0 0 0 0],301,2022-01-14 09:51:55,630,180
+33682525500,301,False,[0 0],301,2022-01-14 10:05:06,631,180
+33682525500,478,True,[461],17,2022-01-14 10:24:03,632,180
+33682525500,208,False,[0 0 0 0 0 0 0 0],208,2022-01-17 09:18:40,633,180
+33682525500,300,False,[0 0 0 0 0 0 0 0 0 0 0 0],300,2022-01-17 09:22:22,634,180
+33682525500,208,True,[188],20,2022-01-17 09:54:51,635,180
+33682525500,224,False,[0 0 0 0 0 0 0 0 0],224,2022-01-17 16:54:14,636,180
+33682525500,241,False,[0],241,2022-01-17 16:58:07,637,180
+33682525500,235,not reached,,,2022-01-17 17:07:35,638,180
+33682525500,187,False,[0 0 0 0 0 0 0],187,2022-01-18 09:18:23,639,180
+33682525500,243,False,[0 0 0 0 0 0 0 0 0 0],243,2022-01-18 10:10:29,640,180
+33682525500,151,True,[  0 117],34,2022-01-18 10:55:01,641,180
+33682525500,175,True,[161],14,2022-01-18 10:59:47,642,180
+33682525500,148,not reached,,,2022-01-26 16:28:33,643,180
+33682599061,301,False,[0 0 0 0 0 0 0 0 0 0 0 0],301,2022-01-13 10:34:31,644,181
+33682599061,239,not reached,,,2022-01-13 10:40:15,645,181
+33682898059,0,not reached,,,2022-01-24 11:39:48,646,182
+33683345312,679,True,[  0 648],31,2022-01-03 15:14:43,647,183
+33683345312,0,not reached,,,2022-01-20 15:40:54,648,183
+33683345312,0,not reached,,,2022-01-20 15:41:41,649,183
+33683345312,261,False,[0 0 0 0 0 0 0 0 0 0],261,2022-01-20 15:43:36,650,183
+33683345312,0,not reached,,,2022-01-20 15:53:44,651,183
+33683345312,451,True,[  0   0   0   0   0   0   0 259],192,2022-01-20 15:54:49,652,183
+33683992106,71,False,[0 0 0],71,2022-01-28 11:27:12,653,184
+33684132472,307,True,[  0   0   0 219],88,2022-01-24 14:50:18,654,185
+33685447113,300,False,[0 0 0 0 0 0 0 0 0 0 0 0],300,2022-01-19 16:22:51,655,186
+33685447113,300,False,[0 0 0 0 0 0 0 0 0 0 0 0],300,2022-01-19 16:28:19,656,186
+33685447113,301,False,[0 0 0 0 0 0 0 0 0 0 0 0],301,2022-01-19 16:33:34,657,186
+33685447113,300,False,[0 0 0 0 0 0 0 0 0 0 0 0],300,2022-01-19 16:39:07,658,186
+33685584562,0,not reached,,,2022-01-25 16:29:57,659,187
+33685915513,197,False,[0],197,2022-01-07 11:56:23,660,188
+33685915513,105,False,[0 0 0 0],105,2022-01-07 11:59:49,661,188
+33685915513,300,False,[0 0 0 0 0 0 0 0 0 0 0 0],300,2022-01-07 14:20:02,662,188
+33685915513,43,False,[0 0],43,2022-01-07 14:26:40,663,188
+33685915513,398,True,[386],12,2022-01-07 15:04:34,664,188
+33685915513,300,False,[0 0 0 0 0 0 0],300,2022-01-12 14:29:05,665,188
+33685915513,28,False,[0 0],28,2022-01-12 14:34:21,666,188
+33685915513,309,True,[  0 274],35,2022-01-12 14:45:09,667,188
+33686404450,100,not reached,,,2022-01-10 17:06:09,668,189
+33686687097,208,False,[0 0 0 0],208,2022-01-26 11:37:54,669,190
+33687344651,424,True,[  0 385],39,2022-01-04 10:45:17,670,191
+33687344651,0,not reached,,,2022-01-05 15:28:37,671,191
+33687344651,32,False,[0 0],32,2022-01-05 15:29:33,672,191
+33687344651,300,False,[0 0 0 0 0 0 0 0 0 0 0 0],300,2022-01-07 11:03:36,673,191
+33687344651,300,False,[0 0 0 0 0 0 0 0 0 0 0 0],300,2022-01-07 11:08:52,674,191
+33687344651,133,True,[ 0 98],35,2022-01-07 11:21:42,675,191
+33687344651,300,False,[0 0 0 0 0 0 0 0 0 0 0 0],300,2022-01-07 11:30:04,676,191
+33687344651,104,True,[ 0 68],36,2022-01-14 14:24:48,677,191
+33687402700,64,False,[0 0 0],64,2022-01-27 09:26:50,678,192
+33687402700,155,True,[ 0  0 95],60,2022-01-27 10:28:21,679,192
+33687402700,300,False,[0 0 0 0 0 0 0 0 0 0],300,2022-01-28 15:38:58,680,192
+33687402700,0,not reached,,,2022-01-28 15:44:22,681,192
+33687402700,0,not reached,,,2022-01-28 15:45:27,682,192
,,not reached,,,,683,
+33687902694,301,False,[0 0 0 0 0 0 0 0 0 0 0 0],301,2022-01-05 10:58:56,684,194
+33687902694,206,False,[0 0 0 0 0 0 0 0],206,2022-01-05 11:34:43,685,194
+33687902694,300,False,[0 0 0 0 0 0 0 0 0 0 0 0],300,2022-01-05 11:38:47,686,194
+33687902694,300,False,[0 0 0 0 0 0 0 0 0 0 0 0],300,2022-01-05 11:44:02,687,194
+33687902694,632,True,[  0 603],29,2022-01-05 14:20:32,688,194
+33687902694,55,not reached,,,2022-01-05 14:38:53,689,194
+33687902694,214,False,[0 0 0 0 0],214,2022-01-05 14:40:55,690,194
+33687902694,300,False,[0 0 0 0 0 0 0 0 0 0 0 0],300,2022-01-06 10:17:05,691,194
+33687902694,341,True,[  0 295],46,2022-01-06 10:27:04,692,194
+33688260884,300,False,[0 0 0 0 0 0 0 0 0 0 0 0],300,2022-01-12 11:37:53,693,195
+33688516286,219,False,[0 0 0 0 0 0 0 0 0 0 0 0 0 0 0 0 0 0 0],219,2022-01-19 10:35:30,694,196
+33688516286,10,not reached,,,2022-01-19 10:39:22,695,196
,,not reached,,,,696,
+33688592601,387,not reached,,,2022-01-19 14:37:09,697,197
+33688765823,225,True,[  0 191],34,2022-01-10 11:45:56,698,198
+33695330453,1085,True,[   0 1054],31,2022-01-06 14:25:01,699,199
+33695330453,245,not reached,,,2022-01-06 14:43:41,700,199
+33695330453,0,not reached,,,2022-01-20 09:21:34,701,199
+33695330453,285,False,[0 0 0 0 0 0 0 0 0 0 0],285,2022-01-20 09:37:57,702,199
+33695330453,0,not reached,,,2022-01-20 09:51:11,703,199
+33695330453,102,True,[ 0 68],34,2022-01-20 09:54:27,704,199
+33695330453,0,not reached,,,2022-01-20 16:49:14,705,199
+33695330453,0,not reached,,,2022-01-21 11:22:58,706,199
+33695330453,0,not reached,,,2022-01-21 11:30:42,707,199
+33695330453,497,True,[482],15,2022-01-21 11:33:36,708,199
+33695330453,0,not reached,,,2022-01-24 09:18:15,709,199
+33695330453,300,False,[0 0 0 0 0 0 0 0 0 0 0 0],300,2022-01-24 09:19:17,710,199
+33695330453,301,False,[0 0 0 0 0 0 0 0 0 0 0 0],301,2022-01-24 09:29:01,711,199
,,not reached,,,,712,
+33750019010,0,not reached,,,2022-01-24 10:58:45,713,201
+33750019010,0,not reached,,,2022-01-24 10:59:54,714,201
+33760121990,226,False,[0 0 0 0 0 0 0 0 0],226,2022-01-20 17:21:17,715,202
+33760121990,111,False,[0 0 0 0 0],111,2022-01-20 17:25:15,716,202
+33760121990,0,not reached,,,2022-01-20 17:27:15,717,202
+33760121990,34,not reached,,,2022-01-21 17:16:29,718,202
+33760121990,0,not reached,,,2022-01-21 17:17:10,719,202
+33760121990,0,not reached,,,2022-01-21 17:18:16,720,202
+33762299474,118,not reached,,,2022-01-19 15:17:24,721,203
+33762299474,0,not reached,,,2022-01-21 11:24:04,722,203
+33762299474,0,not reached,,,2022-01-24 10:02:36,723,203
+33762299474,114,not reached,,,2022-01-24 14:52:13,724,203
+33765176669,0,not reached,,,2022-01-21 16:43:29,725,204
+33765176669,112,False,[0 0 0 0 0],112,2022-01-21 16:44:22,726,204
+33765176669,138,True,[ 0 93],45,2022-01-25 11:08:34,727,204
+33768407707,300,False,[0 0 0 0 0 0 0 0 0 0 0 0],300,2022-01-20 15:31:41,728,205
+33768410756,442,True,[  0 403],39,2022-01-05 15:05:54,729,206
+33768410756,115,False,[0 0 0 0 0],115,2022-01-05 15:16:09,730,206
+33768410756,231,True,[  0   0 173],58,2022-01-05 15:20:13,731,206
+33769494028,0,not reached,,,2022-01-13 15:57:36,732,207
+33769494028,255,False,[0 0 0 0 0 0 0 0 0 0],255,2022-01-13 15:58:30,733,207
+33771434142,0,not reached,,,2022-01-12 15:00:27,734,208
+33771434142,261,False,[0 0 0 0 0 0 0 0 0 0],261,2022-01-12 15:01:27,735,208
+33771434142,0,not reached,,,2022-01-12 15:07:55,736,208
,,not reached,,,,737,
+33771567069,0,not reached,,,2022-01-27 09:25:58,738,209
+33771567069,0,not reached,,,2022-01-27 09:26:50,739,209
,,not reached,,,,740,
,,not reached,,,,741,
+33771567069,186,not reached,,,2022-01-27 14:37:33,742,209
+33771932745,0,not reached,,,2022-01-06 09:44:37,743,210
+33771932745,300,False,[0 0 0 0 0 0 0 0 0 0 0 0],300,2022-01-06 09:45:22,744,210
+33778802136,301,False,[0 0 0 0 0 0 0 0 0 0 0],301,2022-01-27 16:07:42,745,211
+33778802136,141,not reached,,,2022-01-27 16:12:59,746,211
+33778802136,301,False,[0 0 0 0 0 0 0 0 0 0 0 0 0 0 0 0 0 0],301,2022-01-28 10:00:22,747,211
+33778802136,300,False,[0 0 0 0 0 0 0 0 0 0],300,2022-01-28 10:18:22,748,211
+33778802136,300,False,[0 0 0],300,2022-01-28 14:06:07,749,211
+33782320399,305,True,[  0 265],40,2022-01-10 14:15:14,750,212
+33782320399,254,False,[0 0 0 0 0 0 0 0 0 0],254,2022-01-18 14:32:53,751,212
+33782320399,283,False,[0 0 0 0 0 0 0 0 0 0 0],283,2022-01-18 14:37:24,752,212
+33782320399,0,not reached,,,2022-01-18 14:42:20,753,212
+33782320399,889,True,[877],12,2022-01-18 15:01:58,754,212
+33782320399,96,True,[80],16,2022-01-24 10:29:18,755,212
+33782320399,81,False,[0 0 0 0 0 0 0 0 0 0 0 0],81,2022-01-28 09:16:02,756,212
,,not reached,,,,757,
+33782960856,300,False,[0 0 0 0 0 0 0 0 0 0 0 0],300,2022-01-24 14:15:51,758,214
+33784082864,522,not reached,,,2022-01-04 15:12:36,759,215
+33784082864,0,not reached,,,2022-01-10 14:22:38,760,215
+33784082864,0,not reached,,,2022-01-10 14:24:01,761,215
+33784082864,69,not reached,,,2022-01-10 17:56:55,762,215
+33784082864,66,not reached,,,2022-01-18 11:42:59,763,215
+33784082864,380,True,[372],8,2022-01-21 17:12:56,764,215
+33786527951,575,not reached,,,2022-01-31 16:53:28,765,216
+33786816397,293,False,[0 0 0 0 0 0 0 0 0 0 0],293,2022-01-18 16:17:46,766,217
+33787320783,0,not reached,,,2022-01-20 10:34:20,767,218
+33787320783,0,not reached,,,2022-01-20 10:34:41,768,218
+33788033628,0,not reached,,,2022-01-13 10:02:31,769,219
+33789007764,0,not reached,,,2022-01-04 14:00:36,770,220
+33789007764,119,not reached,,,2022-01-04 14:01:32,771,220
+33789007764,154,True,[  0 112],42,2022-01-05 16:58:47,772,220
+33789007764,84,not reached,,,2022-01-05 17:01:32,773,220
+33789007764,192,True,[179],13,2022-01-05 17:03:37,774,220
+33789088957,300,False,[0 0 0 0 0 0],300,2022-01-17 14:48:46,775,221
+33789088957,238,True,[  0   0   0   0 121],117,2022-01-17 14:59:32,776,221
+33970728326,0,not reached,,,2022-01-21 17:48:11,777,222
+33970728326,949,not reached,,,2022-01-24 11:49:27,778,222
+33972137841,0,not reached,,,2022-01-20 09:45:14,779,223
+33972137841,0,not reached,,,2022-01-20 09:46:42,780,223
+33973441266,210,True,[  0   0 154],56,2022-01-31 16:08:37,781,224
+33974592040,86,False,[0 0 0 0],86,2022-01-19 15:51:46,782,225
+33974592040,72,not reached,,,2022-01-19 15:53:25,783,225
+33981607089,300,False,[0 0 0 0 0 0 0 0 0 0 0 0],300,2022-01-25 11:12:43,784,226
+34610338125,40,not reached,,,2022-01-21 15:56:54,785,227
+34685178726,0,not reached,,,2022-01-26 17:28:32,786,228
+34685178726,0,not reached,,,2022-01-26 17:29:55,787,228
+35224782,0,not reached,,,2022-01-27 11:50:14,788,229
+352285528202,300,False,[0 0 0 0 0 0 0 0 0 0 0 0],300,2022-01-10 14:49:54,789,230
+352285528202,300,False,[0 0 0 0 0 0 0 0 0 0 0 0],300,2022-01-10 15:03:49,790,230
+352285528202,300,False,[0 0 0 0 0 0 0 0 0 0 0 0],300,2022-01-10 15:09:10,791,230
+352523680382,87,True,[36],51,2022-01-26 11:32:20,792,231
+352523680382,0,not reached,,,2022-01-26 11:34:03,793,231
+352523680382,0,not reached,,,2022-01-26 11:34:35,794,231
+352523680382,0,not reached,,,2022-01-26 11:35:44,795,231
+41791276192,115,True,[103],12,2022-01-26 10:52:50,796,232
+441778309950,43,False,[0 0],43,2022-01-12 09:46:07,797,233
+441778309954,300,False,[0 0 0 0 0 0 0 0 0 0 0 0],300,2022-01-12 09:47:44,798,234
+441778309954,300,False,[0 0 0 0 0 0 0 0 0 0 0 0],300,2022-01-12 09:58:47,799,234
+44441932963733,20,not reached,,,2022-01-11 16:39:58,800,235
+4915120101825,300,False,[0 0 0 0 0 0 0 0 0 0 0],300,2022-01-05 09:04:10,801,236
+491785211328,301,False,[0 0 0 0 0 0 0 0 0 0 0 0 0 0 0 0 0 0 0 0 0 0 0 0 0 0 0 0 0 0 0 0],301,2022-01-19 09:14:51,802,237
+491785211328,300,False,"[0 0 0 0 0 0 0 0 0 0 0 0 0 0 0 0 0 0 0 0 0 0 0 0 0 0 0 0 0 0 0 0 0 0 0 0 0
 0 0 0 0 0 0]",300,2022-01-19 09:21:51,803,237
+494731209450,301,False,[0 0 0 0 0 0 0 0 0],301,2022-01-27 16:11:04,804,238
+494731209450,300,False,[0 0 0 0 0 0 0 0 0 0 0 0],300,2022-01-27 16:16:23,805,238
+494731209450,300,False,[0 0 0 0 0 0 0 0 0 0 0 0],300,2022-01-27 17:12:00,806,238
+494731209450,300,False,"[0 0 0 0 0 0 0 0 0 0 0 0 0 0 0 0 0 0 0 0 0 0 0 0 0 0 0 0 0 0 0 0 0 0 0 0 0
 0 0 0 0 0 0]",300,2022-01-28 09:02:11,807,238
+494731209450,0,not reached,,,2022-01-28 09:07:36,808,238
+590690458648,205,not reached,,,2022-01-17 17:08:44,809,239
+590690458648,0,not reached,,,2022-01-17 17:12:22,810,239
+590690458648,284,True,[  0 250],34,2022-01-19 15:04:39,811,239
+594694937374,417,True,[  0 384],33,2022-01-25 16:13:02,812,240
+594694937374,601,not reached,,,2022-01-25 16:22:20,813,240
+687842280,301,False,"[0 0 0 0 0 0 0 0 0 0 0 0 0 0 0 0 0 0 0 0 0 0 0 0 0 0 0 0 0 0 0 0 0 0 0 0 0
 0 0 0 0 0]",301,2022-01-28 09:58:05,814,241
+687842280,300,False,[0 0 0 0 0 0 0 0 0 0 0 0 0 0],300,2022-01-28 10:03:32,815,241
+687842280,0,not reached,,,2022-01-28 10:10:03,816,241
+687842280,248,False,[0 0 0 0 0 0 0 0 0 0],248,2022-01-28 10:14:52,817,241
+687842280,18,not reached,,,2022-01-28 10:19:30,818,241
+687842280,279,True,[  0   0   0   0 152],127,2022-01-28 11:08:27,819,241
+85221470233,0,not reached,,,2022-01-21 10:11:01,820,242
anonymous,266,True,[ 0  0  0  0  0  0  0 72],194,2022-01-04 14:49:41,821,243
anonymous,300,False,[0 0 0 0 0 0 0 0 0 0 0 0],300,2022-01-04 14:55:02,822,243
anonymous,146,True,[134],12,2022-01-04 15:32:16,823,243
anonymous,300,False,[0 0],300,2022-01-11 17:19:40,824,243
anonymous,227,True,[  0 198],29,2022-01-12 10:45:18,825,243
anonymous,182,not reached,,,2022-01-13 10:11:08,826,243
anonymous,126,not reached,,,2022-01-31 10:38:31,827,243
anonymous,45,not reached,,,2022-01-31 10:42:00,828,243
