phoneLine,datetime,duration,callingNumber,nature,date,time,idkey
+33458005708,20181206151931,0,+33681186051,miss,20181206,151931,15527659049
+33458005707,20181227140129,67,+33140115383,incoming,20181227,140129,15635584067
+33458005707,20181226172050,290,+33609925333,incoming,20181226,172050,15631275906
+33458005707,20181226171447,205,+33686260094,incoming,20181226,171447,15631237340
+33458005707,20181226160136,2006,+596696327690,incoming,20181226,160136,15631010751
+33458005707,20181224145739,15,+33632660386,transfert,20181224,145739,15621359206
+33458005707,20181224114742,45,+33632660386,transfert,20181224,114742,15620491143
+33458005707,20181223115747,5,+97125535288,transfert,20181223,115747,15615593056
+33458005707,20181223113540,22,+97125535288,transfert,20181223,113540,15615535224
+33458005707,20181221172353,1128,+33611174432,incoming,20181221,172353,15608983891
+33458005707,20181221162203,2,+33611174432,transfert,20181221,162203,15608428121
+33458005707,20181221160008,46,+33611875634,transfert,20181221,160008,15608247934
+33458005707,20181221141846,10,+33182885649,transfert,20181221,141846,15607340890
+33458005707,20181221141534,37,+33555361373,transfert,20181221,141534,15607314911
+33458005707,20181221105747,299,+33688453907,incoming,20181221,105747,15606067073
+33458005707,20181221103841,10,+33667791897,transfert,20181221,103841,15605829662
+33458005707,20181221092055,323,+33623387341,incoming,20181221,092055,15605187937
+33458005707,20181220163111,139,+33633219783,incoming,20181220,163111,15602572348
+33458005707,20181220154331,368,+33698084399,incoming,20181220,154331,15602201090
+33458005707,20181220152012,1366,+33344663029,incoming,20181220,152012,15602141816
+33458005707,20181220152219,3,+33328520393,transfert,20181220,152219,15601973047
+33458005707,20181220143224,684,+3226332078,incoming,20181220,143224,15601635027
+33458005707,20181220142331,6,+33328520393,transfert,20181220,142331,15601459300
+33458005707,20181220111307,1416,+60193260502,incoming,20181220,111307,15600525224
+33458005707,20181219154826,244,+33476905507,incoming,20181219,154826,15596107062
+33458005707,20181219143921,239,+33494089935,incoming,20181219,143921,15595498854
+33458005707,20181219131743,13,+420603222836,transfert,20181219,131743,15594970602
+33458005707,20181219114358,389,+33328520393,incoming,20181219,114358,15594509874
+33458005707,20181219103012,616,+4755583077,incoming,20181219,103012,15593815035
+33458005707,20181218164739,1028,+33555361373,incoming,20181218,164739,15590613301
+33458005707,20181218144024,16,+33389423108,transfert,20181218,144024,15589275734
+33458005707,20181217173139,160,+33457740084,incoming,20181217,173139,15584528034
+33458005707,20181217162347,470,+33611174432,incoming,20181217,162347,15584037779
+33458005707,20181214175651,206,+33611174432,incoming,20181214,175651,15570724854
+33458005707,20181214174355,123,+33611174432,incoming,20181214,174355,15570673783
+33458005707,20181214162800,43,+33611174432,incoming,20181214,162800,15570227253
+33458005707,20181214143832,279,+33677225208,incoming,20181214,143832,15569355783
+33458005707,20181214141242,64,+33457740084,incoming,20181214,141242,15569094585
+33458005707,20181214093902,286,+33669410401,incoming,20181214,093902,15567211715
+33458005707,20181213162544,114,+33457740084,incoming,20181213,162544,15564246810
+33458005707,20181212171208,1023,+33175840900,incoming,20181212,171208,15559033745
+33458005707,20181212151132,121,+33549348936,incoming,20181212,151132,15557925388
+33458005707,20181212150529,62,+33673460704,incoming,20181212,150529,15557864528
+33458005707,20181212143148,1196,+33662083520,incoming,20181212,143148,15557738291
+33458005707,20181211173930,7,+33559929876,transfert,20181211,173930,15553358555
+33458005707,20181211114354,176,+33616571602,incoming,20181211,114354,15550902763
+33458005707,20181211110713,15,+33140705007,transfert,20181211,110713,15550521535
+33458005707,20181211104636,5,+33611863952,transfert,20181211,104636,15550329581
+33458005707,20181210154102,227,+33611458812,incoming,20181210,154102,15546902810
+33458005707,20181207161100,6,+33238700026,transfert,20181207,161100,15533871105
+33458005707,20181207115521,296,+33682859561,incoming,20181207,115521,15532230656
+33458005707,20181206170509,13,+33476580988,transfert,20181206,170509,15528441582
+33458005707,20181206165812,7,+33476580988,transfert,20181206,165812,15528385324
+33458005707,20181206125130,6,+448453136020,transfert,20181206,125130,15526612118
+33458005707,20181206114407,321,+448453136020,incoming,20181206,114407,15526271947
+33458005707,20181206091231,780,+33633219783,incoming,20181206,091231,15524995092
+33458005707,20181205170040,932,+33633219783,incoming,20181205,170040,15522919367
+33458005707,20181205163752,332,+212522231313,incoming,20181205,163752,15522700559
+33458005707,20181205114136,2024,+3267830185,incoming,20181205,114136,15520930775
+33458005707,20181205094132,54,+33476003630,incoming,20181205,094132,15519624007
+33458005707,20181204172247,55,+33611174432,incoming,20181204,172247,15517359096
+33458005707,20181204171652,324,+33663909354,incoming,20181204,171652,15517350420
+33458005707,20181204160651,5,+33681804047,transfert,20181204,160651,15516768282
+33458005707,20181204142854,252,+33660294582,incoming,20181204,142854,15515872694
+33458005707,20181204143113,14,+33616571602,transfert,20181204,143113,15515859657
+33458005707,20181204140502,114,+33686036353,incoming,20181204,140502,15515640820
+33458005707,20181204112307,83,+33565601332,incoming,20181204,112307,15514716188
+33458005707,20181204110957,70,+33388477853,incoming,20181204,110957,15514593908
+33458005707,20181204101738,393,+33476003630,incoming,20181204,101738,15514139348
+33458005707,20181203173409,721,+33681330992,incoming,20181203,173409,15511544094
+33458005707,20181203151349,49,+33643024545,incoming,20181203,151349,15510307559
+33458005707,20181203110842,91,+33627842627,incoming,20181203,110842,15508590819
+33458005707,20181203094118,220,+33660763580,incoming,20181203,094118,15507772245
+33458005707,20181201125040,20,+442084801108,transfert,20181201,125040,15500912420
+33458005709,20181231155156,107,+33611174432,incoming,20181231,155156,15654323649
+33458005709,20181228110518,326,+33676900130,incoming,20181228,110518,15639954596
+33458005709,20181227164223,75,+33614477196,incoming,20181227,164223,15636700775
+33458005709,20181224155235,114,+33679684621,incoming,20181224,155235,15621641513
+33458005709,20181224114649,12,+33632660386,transfert,20181224,114649,15620483474
+33458005709,20181224102327,83,+33951787905,incoming,20181224,102327,15619963571
+33458005709,20181224090956,52,+33607501966,incoming,20181224,090956,15619418789
+33458005709,20181224090339,4,+33607501966,transfert,20181224,090339,15619368679
+33458005709,20181224090257,6,+33607501966,transfert,20181224,090257,15619365822
+33458005709,20181224090206,11,+33607501966,transfert,20181224,090206,15619359870
+33458005709,20181221165629,46,+33607501966,incoming,20181221,165629,15608704063
+33458005709,20181221165507,4,+33607501966,transfert,20181221,165507,15608689761
+33458005709,20181221165151,202,+33681541196,incoming,20181221,165151,15608689515
+33458005709,20181221165424,7,+33607501966,transfert,20181221,165424,15608684317
+33458005709,20181221161941,338,+33675890059,incoming,20181221,161941,15608452308
+33458005709,20181221162237,0,+33611174432,miss,20181221,162237,15608433143
+33458005709,20181221161906,7,+33675890059,transfert,20181221,161906,15608403850
+33458005709,20181221144239,1012,+33688453907,incoming,20181221,144239,15607696574
+33458005709,20181221141654,32,+33555361373,transfert,20181221,141654,15607328407
+33458005709,20181221133527,543,+33675890059,incoming,20181221,133527,15607088996
+33458005709,20181221132339,6,+33675890059,transfert,20181221,132339,15606988777
+33458005709,20181221110428,521,+33688453907,incoming,20181221,110428,15606170726
+33458005709,20181221105706,5,+33688453907,transfert,20181221,105706,15606015722
+33458005709,20181221103745,11,+33667791897,transfert,20181221,103745,15605822003
+33458005709,20181221103406,12,+33650598919,transfert,20181221,103406,15605790393
+33458005709,20181221103251,38,+33688453907,transfert,20181221,103251,15605781385
+33458005709,20181221091012,319,+33951787905,incoming,20181221,091012,15605103429
+33458005709,20181221090531,154,+33607501966,incoming,20181221,090531,15605049532
+33458005709,20181221084502,4,+33607501966,transfert,20181221,084502,15604935024
+33458005709,20181221084214,6,+33607501966,transfert,20181221,084214,15604924499
+33458005709,20181221084025,19,+33607501966,transfert,20181221,084025,15604917880
+33458005709,20181220154955,143,+594594401099,incoming,20181220,154955,15602226987
+33458005709,20181220154909,0,+594594401099,miss,20181220,154909,15602197684
+33458005709,20181220150732,92,+594594401099,incoming,20181220,150732,15601850807
+33458005709,20181220145329,714,+33223211200,incoming,20181220,145329,15601819356
+33458005709,20181220110906,374,+33608415338,incoming,20181220,110906,15600318525
+33458005709,20181220111210,13,+60193260502,transfert,20181220,111210,15600295703
+33458005709,20181219165640,236,+33659637105,incoming,20181219,165640,15596685868
+33458005709,20181218173820,178,+33476983182,incoming,20181218,173820,15590884726
+33458005709,20181218171519,14,+33681374820,transfert,20181218,171519,15590700905
+33458005709,20181218171346,1,+33681374820,transfert,20181218,171346,15590687112
+33458005709,20181218170931,5,+33681374820,transfert,20181218,170931,15590653067
+33458005709,20181218165648,72,+33664672181,incoming,20181218,165648,15590559550
+33458005709,20181218151149,54,+33555361373,incoming,20181218,151149,15589595403
+33458005709,20181218144127,189,+33389423108,incoming,20181218,144127,15589314492
+33458005709,20181218121114,58,+33664672181,incoming,20181218,121114,15588369398
+33458005709,20181218115627,5,+33664672181,transfert,20181218,115627,15588255587
+33458005709,20181218100031,63,+33344878486,incoming,20181218,100031,15587076871
+33458005709,20181218094713,595,+33555361373,incoming,20181218,094713,15587026838
+33458005709,20181217181620,123,+33676900130,incoming,20181217,181620,15584787411
+33458005709,20181217165325,167,+33616517426,incoming,20181217,165325,15584246378
+33458005709,20181217164953,62,+33664672181,incoming,20181217,164953,15584200865
+33458005709,20181217164357,9,+33664672181,transfert,20181217,164357,15584145868
+33458005709,20181217162327,5,+33611174432,transfert,20181217,162327,15583963184
+33458005709,20181217155214,696,+33681374820,incoming,20181217,155214,15583791097
+33458005709,20181217153948,17,+33675890059,transfert,20181217,153948,15583576389
+33458005709,20181217153857,4,+33675890059,transfert,20181217,153857,15583565468
+33458005709,20181217153831,14,+33675890059,transfert,20181217,153831,15583563091
+33458005709,20181217152740,255,+33616517426,incoming,20181217,152740,15583507001
+33458005709,20181217142204,124,+33559122057,incoming,20181217,142204,15582909549
+33458005709,20181217140726,110,+33607501966,incoming,20181217,140726,15582753651
+33458005709,20181217135341,193,+33559122057,incoming,20181217,135341,15582649444
+33458005709,20181217124043,0,+33611174432,miss,20181217,124043,15582309416
+33458005709,20181217111533,237,+33681374820,incoming,20181217,111533,15581678050
+33458005709,20181217095735,85,+33675890059,incoming,20181217,095735,15580820613
+33458005709,20181217092441,130,+33388180885,incoming,20181217,092441,15580491593
+33458005709,20181217092027,171,+33675890059,incoming,20181217,092027,15580461369
+33458005709,20181217091538,236,+33675890059,incoming,20181217,091538,15580431480
+33458005709,20181217090821,265,+33675890059,incoming,20181217,090821,15580362953
+33458005709,20181215114336,6,+33681374820,transfert,20181215,114336,15573117864
+33458005709,20181214171558,207,+33664672181,incoming,20181214,171558,15570556996
+33458005709,20181214170025,39,+33664672181,incoming,20181214,170025,15570438938
+33458005709,20181214162716,128,+33611174432,transfert,20181214,162716,15570234900
+33458005709,20181214153209,430,+33388180885,incoming,20181214,153209,15569839696
+33458005709,20181214143707,9,+33677225208,transfert,20181214,143707,15569306776
+33458005709,20181214114133,884,+33761807053,incoming,20181214,114133,15568424915
+33458005709,20181214113643,90,+33476992436,incoming,20181214,113643,15568270375
+33458005709,20181214094333,32,+33388180885,transfert,20181214,094333,15567213454
+33458005709,20181214092424,47,+33761607765,transfert,20181214,092424,15567052067
+33458005709,20181213155840,107,+33673460704,incoming,20181213,155840,15564025702
+33458005709,20181213143109,1549,+33611174432,incoming,20181213,143109,15563483135
+33458005709,20181213133545,15,+46752415129,transfert,20181213,133545,15562907629
+33458005709,20181213131854,18,+46752415129,transfert,20181213,131854,15562844333
+33458005709,20181213095920,407,+33673460704,incoming,20181213,095920,15561514261
+33458005709,20181213090056,3,+33673460704,transfert,20181213,090056,15560955264
+33458005709,20181213084726,10,+33673460704,transfert,20181213,084726,15560886179
+33458005709,20181212142828,401,+33559122057,incoming,20181212,142828,15557594517
+33458005709,20181212103014,57,+33659637105,incoming,20181212,103014,15555994527
+33458005709,20181212101137,261,+33676559014,incoming,20181212,101137,15555855844
+33458005709,20181211073042,13,+262692142506,transfert,20181211,073042,15549210920
+33458005709,20181210173737,35,+33687370727,transfert,20181210,173737,15547711741
+33458005709,20181210161231,149,+41799459951,incoming,20181210,161231,15547144075
+33458005709,20181210155012,698,+33476755263,incoming,20181210,155012,15547046595
+33458005709,20181210141328,405,+33632660386,incoming,20181210,141328,15546174642
+33458005709,20181210115626,34,+33676559014,incoming,20181210,115626,15545437702
+33458005709,20181210113518,217,+33676559014,incoming,20181210,113518,15545283556
+33458005709,20181207163650,104,+33616238436,incoming,20181207,163650,15534092390
+33458005709,20181207161026,4,+33238700026,transfert,20181207,161026,15533865078
+33458005709,20181207160951,4,+33238700026,transfert,20181207,160951,15533862037
+33458005709,20181207160913,4,+33238700026,transfert,20181207,160913,15533856857
+33458005709,20181207160805,5,+33238700026,transfert,20181207,160805,15533850515
+33458005709,20181207160509,62,+33698907109,incoming,20181207,160509,15533830993
+33458005709,20181207160417,12,+33698907109,transfert,20181207,160417,15533818084
+33458005709,20181207154859,626,+33476755263,incoming,20181207,154859,15533769730
+33458005709,20181207154051,122,+33601635557,incoming,20181207,154051,15533618449
+33458005709,20181207100942,100,+33630798140,incoming,20181207,100942,15531286443
+33458005709,20181206172817,125,+33616238436,incoming,20181206,172817,15528613385
+33458005709,20181206163437,521,+33673460704,incoming,20181206,163437,15528267925
+33458005709,20181206114857,860,+33476755263,incoming,20181206,114857,15526384638
+33458005709,20181205095807,305,+33601635557,incoming,20181205,095807,15519808099
+33458005709,20181205094544,711,+33673460704,incoming,20181205,094544,15519760798
+33458005709,20181205084520,49,+33673460704,transfert,20181205,084520,15519257050
+33458005709,20181204180313,4,+33673460704,transfert,20181204,180313,15517592679
+33458005709,20181204175126,12,+33616517426,transfert,20181204,175126,15517532314
+33458005709,20181204173659,18,+33620465637,transfert,20181204,173659,15517447120
+33458005709,20181204173624,12,+33620465637,transfert,20181204,173624,15517443242
+33458005709,20181204172333,301,+33648600528,incoming,20181204,172333,15517390980
+33458005709,20181204172200,17,+33611174432,incoming,20181204,172200,15517349532
+33458005709,20181204170858,250,+33620465637,incoming,20181204,170858,15517284724
+33458005709,20181204163701,700,+33620465637,incoming,20181204,163701,15517108625
+33458005709,20181204155840,170,+33673460704,incoming,20181204,155840,15516712898
+33458005709,20181204143407,165,+33616571602,incoming,20181204,143407,15515908736
+33458005709,20181204141414,804,+33555361373,incoming,20181204,141414,15515823726
+33458005709,20181204114246,675,+33673626082,incoming,20181204,114246,15514989881
+33458005709,20181204101818,73,+33476234343,incoming,20181204,101818,15514092443
+33458005709,20181204095046,40,+33630798140,incoming,20181204,095046,15513817324
+33458005709,20181203162918,290,+33388180885,incoming,20181203,162918,15511006846
+33458005709,20181203152923,62,+33630798140,incoming,20181203,152923,15510442745
+33458005709,20181203144620,276,+33388180885,incoming,20181203,144620,15510084817
+33458005709,20181203144006,15,+33388180885,transfert,20181203,144006,15509994813
+33458005709,20181201124837,57,+442084801108,transfert,20181201,124837,15500908804
+33458005730,20181231155156,107,+33611174432,transfert,20181231,155156,15654323638
+33458005730,20181227164222,75,+33614477196,transfert,20181227,164222,15636700803
+33458005730,20181227140129,67,+33140115383,transfert,20181227,140129,15635584082
+33458005730,20181224155235,114,+33679684621,transfert,20181224,155235,15621641580
+33458005730,20181224145739,15,+33632660386,transfert,20181224,145739,15621359198
+33458005730,20181224114742,45,+33632660386,transfert,20181224,114742,15620491193
+33458005730,20181224114649,12,+33632660386,transfert,20181224,114649,15620483485
+33458005730,20181224102327,83,+33951787905,transfert,20181224,102327,15619963380
+33458005730,20181224090956,52,+33607501966,transfert,20181224,090956,15619418984
+33458005730,20181224090339,4,+33607501966,transfert,20181224,090339,15619368695
+33458005730,20181224090257,6,+33607501966,transfert,20181224,090257,15619365962
+33458005730,20181224090206,11,+33607501966,transfert,20181224,090206,15619359862
+33458005730,20181223115747,5,+97125535288,transfert,20181223,115747,15615593105
+33458005730,20181223113540,22,+97125535288,transfert,20181223,113540,15615535219
+33458005730,20181221172353,1128,+33611174432,transfert,20181221,172353,15608983916
+33458005730,20181221165629,46,+33607501966,transfert,20181221,165629,15608703839
+33458005730,20181221165507,4,+33607501966,transfert,20181221,165507,15608689728
+33458005730,20181221165151,202,+33681541196,transfert,20181221,165151,15608689528
+33458005730,20181221165424,7,+33607501966,transfert,20181221,165424,15608684285
+33458005730,20181221162237,0,+33611174432,transfert,20181221,162237,15608432633
+33458005730,20181221162203,2,+33611174432,transfert,20181221,162203,15608428159
+33458005730,20181221160008,46,+33611875634,transfert,20181221,160008,15608247948
+33458005730,20181221144239,1012,+33688453907,transfert,20181221,144239,15607696538
+33458005730,20181221141846,10,+33182885649,transfert,20181221,141846,15607340559
+33458005730,20181221141654,32,+33555361373,transfert,20181221,141654,15607328125
+33458005730,20181221110428,521,+33688453907,transfert,20181221,110428,15606170228
+33458005730,20181221105747,299,+33688453907,transfert,20181221,105747,15606066956
+33458005730,20181221105706,5,+33688453907,transfert,20181221,105706,15606014208
+33458005730,20181221103841,10,+33667791897,transfert,20181221,103841,15605829547
+33458005730,20181221103745,11,+33667791897,transfert,20181221,103745,15605821952
+33458005730,20181221103406,12,+33650598919,transfert,20181221,103406,15605789946
+33458005730,20181221103251,38,+33688453907,transfert,20181221,103251,15605781322
+33458005730,20181221092055,323,+33623387341,transfert,20181221,092055,15605187989
+33458005730,20181221091012,319,+33951787905,transfert,20181221,091012,15605103603
+33458005730,20181221090531,154,+33607501966,transfert,20181221,090531,15605049642
+33458005730,20181221084502,4,+33607501966,transfert,20181221,084502,15604935050
+33458005730,20181221084214,6,+33607501966,transfert,20181221,084214,15604924553
+33458005730,20181221084025,19,+33607501966,transfert,20181221,084025,15604917788
+33458005730,20181220163111,139,+33633219783,transfert,20181220,163111,15602572382
+33458005730,20181220154955,143,+594594401099,transfert,20181220,154955,15602226566
+33458005730,20181220154909,0,+594594401099,transfert,20181220,154909,15602197670
+33458005730,20181220152012,1366,+33344663029,transfert,20181220,152012,15602141839
+33458005730,20181220152219,3,+33328520393,transfert,20181220,152219,15601972989
+33458005730,20181220150732,92,+594594401099,transfert,20181220,150732,15601850936
+33458005730,20181220145329,714,+33223211200,transfert,20181220,145329,15601819903
+33458005730,20181220143224,684,+3226332078,transfert,20181220,143224,15601635014
+33458005730,20181220142331,6,+33328520393,transfert,20181220,142331,15601458985
+33458005730,20181220111307,1416,+60193260502,transfert,20181220,111307,15600525114
+33458005730,20181220110906,374,+33608415338,transfert,20181220,110906,15600319368
+33458005730,20181220111210,13,+60193260502,transfert,20181220,111210,15600295776
+33458005730,20181219165640,236,+33659637105,transfert,20181219,165640,15596685812
+33458005730,20181219154826,244,+33476905507,transfert,20181219,154826,15596107005
+33458005730,20181219131743,13,+420603222836,transfert,20181219,131743,15594970607
+33458005730,20181219114358,389,+33328520393,transfert,20181219,114358,15594509894
+33458005730,20181219103012,616,+4755583077,transfert,20181219,103012,15593815097
+33458005730,20181218173820,178,+33476983182,transfert,20181218,173820,15590884686
+33458005730,20181218171519,14,+33681374820,transfert,20181218,171519,15590701067
+33458005730,20181218171346,1,+33681374820,transfert,20181218,171346,15590687165
+33458005730,20181218151149,54,+33555361373,transfert,20181218,151149,15589595232
+33458005730,20181218144127,189,+33389423108,transfert,20181218,144127,15589314226
+33458005730,20181218144024,16,+33389423108,transfert,20181218,144024,15589277071
+33458005730,20181218100031,63,+33344878486,transfert,20181218,100031,15587076253
+33458005730,20181218094713,595,+33555361373,transfert,20181218,094713,15587025730
+33458005730,20181217162347,470,+33611174432,transfert,20181217,162347,15584037646
+33458005730,20181217162327,5,+33611174432,transfert,20181217,162327,15583963935
+33458005730,20181217153948,17,+33675890059,transfert,20181217,153948,15583576697
+33458005730,20181217152740,255,+33616517426,transfert,20181217,152740,15583506709
+33458005730,20181217142204,124,+33559122057,transfert,20181217,142204,15582909619
+33458005730,20181217140726,110,+33607501966,transfert,20181217,140726,15582753711
+33458005730,20181217135341,193,+33559122057,transfert,20181217,135341,15582649430
+33458005730,20181217124043,0,+33611174432,transfert,20181217,124043,15582309412
+33458005730,20181217111533,237,+33681374820,transfert,20181217,111533,15581677456
+33458005730,20181217092441,130,+33388180885,transfert,20181217,092441,15580491541
+33458005730,20181215114336,6,+33681374820,transfert,20181215,114336,15573117853
+33458005730,20181214175651,206,+33611174432,transfert,20181214,175651,15570724880
+33458005730,20181214174355,123,+33611174432,transfert,20181214,174355,15570674019
+33458005730,20181214162716,128,+33611174432,transfert,20181214,162716,15570234827
+33458005730,20181214162800,43,+33611174432,transfert,20181214,162800,15570227293
+33458005730,20181214153209,430,+33388180885,transfert,20181214,153209,15569840255
+33458005730,20181214114133,884,+33761807053,transfert,20181214,114133,15568424742
+33458005730,20181214113643,90,+33476992436,transfert,20181214,113643,15568270201
+33458005730,20181214094333,32,+33388180885,transfert,20181214,094333,15567213595
+33458005730,20181214093902,286,+33669410401,transfert,20181214,093902,15567211804
+33458005730,20181214092424,47,+33761607765,transfert,20181214,092424,15567051964
+33458005730,20181213143108,1549,+33611174432,transfert,20181213,143108,15563487779
+33458005730,20181213133545,15,+46752415129,transfert,20181213,133545,15562907636
+33458005730,20181213131854,18,+46752415129,transfert,20181213,131854,15562844301
+33458005730,20181212171208,1023,+33175840900,transfert,20181212,171208,15559033548
+33458005730,20181212151132,121,+33549348936,transfert,20181212,151132,15557925318
+33458005730,20181212143148,1196,+33662083520,transfert,20181212,143148,15557738381
+33458005730,20181212142828,401,+33559122057,transfert,20181212,142828,15557594487
+33458005730,20181212103014,57,+33659637105,transfert,20181212,103014,15555994822
+33458005730,20181211173930,7,+33559929876,transfert,20181211,173930,15553358556
+33458005730,20181211114354,176,+33616571602,transfert,20181211,114354,15550903372
+33458005730,20181211110713,15,+33140705007,transfert,20181211,110713,15550521470
+33458005730,20181211104636,5,+33611863952,transfert,20181211,104636,15550328949
+33458005730,20181211073042,13,+262692142506,transfert,20181211,073042,15549210914
+33458005730,20181210161231,149,+41799459951,transfert,20181210,161231,15547143838
+33458005730,20181210155012,698,+33476755263,transfert,20181210,155012,15547046632
+33458005730,20181210154102,227,+33611458812,transfert,20181210,154102,15546903003
+33458005730,20181210141328,405,+33632660386,transfert,20181210,141328,15546174442
+33458005730,20181210113518,217,+33676559014,transfert,20181210,113518,15545284337
+33458005730,20181207163650,104,+33616238436,transfert,20181207,163650,15534092421
+33458005730,20181207161100,6,+33238700026,transfert,20181207,161100,15533871197
+33458005730,20181207161026,4,+33238700026,transfert,20181207,161026,15533865204
+33458005730,20181207160951,4,+33238700026,transfert,20181207,160951,15533861972
+33458005730,20181207160913,4,+33238700026,transfert,20181207,160913,15533856662
+33458005730,20181207160805,5,+33238700026,transfert,20181207,160805,15533850372
+33458005730,20181207160508,62,+33698907109,transfert,20181207,160508,15533832644
+33458005730,20181207160417,12,+33698907109,transfert,20181207,160417,15533818012
+33458005730,20181207154859,626,+33476755263,transfert,20181207,154859,15533769962
+33458005730,20181207154051,122,+33601635557,transfert,20181207,154051,15533618522
+33458005730,20181207115521,296,+33682859561,transfert,20181207,115521,15532230515
+33458005730,20181207100942,100,+33630798140,transfert,20181207,100942,15531286870
+33458005730,20181206172817,125,+33616238436,transfert,20181206,172817,15528613459
+33458005730,20181206163437,521,+33673460704,transfert,20181206,163437,15528267908
+33458005730,20181206125130,6,+448453136020,transfert,20181206,125130,15526612173
+33458005730,20181206114857,860,+33476755263,transfert,20181206,114857,15526384664
+33458005730,20181206114407,321,+448453136020,transfert,20181206,114407,15526272000
+33458005730,20181206091231,780,+33633219783,transfert,20181206,091231,15524995149
+33458005730,20181205170040,932,+33633219783,transfert,20181205,170040,15522919335
+33458005730,20181205163751,332,+212522231313,transfert,20181205,163751,15522699166
+33458005730,20181205114136,2024,+3267830185,transfert,20181205,114136,15520930781
+33458005730,20181205095807,305,+33601635557,transfert,20181205,095807,15519808462
+33458005730,20181205094544,711,+33673460704,transfert,20181205,094544,15519760663
+33458005730,20181205094132,54,+33476003630,transfert,20181205,094132,15519623967
+33458005730,20181205084520,49,+33673460704,transfert,20181205,084520,15519257042
+33458005730,20181204180313,4,+33673460704,transfert,20181204,180313,15517592631
+33458005730,20181204175126,12,+33616517426,transfert,20181204,175126,15517532337
+33458005730,20181204173659,18,+33620465637,transfert,20181204,173659,15517447189
+33458005730,20181204173624,12,+33620465637,transfert,20181204,173624,15517443249
+33458005730,20181204172333,301,+33648600528,transfert,20181204,172333,15517390994
+33458005730,20181204172247,55,+33611174432,transfert,20181204,172247,15517359122
+33458005730,20181204171652,324,+33663909354,transfert,20181204,171652,15517350352
+33458005730,20181204172200,17,+33611174432,transfert,20181204,172200,15517349230
+33458005730,20181204170858,250,+33620465637,transfert,20181204,170858,15517284854
+33458005730,20181204163701,700,+33620465637,transfert,20181204,163701,15517108635
+33458005730,20181204155840,170,+33673460704,transfert,20181204,155840,15516713278
+33458005730,20181204143407,165,+33616571602,transfert,20181204,143407,15515908359
+33458005730,20181204142854,252,+33660294582,transfert,20181204,142854,15515872674
+33458005730,20181204143113,14,+33616571602,transfert,20181204,143113,15515859755
+33458005730,20181204141414,804,+33555361373,transfert,20181204,141414,15515823933
+33458005730,20181204140502,114,+33686036353,transfert,20181204,140502,15515640787
+33458005730,20181204114246,675,+33673626082,transfert,20181204,114246,15514990053
+33458005730,20181204112307,83,+33565601332,transfert,20181204,112307,15514716224
+33458005730,20181204110957,70,+33388477853,transfert,20181204,110957,15514594254
+33458005730,20181204101738,393,+33476003630,transfert,20181204,101738,15514139300
+33458005730,20181204095046,40,+33630798140,transfert,20181204,095046,15513816567
+33458005730,20181203173409,721,+33681330992,transfert,20181203,173409,15511544256
+33458005730,20181203162918,290,+33388180885,transfert,20181203,162918,15511006808
+33458005730,20181203152923,62,+33630798140,transfert,20181203,152923,15510443037
+33458005730,20181203144619,276,+33388180885,transfert,20181203,144619,15510086122
+33458005730,20181203144006,15,+33388180885,transfert,20181203,144006,15509994699
+33458005730,20181203094118,220,+33660763580,transfert,20181203,094118,15507772276
+33458005730,20181201125040,20,+442084801108,transfert,20181201,125040,15500912414
+33458005730,20181201124837,57,+442084801108,transfert,20181201,124837,15500908811