phoneLine,datetime,duration,callingNumber,nature,date,time,idkey
+33458001003,20190531155053,897,+33458005707,incoming,20190531,155053,16487771829
+33458001003,20190531144752,45,+33458005707,incoming,20190531,144752,16487210894
+33458001003,20190531120650,169,+33458005707,incoming,20190531,120650,16486338653
+33458001003,20190529151823,84,+33458005707,incoming,20190529,151823,16478279647
+33458001003,20190529151953,0,+33458005707,miss,20190529,151953,16478279629
+33458001003,20190529140630,31,+33458005707,incoming,20190529,140630,16477606638
+33458001003,20190529133731,53,+33458005707,incoming,20190529,133731,16477421566
+33458001003,20190529132643,473,+33458005707,incoming,20190529,132643,16477399109
+33458001003,20190528155635,95,+33458005707,incoming,20190528,155635,16472284637
+33458001003,20190528153759,416,+33458005707,incoming,20190528,153759,16472162787
+33458001003,20190528135926,410,+33458005707,incoming,20190528,135926,16471227469
+33458001003,20190528104404,44,+33458005707,incoming,20190528,104404,16469828821
+33458001003,20190528103756,51,+33458005707,incoming,20190528,103756,16469766280
+33458001003,20190528095143,468,+33458005707,incoming,20190528,095143,16469348836
+33458001003,20190527140357,1,+33458005707,incoming,20190527,140357,16464401879
+33458001003,20190527140055,104,+33458005707,incoming,20190527,140055,16464387430
+33458001003,20190527110203,22,+33458005707,incoming,20190527,110203,16463155050
+33458001003,20190524154219,443,+33458005707,incoming,20190524,154219,16451072289
+33458001003,20190524145935,923,+33458005707,incoming,20190524,145935,16450788551
+33458001003,20190524144933,10,+33458005707,incoming,20190524,144933,16450584711
+33458001003,20190524104249,169,+33458005707,incoming,20190524,104249,16448909106
+33458001003,20190523173951,70,+33458005707,incoming,20190523,173951,16445729268
+33458001003,20190523171509,552,+33458005707,incoming,20190523,171509,16445611504
+33458001003,20190523152346,100,+33458005707,incoming,20190523,152346,16444596986
+33458001003,20190523150243,279,+33458005707,incoming,20190523,150243,16444432210
+33458001003,20190523141200,362,+33458005707,incoming,20190523,141200,16443974526
+33458001003,20190523102142,129,+33458005707,incoming,20190523,102142,16442364521
+33458001003,20190523093143,19,+33458005707,incoming,20190523,093143,16441868603
+33458001003,20190523093109,13,+33458005707,incoming,20190523,093109,16441859124
+33458001003,20190522164540,335,+33458005707,incoming,20190522,164540,16439063605
+33458001003,20190522162922,237,+33458005707,incoming,20190522,162922,16438914326
+33458001003,20190522145930,1069,+33458005707,incoming,20190522,145930,16438242645
+33458001003,20190522140935,391,+33458005707,incoming,20190522,140935,16437677282
+33458001003,20190522120829,806,+33458005707,incoming,20190522,120829,16437057826
+33458001003,20190522093332,534,+32474223224,incoming,20190522,093332,16435623670
+33458001003,20190521163333,1110,+33458005707,incoming,20190521,163333,16432829288
+33458001003,20190521085203,420,+33458005707,incoming,20190521,085203,16428788556
+33458001003,20190521084731,3,+33458005707,incoming,20190521,084731,16428732737
+33458001003,20190520115226,128,+33458005707,incoming,20190520,115226,16423414661
+33458001003,20190520114440,40,+33458005707,incoming,20190520,114440,16423315848
+33458001003,20190520113316,126,+33458005707,incoming,20190520,113316,16423207272
+33458001003,20190520094941,50,+33458005707,incoming,20190520,094941,16422072422
+33458001003,20190520094512,162,+33458005707,incoming,20190520,094512,16422048143
+33458001003,20190517162944,205,+33458005707,incoming,20190517,162944,16410786783
+33458001003,20190517153501,357,+33458005707,incoming,20190517,153501,16410314707
+33458001003,20190517135519,174,+33458005707,incoming,20190517,135519,16409367991
+33458001003,20190516145411,496,+33458005707,incoming,20190516,145411,16403460407
+33458001003,20190516144735,385,+33458005707,incoming,20190516,144735,16403380396
+33458001003,20190516110533,536,+33458005707,incoming,20190516,110533,16401836951
+33458001003,20190516104844,877,+33458005707,incoming,20190516,104844,16401728399
+33458001003,20190516102957,203,+33458005707,incoming,20190516,102957,16401427988
+33458001003,20190516092720,944,+33458005707,incoming,20190516,092720,16400930687
+33458001003,20190515170607,322,+33458005707,incoming,20190515,170607,16398309147
+33458001003,20190515143344,241,+33458005707,incoming,20190515,143344,16396966350
+33458001003,20190515115447,696,+33458005707,incoming,20190515,115447,16396043748
+33458001003,20190515114129,362,+33458005707,incoming,20190515,114129,16395876795
+33458001003,20190515101210,393,+33458005707,incoming,20190515,101210,16394999957
+33458001003,20190514161804,537,+33458005707,incoming,20190514,161804,16391374299
+33458001003,20190514160322,713,+33458005707,incoming,20190514,160322,16391253266
+33458001003,20190514150150,1519,+33458005707,incoming,20190514,150150,16390792088
+33458001003,20190514091613,325,+33458005707,incoming,20190514,091613,16387698641
+33458001003,20190513163239,258,+33458005707,incoming,20190513,163239,16384843059
+33458001003,20190513145510,33,+33458005707,incoming,20190513,145510,16383868494
+33458001003,20190513143451,150,+33458005707,incoming,20190513,143451,16383693339
+33458001003,20190513140518,773,+33458005707,incoming,20190513,140518,16383517389
+33458001003,20190513101511,364,+33458005707,incoming,20190513,101511,16381758373
+33458001003,20190513091658,134,+33458005707,incoming,20190513,091658,16381100624
+33458001003,20190510150756,60,+33458005707,incoming,20190510,150756,16371296961
+33458001003,20190510105337,788,+33458005707,incoming,20190510,105337,16367929517
+33458001003,20190510090927,43,+33458005707,incoming,20190510,090927,16366763525
+33458001003,20190509170142,3209,+33458005707,incoming,20190509,170142,16364450132
+33458001003,20190509162811,45,+33458005707,incoming,20190509,162811,16363794284
+33458001003,20190509160949,275,+33458005707,incoming,20190509,160949,16363660909
+33458001003,20190509144621,117,+33458005707,incoming,20190509,144621,16362853839
+33458001003,20190509123900,211,+33458005707,incoming,20190509,123900,16362033679
+33458001003,20190507173053,53,+33458005707,incoming,20190507,173053,16353936887
+33458001003,20190507170256,108,+33458005707,incoming,20190507,170256,16353743834
+33458001003,20190507165834,72,+33458005707,incoming,20190507,165834,16353703317
+33458001003,20190507163526,56,+33458005707,incoming,20190507,163526,16353496735
+33458001003,20190507161027,649,+33458005707,incoming,20190507,161027,16353360314
+33458001003,20190507150956,150,+33458005707,incoming,20190507,150956,16352701749
+33458001003,20190507143141,952,+33458005707,incoming,20190507,143141,16352464963
+33458001003,20190507115624,115,+33458005707,incoming,20190507,115624,16351436100
+33458001003,20190506162949,572,+33458005707,incoming,20190506,162949,16346993210
+33458001003,20190506161355,159,+33140174904,incoming,20190506,161355,16346799576
+33458001003,20190506160233,73,+33458005707,incoming,20190506,160233,16346689376
+33458001003,20190506094434,954,+33458005707,incoming,20190506,094434,16343563448
+33458001003,20190506090323,137,+33458005707,incoming,20190506,090323,16343004299
+33458001003,20190503135644,60,+33612896318,incoming,20190503,135644,16331835735
+33458001003,20190503100429,790,+33458005707,incoming,20190503,100429,16330253812
+33458001003,20190502142602,243,+33458005707,incoming,20190502,142602,16325716095
+33458001003,20190502120918,192,+33458005707,incoming,20190502,120918,16324930651
+33458001003,20190502114230,681,+33458005707,incoming,20190502,114230,16324751320
+33458001003,20190502112554,707,+33458005707,incoming,20190502,112554,16324585275
+33458001003,20190502102809,34,+33458005707,incoming,20190502,102809,16323846365
+33458001003,20190502101013,197,+33458005707,incoming,20190502,101013,16323676871
+33458005730,20190531174634,8,+594694937374,transfert,20190531,174634,16488421988
+33458005730,20190531170921,517,+33681878470,transfert,20190531,170921,16488244654
+33458005730,20190531162850,253,+594694937374,transfert,20190531,162850,16487945924
+33458005730,20190531155046,897,+33615447240,transfert,20190531,155046,16487771330
+33458005730,20190531144744,45,+442075626753,transfert,20190531,144744,16487211316
+33458005730,20190531144446,185,+33610599750,transfert,20190531,144446,16487205419
+33458005730,20190531144631,3,+33681878470,transfert,20190531,144631,16487194078
+33458005730,20190531144330,3,+33610599750,transfert,20190531,144330,16487167869
+33458005730,20190531130105,13,+2302121443,transfert,20190531,130105,16486568765
+33458005730,20190531130104,4,+23057671868,transfert,20190531,130104,16486567483
+33458005730,20190531125905,10,+23057671868,transfert,20190531,125905,16486559450
+33458005730,20190531122333,19,+33610599750,transfert,20190531,122333,16486396042
+33458005730,20190531120644,169,+33630513012,transfert,20190531,120644,16486338364
+33458005730,20190529170045,1440,+33626632564,transfert,20190529,170045,16479397762
+33458005730,20190529155845,366,+33620970453,transfert,20190529,155845,16478714928
+33458005730,20190529151930,7,+33183818178,transfert,20190529,151930,16478279498
+33458005730,20190529151814,84,anonymous,transfert,20190529,151814,16478277042
+33458005730,20190529150020,52,+33610599750,transfert,20190529,150020,16478097164
+33458005730,20190529143253,263,+33658898832,transfert,20190529,143253,16477872510
+33458005730,20190529140534,95,+33950384869,transfert,20190529,140534,16477610168
+33458005730,20190529140618,31,+33950384869,transfert,20190529,140618,16477606929
+33458005730,20190529133724,53,+33658898832,transfert,20190529,133724,16477421064
+33458005730,20190529132628,473,+34609903507,transfert,20190529,132628,16477399038
+33458005730,20190529131240,4,+34609903507,transfert,20190529,131240,16477305378
+33458005730,20190529131130,18,+34609903507,transfert,20190529,131130,16477302606
+33458005730,20190529114604,0,anonymous,transfert,20190529,114604,16476855526
+33458005730,20190529112127,297,+33633119600,transfert,20190529,112127,16476662910
+33458005730,20190529110229,152,+41797062670,transfert,20190529,110229,16476454405
+33458005730,20190529101308,29,+33610599750,transfert,20190529,101308,16475933905
+33458005730,20190529100412,187,+33476681768,transfert,20190529,100412,16475868443
+33458005730,20190529092342,87,anonymous,transfert,20190529,092342,16475461799
+33458005730,20190529090001,204,+33699253887,transfert,20190529,090001,16475282207
+33458005730,20190528172012,160,+41264697416,transfert,20190528,172012,16473018417
+33458005730,20190528164538,815,+33648350528,transfert,20190528,164538,16472824301
+33458005730,20190528164224,105,+33610599750,transfert,20190528,164224,16472689114
+33458005730,20190528164230,17,+33238227525,transfert,20190528,164230,16472678130
+33458005730,20190528163707,5,+33476152121,transfert,20190528,163707,16472625681
+33458005730,20190528163637,11,+33476152121,transfert,20190528,163637,16472623193
+33458005730,20190528163243,12,+41797062670,transfert,20190528,163243,16472590841
+33458005730,20190528155631,95,+442075626753,transfert,20190528,155631,16472285110
+33458005730,20190528155121,10,+33648350528,transfert,20190528,155121,16472222013
+33458005730,20190528153751,416,anonymous,transfert,20190528,153751,16472163001
+33458005730,20190528142630,6,anonymous,transfert,20190528,142630,16471415282
+33458005730,20190528142456,20,anonymous,transfert,20190528,142456,16471400676
+33458005730,20190528135919,410,+33652394331,transfert,20190528,135919,16471226897
+33458005730,20190528113557,244,+33474421800,transfert,20190528,113557,16470429394
+33458005730,20190528111927,112,+33673188402,transfert,20190528,111927,16470230063
+33458005730,20190528105625,259,+33676194613,transfert,20190528,105625,16470007148
+33458005730,20190528104356,44,+33183818178,transfert,20190528,104356,16469828169
+33458005730,20190528103747,52,+33186262547,transfert,20190528,103747,16469769818
+33458005730,20190528103145,172,+33238227525,transfert,20190528,103145,16469725442
+33458005730,20190528095133,468,+33187397034,transfert,20190528,095133,16469350886
+33458005730,20190527180429,12,+33238227525,transfert,20190527,180429,16466725289
+33458005730,20190527170222,407,+33669906993,transfert,20190527,170222,16466306421
+33458005730,20190527162950,24,+33669906993,transfert,20190527,162950,16465929457
+33458005730,20190527145845,362,+33685708650,transfert,20190527,145845,16465037699
+33458005730,20190527150132,10,+40740071530,transfert,20190527,150132,16465010003
+33458005730,20190527145055,161,+33683314468,transfert,20190527,145055,16464915164
+33458005730,20190527141238,33,+33683314468,transfert,20190527,141238,16464499676
+33458005730,20190527140342,1,+33630513012,transfert,20190527,140342,16464401706
+33458005730,20190527140304,11,+33630513012,transfert,20190527,140304,16464396148
+33458005730,20190527140049,104,+33669457321,transfert,20190527,140049,16464387092
+33458005730,20190527140029,3,+33630513012,transfert,20190527,140029,16464372079
+33458005730,20190527120529,3,+41788784966,transfert,20190527,120529,16463757258
+33458005730,20190527113727,16,+33664111670,transfert,20190527,113727,16463511281
+33458005730,20190527111745,3,+33630513012,transfert,20190527,111745,16463307297
+33458005730,20190527101525,4,+33630513012,transfert,20190527,101525,16462675126
+33458005730,20190524171401,378,+33663801570,transfert,20190524,171401,16451757972
+33458005730,20190524162451,45,+33769494028,transfert,20190524,162451,16451360678
+33458005730,20190524154211,443,+33769494028,transfert,20190524,154211,16451073090
+33458005730,20190524154246,5,+41788784966,transfert,20190524,154246,16451017969
+33458005730,20190524154144,3,+33769494028,transfert,20190524,154144,16451008833
+33458005730,20190524154109,11,+33769494028,transfert,20190524,154109,16451004421
+33458005730,20190524145924,923,+33614024779,transfert,20190524,145924,16450788424
+33458005730,20190524144918,10,+33614024779,transfert,20190524,144918,16450586802
+33458005730,20190524141328,118,+33685915513,transfert,20190524,141328,16450308285
+33458005730,20190524140138,3,+33685915513,transfert,20190524,140138,16450192887
+33458005730,20190524135455,4,+33685915513,transfert,20190524,135455,16450145868
+33458005730,20190524133851,4,+41788784966,transfert,20190524,133851,16450068723
+33458005730,20190524133818,16,+41788784966,transfert,20190524,133818,16450066565
+33458005730,20190524133718,12,+33685915513,transfert,20190524,133718,16450062747
+33458005730,20190524114445,357,+33663801570,transfert,20190524,114445,16449522094
+33458005730,20190524112823,292,+33682599061,transfert,20190524,112823,16449361709
+33458005730,20190524113120,14,+33559122057,transfert,20190524,113120,16449349733
+33458005730,20190524104240,169,+33612906097,transfert,20190524,104240,16448910918
+33458005730,20190523173934,70,+33609723460,transfert,20190523,173934,16445729192
+33458005730,20190523171724,1232,+33612906097,transfert,20190523,171724,16445708271
+33458005730,20190523171504,552,+33474421800,transfert,20190523,171504,16445612091
+33458005730,20190523171523,13,+33612906097,transfert,20190523,171523,16445547031
+33458005730,20190523165027,3,+33630513012,transfert,20190523,165027,16445367679
+33458005730,20190523162943,4,+41799459951,transfert,20190523,162943,16445194127
+33458005730,20190523162912,3,+33630513012,transfert,20190523,162912,16445190802
+33458005730,20190523161532,4,+33630513012,transfert,20190523,161532,16445060327
+33458005730,20190523160228,5,+33630513012,transfert,20190523,160228,16444940261
+33458005730,20190523152341,100,+33476904157,transfert,20190523,152341,16444594386
+33458005730,20190523150240,279,+33147566517,transfert,20190523,150240,16444429853
+33458005730,20190523141153,362,+33607956032,transfert,20190523,141153,16443975322
+33458005730,20190523141242,7,+33610710166,transfert,20190523,141242,16443928581
+33458005730,20190523123750,8,+33140555014,transfert,20190523,123750,16443495305
+33458005730,20190523120309,54,+33669906993,transfert,20190523,120309,16443326729
+33458005730,20190523114934,177,+33607956032,transfert,20190523,114934,16443240294
+33458005730,20190523114131,92,+33358931697,transfert,20190523,114131,16443147797
+33458005730,20190523101137,403,+33143646674,transfert,20190523,101137,16442317119
+33458005730,20190523101331,16,+33684720685,transfert,20190523,101331,16442273975
+33458005730,20190523101042,12,+33143646674,transfert,20190523,101042,16442244686
+33458005730,20190523093139,19,+32494046230,transfert,20190523,093139,16441865254
+33458005730,20190523093105,13,+32494046230,transfert,20190523,093105,16441861210
+33458005730,20190522175411,10,+33648350528,transfert,20190522,175411,16439531015
+33458005730,20190522164531,335,+33630513012,transfert,20190522,164531,16439061848
+33458005730,20190522164544,37,+33147566517,transfert,20190522,164544,16439024415
+33458005730,20190522164502,3,+33630513012,transfert,20190522,164502,16439016377
+33458005730,20190522164352,9,+33630513012,transfert,20190522,164352,16439006760
+33458005730,20190522162913,237,+33769387095,transfert,20190522,162913,16438914574
+33458005730,20190522145922,1069,+33608936938,transfert,20190522,145922,16438242436
+33458005730,20190522150517,74,+33951918755,transfert,20190522,150517,16438144434
+33458005730,20190522140926,391,+33437903002,transfert,20190522,140926,16437675995
+33458005730,20190522140821,448,+33671764653,transfert,20190522,140821,16437674621
+33458005730,20190522140836,9,+33437903002,transfert,20190522,140836,16437608418
+33458005730,20190522120819,806,+302141008859,transfert,20190522,120819,16437057793
+33458005730,20190522094239,111,+41799459951,transfert,20190522,094239,16435642884
+33458005730,20190521163326,1110,+33648350528,transfert,20190521,163326,16432827752
+33458005730,20190521164031,348,+33630513012,transfert,20190521,164031,16432779068
+33458005730,20190521163906,4,+33664111670,transfert,20190521,163906,16432712287
+33458005730,20190521161158,44,+33495501000,transfert,20190521,161158,16432451504
+33458005730,20190521155110,220,+33613161148,transfert,20190521,155110,16432266961
+33458005730,20190521153627,489,+33613161148,transfert,20190521,153627,16432177338
+33458005730,20190521142114,564,+33474421800,transfert,20190521,142114,16431483668
+33458005730,20190521141216,408,+33650315458,transfert,20190521,141216,16431366540
+33458005730,20190521134156,4,+32474223224,transfert,20190521,134156,16431079903
+33458005730,20190521131040,4,+32474223224,transfert,20190521,131040,16430953548
+33458005730,20190521123115,5,+32474223224,transfert,20190521,123115,16430800236
+33458005730,20190521115354,190,+33495501000,transfert,20190521,115354,16430583752
+33458005730,20190521085156,420,+33609094206,transfert,20190521,085156,16428788965
+33458005730,20190521084725,3,+33609094206,transfert,20190521,084725,16428732572
+33458005730,20190520175408,4,+33648350528,transfert,20190520,175408,16426386857
+33458005730,20190520174501,14,+33474421800,transfert,20190520,174501,16426318482
+33458005730,20190520160939,654,+33950682682,transfert,20190520,160939,16425578727
+33458005730,20190520160051,264,+33476675148,transfert,20190520,160051,16425439101
+33458005730,20190520153607,367,+33685708650,transfert,20190520,153607,16425196373
+33458005730,20190520140216,1028,+33972376065,transfert,20190520,140216,16424324010
+33458005730,20190520115220,128,+33609723460,transfert,20190520,115220,16423413606
+33458005730,20190520114243,576,+33670469564,transfert,20190520,114243,16423390584
+33458005730,20190520115107,6,+33609723460,transfert,20190520,115107,16423379289
+33458005730,20190520114434,40,+33611697860,transfert,20190520,114434,16423317844
+33458005730,20190520113310,126,+33611023244,transfert,20190520,113310,16423205194
+33458005730,20190520112640,4,+33658898832,transfert,20190520,112640,16423119066
+33458005730,20190520105423,92,+33607956032,transfert,20190520,105423,16422786425
+33458005730,20190520095303,70,+33630513012,transfert,20190520,095303,16422108355
+33458005730,20190520094934,50,+33611697860,transfert,20190520,094934,16422071175
+33458005730,20190520094454,162,+33671670769,transfert,20190520,094454,16422046244
+33458005730,20190520094340,11,+33682525500,transfert,20190520,094340,16422011662
+33458005730,20190520090805,393,+33688222647,transfert,20190520,090805,16421730392
+33458005730,20190517164409,623,+33476675148,transfert,20190517,164409,16410956129
+33458005730,20190517162939,205,+34934897486,transfert,20190517,162939,16410786425
+33458005730,20190517153457,357,+33632660386,transfert,20190517,153457,16410313976
+33458005730,20190517152611,598,+594694937374,transfert,20190517,152611,16410274681
+33458005730,20190517153251,76,+33632660386,transfert,20190517,153251,16410259356
+33458005730,20190517144922,7,+594694937374,transfert,20190517,144922,16409853610
+33458005730,20190517140716,486,+33670319041,transfert,20190517,140716,16409520110
+33458005730,20190517135509,174,+33631444094,transfert,20190517,135509,16409368013
+33458005730,20190517122034,8,+33476675148,transfert,20190517,122034,16408938214
+33458005730,20190517093432,204,+33299008484,transfert,20190517,093432,16407255196
+33458005730,20190517090823,293,+33630513012,transfert,20190517,090823,16407013327
+33458005730,20190516182747,4,+33608864874,transfert,20190516,182747,16404983286
+33458005730,20190516181256,0,+33323063216,transfert,20190516,181256,16404924027
+33458005730,20190516181204,8,+33323063216,transfert,20190516,181204,16404921525
+33458005730,20190516174425,5,+33608864874,transfert,20190516,174425,16404768802
+33458005730,20190516172832,33,+33608864874,transfert,20190516,172832,16404684663
+33458005730,20190516170932,84,+33240777020,transfert,20190516,170932,16404572428
+33458005730,20190516155946,44,+33623664277,transfert,20190516,155946,16403980982
+33458005730,20190516151321,24,+33240777020,transfert,20190516,151321,16403567330
+33458005730,20190516144728,385,+33660770402,transfert,20190516,144728,16403379099
+33458005730,20190516144241,4,+33660770402,transfert,20190516,144241,16403277308
+33458005730,20190516110521,536,+32499941330,transfert,20190516,110521,16401840963
+33458005730,20190516110404,21,+32499941330,transfert,20190516,110404,16401744183
+33458005730,20190516104839,877,+33651624737,transfert,20190516,104839,16401728044
+33458005730,20190516102950,203,+33630513012,transfert,20190516,102950,16401426920
+33458005730,20190516102914,2,+33630513012,transfert,20190516,102914,16401391650
+33458005730,20190516102716,4,+32499941330,transfert,20190516,102716,16401375172
+33458005730,20190516100738,6,+33608415214,transfert,20190516,100738,16401184131
+33458005730,20190516100348,2,+33630513012,transfert,20190516,100348,16401142658
+33458005730,20190516100316,12,+33608415214,transfert,20190516,100316,16401135971
+33458005730,20190516095457,11,+33630513012,transfert,20190516,095457,16401055131
+33458005730,20190516092713,944,+33695511609,transfert,20190516,092713,16400932366
+33458005730,20190515170725,419,+33685708650,transfert,20190515,170725,16398331562
+33458005730,20190515170600,322,+33611023244,transfert,20190515,170600,16398308012
+33458005730,20190515162237,179,+33758751982,transfert,20190515,162237,16397951892
+33458005730,20190515152929,271,+33610599750,transfert,20190515,152929,16397510335
+33458005730,20190515143340,241,+33272735633,transfert,20190515,143340,16396965809
+33458005730,20190515140631,217,+33760830284,transfert,20190515,140631,16396705143
+33458005730,20190515140413,17,+33760830284,transfert,20190515,140413,16396650870
+33458005730,20190515115442,696,+33457421316,transfert,20190515,115442,16396043152
+33458005730,20190515114309,449,+33638431672,transfert,20190515,114309,16395908067
+33458005730,20190515114712,200,+494067380661,transfert,20190515,114712,16395904525
+33458005730,20190515114724,3,+33610599750,transfert,20190515,114724,16395884234
+33458005730,20190515114125,362,+33608429394,transfert,20190515,114125,16395878824
+33458005730,20190515113848,155,+33623664277,transfert,20190515,113848,16395820358
+33458005730,20190515114046,7,+33608429394,transfert,20190515,114046,16395815418
+33458005730,20190515113911,0,+33608429394,transfert,20190515,113911,16395802667
+33458005730,20190515101153,393,+33607956032,transfert,20190515,101153,16394998659
+33458005730,20190515101032,18,+33607956032,transfert,20190515,101032,16394920190
+33458005730,20190514180213,11,+33661106704,transfert,20190514,180213,16392159295
+33458005730,20190514172247,124,+33675504159,transfert,20190514,172247,16391865676
+33458005730,20190514161753,537,+33680606520,transfert,20190514,161753,16391374237
+33458005730,20190514160313,713,+33658898832,transfert,20190514,160313,16391254366
+33458005730,20190514160241,6,+33658898832,transfert,20190514,160241,16391142996
+33458005730,20190514150143,1519,+351962594356,transfert,20190514,150143,16390793094
+33458005730,20190514144148,1096,+33680606520,transfert,20190514,144148,16390512274
+33458005730,20190514145458,12,+351962594356,transfert,20190514,145458,16390460356
+33458005730,20190514145359,14,+351962594356,transfert,20190514,145359,16390452789
+33458005730,20190514144000,297,+33771932745,transfert,20190514,144000,16390354772
+33458005730,20190514140829,322,+33611174432,transfert,20190514,140829,16390060052
+33458005730,20190514140804,4,+33611174432,transfert,20190514,140804,16390006963
+33458005730,20190514102432,0,+33617165916,transfert,20190514,102432,16388335835
+33458005730,20190514091608,325,+33666495386,transfert,20190514,091608,16387698660
+33458005730,20190514091509,5,+33666495386,transfert,20190514,091509,16387646364
+33458005730,20190514090912,3,+33666495386,transfert,20190514,090912,16387594859
+33458005730,20190514090230,5,+33666495386,transfert,20190514,090230,16387539274
+33458005730,20190514090039,12,+33666495386,transfert,20190514,090039,16387525190
+33458005730,20190513174631,9,+594694937374,transfert,20190513,174631,16385367157
+33458005730,20190513171254,984,+594694937374,transfert,20190513,171254,16385256392
+33458005730,20190513171837,6,+33240777020,transfert,20190513,171837,16385189707
+33458005730,20190513164942,82,+33680089125,transfert,20190513,164942,16384969255
+33458005730,20190513163230,258,+33695123314,transfert,20190513,163230,16384843465
+33458005730,20190513163144,6,+33695123314,transfert,20190513,163144,16384800377
+33458005730,20190513163040,12,+33695123314,transfert,20190513,163040,16384793222
+33458005730,20190513160604,287,+33661916499,transfert,20190513,160604,16384599085
+33458005730,20190513160458,12,+33661916499,transfert,20190513,160458,16384552404
+33458005730,20190513155250,425,+41264697416,transfert,20190513,155250,16384499191
+33458005730,20190513152348,393,+33240777020,transfert,20190513,152348,16384223600
+33458005730,20190513150141,268,+33612906097,transfert,20190513,150141,16383977109
+33458005730,20190513145816,153,+3269810502,transfert,20190513,145816,16383919706
+33458005730,20190513143443,150,+33608429394,transfert,20190513,143443,16383692160
+33458005730,20190513143252,73,+33680012144,transfert,20190513,143252,16383663261
+33458005730,20190513140509,773,anonymous,transfert,20190513,140509,16383517533
+33458005730,20190513133506,13,+41264697416,transfert,20190513,133506,16383247238
+33458005730,20190513104539,152,+33630513012,transfert,20190513,104539,16382057859
+33458005730,20190513103400,128,+33561060380,transfert,20190513,103400,16381924191
+33458005730,20190513095634,4,+33610599750,transfert,20190513,095634,16381484603
+33458005730,20190513095014,181,+41795393049,transfert,20190513,095014,16381448996
+33458005730,20190513094253,16,+33182285695,transfert,20190513,094253,16381339977
+33458005730,20190513093939,3,+33610599750,transfert,20190513,093939,16381305870
+33458005730,20190513093605,3,+33610599750,transfert,20190513,093605,16381267453
+33458005730,20190513092445,156,+41799459951,transfert,20190513,092445,16381186898
+33458005730,20190513091650,134,+33625623735,transfert,20190513,091650,16381102786
+33458005730,20190510165516,101,+33610599750,transfert,20190510,165516,16371850198
+33458005730,20190510163555,271,+33610599750,transfert,20190510,163555,16371752892
+33458005730,20190510144539,5,+33652394331,transfert,20190510,144539,16371604188
+33458005730,20190510155705,4,+33825100080,transfert,20190510,155705,16371542024
+33458005730,20190510143513,17,+3281261200,transfert,20190510,143513,16371156406
+33458005730,20190510155109,6,+33476078858,transfert,20190510,155109,16370791097
+33458005730,20190510151845,292,+33476078858,transfert,20190510,151845,16370668627
+33458005730,20190510153945,6,+33476078858,transfert,20190510,153945,16370529388
+33458005730,20190510174420,33,+33610599750,transfert,20190510,174420,16370485420
+33458005730,20190510172640,396,+33695123314,transfert,20190510,172640,16370381381
+33458005730,20190510170623,172,+3281261200,transfert,20190510,170623,16370230193
+33458005730,20190510143601,5,+3281261200,transfert,20190510,143601,16370125481
+33458005730,20190510154921,16,+3242346091,transfert,20190510,154921,16370001858
+33458005730,20190510155612,6,+33825100080,transfert,20190510,155612,16369923733
+33458005730,20190510151048,392,+33652394331,transfert,20190510,151048,16369785375
+33458005730,20190510145545,0,+33652394331,transfert,20190510,145545,16369731633
+33458005730,20190510142715,9,+33680012144,transfert,20190510,142715,16369617640
+33458005730,20190510145613,13,+33652394331,transfert,20190510,145613,16369604536
+33458005730,20190510142715,48,+33652394331,transfert,20190510,142715,16369438286
+33458005730,20190510141020,10,+33612495779,transfert,20190510,141020,16369200658
+33458005730,20190510140741,14,+33476078858,transfert,20190510,140741,16369163928
+33458005730,20190510135548,3,+41799459951,transfert,20190510,135548,16368992840
+33458005730,20190510135526,11,+41799459951,transfert,20190510,135526,16368989084
+33458005730,20190510110547,56,+33611186442,transfert,20190510,110547,16367934109
+33458005730,20190510105326,788,+33613161148,transfert,20190510,105326,16367929661
+33458005730,20190510104922,323,+32477377633,transfert,20190510,104922,16367809747
+33458005730,20190510105234,12,+33613161148,transfert,20190510,105234,16367792684
+33458005730,20190510090916,43,+33678941936,transfert,20190510,090916,16366764549
+33458005730,20190510090932,0,+33476904157,transfert,20190510,090932,16366758614
+33458005730,20190509173507,671,+33621883924,transfert,20190509,173507,16364395665
+33458005730,20190509170501,85,+33610376311,transfert,20190509,170501,16364117154
+33458005730,20190509170117,4,+33613240455,transfert,20190509,170117,16364075462
+33458005730,20190509165605,278,+594694937374,transfert,20190509,165605,16364071133
+33458005730,20190509165533,5,+594694937374,transfert,20190509,165533,16364025413
+33458005730,20190509163933,2,+41795393049,transfert,20190509,163933,16363891314
+33458005730,20190509163840,2,+41795393049,transfert,20190509,163840,16363882121
+33458005730,20190509163812,4,+41795393049,transfert,20190509,163812,16363879305
+33458005730,20190509163728,12,+41795393049,transfert,20190509,163728,16363874578
+33458005730,20190509162800,45,+33612495779,transfert,20190509,162800,16363793278
+33458005730,20190509160937,275,+33675890059,transfert,20190509,160937,16363656314
+33458005730,20190509144612,117,+33388180885,transfert,20190509,144612,16362851422
+33458005730,20190509123852,211,+33660492250,transfert,20190509,123852,16362034194
+33458005730,20190509123813,12,+33660492250,transfert,20190509,123813,16362019432
+33458005730,20190509110012,4,+33660770402,transfert,20190509,110012,16361200509
+33458005730,20190509103129,4,+33660770402,transfert,20190509,103129,16360892978
+33458005730,20190509095435,9,+33660770402,transfert,20190509,095435,16360469776
+33458005730,20190508151924,7,+33695123314,transfert,20190508,151924,16357324609
+33458005730,20190507184825,11,+33661916499,transfert,20190507,184825,16354374672
+33458005730,20190507184714,7,+33661916499,transfert,20190507,184714,16354370999
+33458005730,20190507174442,258,+33607426837,transfert,20190507,174442,16354049744
+33458005730,20190507170245,108,+33680479448,transfert,20190507,170245,16353744246
+33458005730,20190507165823,72,+33683368143,transfert,20190507,165823,16353703257
+33458005730,20190507165550,40,+33683368143,transfert,20190507,165550,16353678128
+33458005730,20190507163517,56,+33645231362,transfert,20190507,163517,16353496526
+33458005730,20190507161635,694,+33607349901,transfert,20190507,161635,16353420637
+33458005730,20190507162558,7,+33680479448,transfert,20190507,162558,16353405453
+33458005730,20190507162448,7,+33645231362,transfert,20190507,162448,16353395253
+33458005730,20190507161016,649,+447794525432,transfert,20190507,161016,16353360301
+33458005730,20190507161153,8,+33645231362,transfert,20190507,161153,16353270124
+33458005730,20190507155133,1158,+33660770402,transfert,20190507,155133,16353255293
+33458005730,20190507160432,3,+33645231362,transfert,20190507,160432,16353198563
+33458005730,20190507160356,4,+33645231362,transfert,20190507,160356,16353195295
+33458005730,20190507154133,7,+33660770402,transfert,20190507,154133,16352977724
+33458005730,20190507153550,127,+33645231362,transfert,20190507,153550,16352938349
+33458005730,20190507152455,34,+33645231362,transfert,20190507,152455,16352826417
+33458005730,20190507152236,109,+33613100765,transfert,20190507,152236,16352816707
+33458005730,20190507150950,150,+33645231362,transfert,20190507,150950,16352700699
+33458005730,20190507150909,5,+33660770402,transfert,20190507,150909,16352672364
+33458005730,20190507150900,15,+33645231362,transfert,20190507,150900,16352668890
+33458005730,20190507150752,21,+33645231362,transfert,20190507,150752,16352658196
+33458005730,20190507144852,11,+33660770402,transfert,20190507,144852,16352479879
+33458005730,20190507143131,952,+33661354281,transfert,20190507,143131,16352465065
+33458005730,20190507144454,45,+33608841533,transfert,20190507,144454,16352445726
+33458005730,20190507144513,9,+33385981600,transfert,20190507,144513,16352442856
+33458005730,20190507143057,12,+33661354281,transfert,20190507,143057,16352308060
+33458005730,20190507140812,12,+33607349901,transfert,20190507,140812,16352092841
+33458005730,20190507124636,6,+33680479448,transfert,20190507,124636,16351699459
+33458005730,20190507120634,54,+33240777020,transfert,20190507,120634,16351506695
+33458005730,20190507120400,5,+33613100765,transfert,20190507,120400,16351482214
+33458005730,20190507120038,5,+33615621185,transfert,20190507,120038,16351456573
+33458005730,20190507115615,115,+33607349901,transfert,20190507,115615,16351436623
+33458005730,20190507115305,2,+33615621185,transfert,20190507,115305,16351390923
+33458005730,20190507114021,18,+33615621185,transfert,20190507,114021,16351259942
+33458005730,20190507113559,2,+33615621185,transfert,20190507,113559,16351214110
+33458005730,20190507113523,5,+33615621185,transfert,20190507,113523,16351207749
+33458005730,20190507113259,4,+33613100765,transfert,20190507,113259,16351183931
+33458005730,20190507112120,56,+33613100765,transfert,20190507,112120,16351069408
+33458005730,20190507105833,5,+33615621185,transfert,20190507,105833,16350811205
+33458005730,20190507105803,5,+33615621185,transfert,20190507,105803,16350805691
+33458005730,20190506184911,3,+33611174432,transfert,20190506,184911,16347858561
+33458005730,20190506184830,3,+33611174432,transfert,20190506,184830,16347856024
+33458005730,20190506172411,423,+33613147652,transfert,20190506,172411,16347405901
+33458005730,20190506170335,95,+33610599750,transfert,20190506,170335,16347211495
+33458005730,20190506164522,3,+33660770402,transfert,20190506,164522,16347050071
+33458005730,20190506164116,100,+33660770402,transfert,20190506,164116,16347025150
+33458005730,20190506164122,6,+33660763580,transfert,20190506,164122,16347014613
+33458005730,20190506163743,142,+33610599750,transfert,20190506,163743,16347000164
+33458005730,20190506162941,572,+33661106704,transfert,20190506,162941,16346991961
+33458005730,20190506161815,556,+33240777020,transfert,20190506,161815,16346888787
+33458005730,20190506162657,3,+33610599750,transfert,20190506,162657,16346886330
+33458005730,20190506161752,0,+33661106704,transfert,20190506,161752,16346808647
+33458005730,20190506160223,73,+33825100080,transfert,20190506,160223,16346683609
+33458005730,20190506143707,397,+33660770402,transfert,20190506,143707,16345931458
+33458005730,20190506140459,420,+33660763580,transfert,20190506,140459,16345591849
+33458005730,20190506140608,13,+33660770402,transfert,20190506,140608,16345533510
+33458005730,20190506094429,954,+33607956032,transfert,20190506,094429,16343566473
+33458005730,20190506093511,13,+33623664277,transfert,20190506,093511,16343298540
+33458005730,20190506090203,217,+33561078723,transfert,20190506,090203,16343005736
+33458005730,20190504140856,12,+33613240455,transfert,20190504,140856,16336681809
+33458005730,20190504140741,12,+33613240455,transfert,20190504,140741,16336676046
+33458005730,20190504134922,19,+33613240455,transfert,20190504,134922,16336618210
+33458005730,20190504091809,14,+262692705769,transfert,20190504,091809,16335706608
+33458005730,20190503184250,3,+33298305543,transfert,20190503,184250,16334030445
+33458005730,20190503182346,117,+33298305543,transfert,20190503,182346,16333961736
+33458005730,20190503173828,136,+212688972776,transfert,20190503,173828,16333721951
+33458005730,20190503173234,176,+212688972776,transfert,20190503,173234,16333690489
+33458005730,20190503173216,152,+33324380920,transfert,20190503,173216,16333684936
+33458005730,20190503171613,535,+33688222647,transfert,20190503,171613,16333620519
+33458005730,20190503164931,36,+33630513012,transfert,20190503,164931,16333367879
+33458005730,20190503154723,208,+33683368143,transfert,20190503,154723,16332863990
+33458005730,20190503142754,5,+33613147652,transfert,20190503,142754,16332104274
+33458005730,20190503142358,24,+33610599750,transfert,20190503,142358,16332069694
+33458005730,20190503130706,4,+33683368143,transfert,20190503,130706,16331602890
+33458005730,20190503121847,12,+33660763580,transfert,20190503,121847,16331397711
+33458005730,20190503111725,53,+33610599750,transfert,20190503,111725,16330865713
+33458005730,20190503104610,110,+33680012144,transfert,20190503,104610,16330558010
+33458005730,20190503102140,62,+33240777020,transfert,20190503,102140,16330307379
+33458005730,20190503100418,790,+33612896318,transfert,20190503,100418,16330253085
+33458005730,20190503091249,132,+33648544291,transfert,20190503,091249,16329650084
+33458005730,20190502170602,274,+33322389353,transfert,20190502,170602,16327162064
+33458005730,20190502170538,0,+33322389353,transfert,20190502,170538,16327119763
+33458005730,20190502162805,111,+33648544291,transfert,20190502,162805,16326814535
+33458005730,20190502162202,3,+33648544291,transfert,20190502,162202,16326749081
+33458005730,20190502161042,278,+33565607055,transfert,20190502,161042,16326684962
+33458005730,20190502155058,43,+33608415338,transfert,20190502,155058,16326467304
+33458005730,20190502152248,197,+33623664277,transfert,20190502,152248,16326244001
+33458005730,20190502144733,66,+33457364871,transfert,20190502,144733,16325896945
+33458005730,20190502142233,1060,+594694937374,transfert,20190502,142233,16325813598
+33458005730,20190502142557,243,+33622309206,transfert,20190502,142557,16325714932
+33458005730,20190502141029,5,+33680012144,transfert,20190502,141029,16325529513
+33458005730,20190502135810,702,+594694937374,transfert,20190502,135810,16325519892
+33458005730,20190502120914,192,+33613240455,transfert,20190502,120914,16324930667
+33458005730,20190502120057,14,+594694937374,transfert,20190502,120057,16324852800
+33458005730,20190502115952,10,+594694937374,transfert,20190502,115952,16324823471
+33458005730,20190502115931,6,+594694937374,transfert,20190502,115931,16324820224
+33458005730,20190502115715,53,+594694937374,transfert,20190502,115715,16324797158
+33458005730,20190502115613,16,+594694937374,transfert,20190502,115613,16324783720
+33458005730,20190502114221,681,+33613240455,transfert,20190502,114221,16324750113
+33458005730,20190502112545,707,+33613240455,transfert,20190502,112545,16324582613
+33458005730,20190502110125,219,+33630481676,transfert,20190502,110125,16324238008
+33458005730,20190502103637,114,+33648544291,transfert,20190502,103637,16323959192
+33458005730,20190502102900,100,+33648544291,transfert,20190502,102900,16323867999
+33458005730,20190502102800,34,+33681975031,transfert,20190502,102800,16323844901
+33458005730,20190502102057,90,+33769494028,transfert,20190502,102057,16323777328
+33458005730,20190502101000,197,+33666973566,transfert,20190502,101000,16323674017
+33458005730,20190501140009,3,+33769494028,transfert,20190501,140009,16320427882
+33458005730,20190501135942,3,+33769494028,transfert,20190501,135942,16320427116
+33458005730,20190501132133,4,+33769494028,transfert,20190501,132133,16320348277
+33458005730,20190501132105,5,+33769494028,transfert,20190501,132105,16320346826
+33458005730,20190501125058,3,+33769494028,transfert,20190501,125058,16320281454
+33458005730,20190501125021,11,+33769494028,transfert,20190501,125021,16320279710
+33458005707,20190531155046,897,+33615447240,incoming,20190531,155046,16487771338
+33458005707,20190531144744,45,+442075626753,incoming,20190531,144744,16487211264
+33458005707,20190531130105,13,+2302121443,transfert,20190531,130105,16486568754
+33458005707,20190531130104,4,+23057671868,transfert,20190531,130104,16486567475
+33458005707,20190531120644,169,+33630513012,incoming,20190531,120644,16486338406
+33458005707,20190529170045,1440,+33626632564,incoming,20190529,170045,16479397771
+33458005707,20190529151930,7,+33183818178,transfert,20190529,151930,16478279951
+33458005707,20190529151814,84,anonymous,incoming,20190529,151814,16478276966
+33458005707,20190529140618,31,+33950384869,incoming,20190529,140618,16477607068
+33458005707,20190529133724,53,+33658898832,incoming,20190529,133724,16477421186
+33458005707,20190529132628,473,+34609903507,incoming,20190529,132628,16477399045
+33458005707,20190529131130,18,+34609903507,transfert,20190529,131130,16477302600
+33458005707,20190529114604,0,anonymous,miss,20190529,114604,16476855798
+33458005707,20190529092342,87,anonymous,incoming,20190529,092342,16475461908
+33458005707,20190528155631,95,+442075626753,incoming,20190528,155631,16472285077
+33458005707,20190528153751,416,anonymous,incoming,20190528,153751,16472162872
+33458005707,20190528135919,410,+33652394331,incoming,20190528,135919,16471226962
+33458005707,20190528113557,244,+33474421800,incoming,20190528,113557,16470429719
+33458005707,20190528111927,112,+33673188402,incoming,20190528,111927,16470229944
+33458005707,20190528104356,44,+33183818178,incoming,20190528,104356,16469828146
+33458005707,20190528103747,51,+33186262547,incoming,20190528,103747,16469769870
+33458005707,20190528095133,468,+33187397034,incoming,20190528,095133,16469348730
+33458005707,20190527140342,1,+33630513012,incoming,20190527,140342,16464402077
+33458005707,20190527140049,104,+33669457321,incoming,20190527,140049,16464386899
+33458005707,20190527110156,22,+33147565158,incoming,20190527,110156,16463160084
+33458005707,20190524154211,443,+33769494028,incoming,20190524,154211,16451073058
+33458005707,20190524145924,923,+33614024779,incoming,20190524,145924,16450788173
+33458005707,20190524144918,10,+33614024779,incoming,20190524,144918,16450586772
+33458005707,20190524104240,169,+33612906097,incoming,20190524,104240,16448910717
+33458005707,20190523173934,70,+33609723460,incoming,20190523,173934,16445729251
+33458005707,20190523171724,1232,+33612906097,incoming,20190523,171724,16445708444
+33458005707,20190523171504,552,+33474421800,incoming,20190523,171504,16445611965
+33458005707,20190523152341,100,+33476904157,incoming,20190523,152341,16444594409
+33458005707,20190523150240,279,+33147566517,incoming,20190523,150240,16444429886
+33458005707,20190523141153,362,+33607956032,incoming,20190523,141153,16443975288
+33458005707,20190523123750,8,+33140555014,transfert,20190523,123750,16443495282
+33458005707,20190523102137,129,+33684720685,incoming,20190523,102137,16442367574
+33458005707,20190523101137,403,+33143646674,incoming,20190523,101137,16442316531
+33458005707,20190523101331,16,+33684720685,transfert,20190523,101331,16442273530
+33458005707,20190523093139,19,+32494046230,incoming,20190523,093139,16441866043
+33458005707,20190523093105,13,+32494046230,incoming,20190523,093105,16441859007
+33458005707,20190522164531,335,+33630513012,incoming,20190522,164531,16439061800
+33458005707,20190522164544,37,+33147566517,incoming,20190522,164544,16439024522
+33458005707,20190522162914,237,+33769387095,incoming,20190522,162914,16438914627
+33458005707,20190522145922,1069,+33608936938,incoming,20190522,145922,16438241978
+33458005707,20190522140926,391,+33437903002,incoming,20190522,140926,16437675540
+33458005707,20190522120819,806,+302141008859,incoming,20190522,120819,16437057801
+33458005707,20190521163326,1110,+33648350528,incoming,20190521,163326,16432827980
+33458005707,20190521163906,4,+33664111670,transfert,20190521,163906,16432711985
+33458005707,20190521142114,564,+33474421800,incoming,20190521,142114,16431483678
+33458005707,20190521141216,408,+33650315458,incoming,20190521,141216,16431367152
+33458005707,20190521085156,420,+33609094206,incoming,20190521,085156,16428789039
+33458005707,20190521084725,3,+33609094206,incoming,20190521,084725,16428732541
+33458005707,20190520175408,4,+33648350528,transfert,20190520,175408,16426386866
+33458005707,20190520174501,14,+33474421800,transfert,20190520,174501,16426318511
+33458005707,20190520140216,1028,+33972376065,incoming,20190520,140216,16424324344
+33458005707,20190520115220,128,+33609723460,incoming,20190520,115220,16423414468
+33458005707,20190520114434,40,+33611697860,incoming,20190520,114434,16423316765
+33458005707,20190520113310,126,+33611023244,incoming,20190520,113310,16423204498
+33458005707,20190520094934,50,+33611697860,incoming,20190520,094934,16422070570
+33458005707,20190520094454,162,+33671670769,incoming,20190520,094454,16422044085
+33458005707,20190517162939,205,+34934897486,incoming,20190517,162939,16410786538
+33458005707,20190517153457,357,+33632660386,incoming,20190517,153457,16410313916
+33458005707,20190517135509,174,+33631444094,incoming,20190517,135509,16409367974
+33458005707,20190516145328,531,+33609723460,incoming,20190516,145328,16403459116
+33458005707,20190516144728,385,+33660770402,incoming,20190516,144728,16403379061
+33458005707,20190516110521,536,+32499941330,incoming,20190516,110521,16401841247
+33458005707,20190516104839,877,+33651624737,incoming,20190516,104839,16401728603
+33458005707,20190516102950,203,+33630513012,incoming,20190516,102950,16401426552
+33458005707,20190516092713,944,+33695511609,incoming,20190516,092713,16400933966
+33458005707,20190515170600,322,+33611023244,incoming,20190515,170600,16398308147
+33458005707,20190515143340,241,+33272735633,incoming,20190515,143340,16396966450
+33458005707,20190515115442,696,+33457421316,incoming,20190515,115442,16396043162
+33458005707,20190515114310,449,+33638431672,incoming,20190515,114310,16395908580
+33458005707,20190515114125,362,+33608429394,incoming,20190515,114125,16395878493
+33458005707,20190515101153,393,+33607956032,incoming,20190515,101153,16394998582
+33458005707,20190514161753,537,+33680606520,incoming,20190514,161753,16391374170
+33458005707,20190514160313,713,+33658898832,incoming,20190514,160313,16391254137
+33458005707,20190514150143,1519,+351962594356,incoming,20190514,150143,16390793110
+33458005707,20190514144148,1096,+33680606520,incoming,20190514,144148,16390510859
+33458005707,20190514145458,12,+351962594356,transfert,20190514,145458,16390460531
+33458005707,20190514145359,14,+351962594356,transfert,20190514,145359,16390452744
+33458005707,20190514140829,322,+33611174432,incoming,20190514,140829,16390060469
+33458005707,20190514091608,325,+33666495386,incoming,20190514,091608,16387698497
+33458005707,20190513163230,258,+33695123314,incoming,20190513,163230,16384843312
+33458005707,20190513160458,12,+33661916499,transfert,20190513,160458,16384552489
+33458005707,20190513145816,153,+3269810502,incoming,20190513,145816,16383919492
+33458005707,20190513145501,33,+33387258515,incoming,20190513,145501,16383867520
+33458005707,20190513143443,150,+33608429394,incoming,20190513,143443,16383692188
+33458005707,20190513140509,773,anonymous,incoming,20190513,140509,16383517442
+33458005707,20190513101504,364,+33387258515,incoming,20190513,101504,16381757306
+33458005707,20190513091650,134,+33625623735,incoming,20190513,091650,16381103034
+33458005707,20190510155612,6,+33825100080,transfert,20190510,155612,16371565362
+33458005707,20190510150752,60,+33651903825,incoming,20190510,150752,16371155755
+33458005707,20190510145613,13,+33652394331,transfert,20190510,145613,16370665317
+33458005707,20190510143513,17,+3281261200,transfert,20190510,143513,16369843886
+33458005707,20190510142346,12,+33651903825,transfert,20190510,142346,16369423093
+33458005707,20190510141020,10,+33612495779,transfert,20190510,141020,16369206793
+33458005707,20190510135548,3,+41799459951,transfert,20190510,135548,16368992971
+33458005707,20190510110547,56,+33611186442,transfert,20190510,110547,16367934606
+33458005707,20190510105326,788,+33613161148,incoming,20190510,105326,16367927602
+33458005707,20190510090916,43,+33678941936,incoming,20190510,090916,16366764337
+33458005707,20190510090932,0,+33476904157,miss,20190510,090932,16366759261
+33458005707,20190509181702,20,+33651903825,transfert,20190509,181702,16364575575
+33458005707,20190509170139,3209,+33613240455,incoming,20190509,170139,16364450850
+33458005707,20190509173507,671,+33621883924,incoming,20190509,173507,16364395601
+33458005707,20190509170501,85,+33610376311,incoming,20190509,170501,16364117058
+33458005707,20190509165605,278,+594694937374,incoming,20190509,165605,16364071115
+33458005707,20190509162800,45,+33612495779,incoming,20190509,162800,16363793384
+33458005707,20190509160937,275,+33675890059,incoming,20190509,160937,16363655778
+33458005707,20190509144612,117,+33388180885,incoming,20190509,144612,16362851648
+33458005707,20190509123852,211,+33660492250,incoming,20190509,123852,16362034172
+33458005707,20190508151924,7,+33695123314,transfert,20190508,151924,16357324587
+33458005707,20190507184714,7,+33661916499,transfert,20190507,184714,16354370989
+33458005707,20190507173044,53,+33683368143,incoming,20190507,173044,16353935733
+33458005707,20190507170245,108,+33680479448,incoming,20190507,170245,16353744020
+33458005707,20190507165823,72,+33683368143,incoming,20190507,165823,16353703877
+33458005707,20190507163517,56,+33645231362,incoming,20190507,163517,16353496563
+33458005707,20190507161635,694,+33607349901,incoming,20190507,161635,16353420662
+33458005707,20190507162558,7,+33680479448,transfert,20190507,162558,16353405691
+33458005707,20190507161016,649,+447794525432,incoming,20190507,161016,16353360425
+33458005707,20190507150950,150,+33645231362,incoming,20190507,150950,16352700411
+33458005707,20190507143131,952,+33661354281,incoming,20190507,143131,16352464996
+33458005707,20190507115615,115,+33607349901,incoming,20190507,115615,16351435840
+33458005707,20190506184830,3,+33611174432,transfert,20190506,184830,16347856005
+33458005707,20190506162941,572,+33661106704,incoming,20190506,162941,16346991385
+33458005707,20190506160223,73,+33825100080,incoming,20190506,160223,16346711865
+33458005707,20190506094429,954,+33607956032,incoming,20190506,094429,16343565802
+33458005707,20190506090203,217,+33561078723,incoming,20190506,090203,16343005753
+33458005707,20190504140856,12,+33613240455,transfert,20190504,140856,16336681825
+33458005707,20190504091809,14,+262692705769,transfert,20190504,091809,16335706639
+33458005707,20190503182346,117,+33298305543,incoming,20190503,182346,16333961724
+33458005707,20190503173216,152,+33324380920,incoming,20190503,173216,16333684983
+33458005707,20190503100418,790,+33612896318,incoming,20190503,100418,16330252771
+33458005707,20190502170538,0,+33322389353,miss,20190502,170538,16327119935
+33458005707,20190502142557,243,+33622309206,incoming,20190502,142557,16325714961
+33458005707,20190502120914,192,+33613240455,incoming,20190502,120914,16324930704
+33458005707,20190502114221,681,+33613240455,incoming,20190502,114221,16324750589
+33458005707,20190502112545,707,+33613240455,incoming,20190502,112545,16324582483
+33458005707,20190502102800,34,+33681975031,incoming,20190502,102800,16323845520
+33458005707,20190502101000,197,+33666973566,incoming,20190502,101000,16323674162
+33458005707,20190501140009,3,+33769494028,transfert,20190501,140009,16320427887
+33458005707,20190501132133,4,+33769494028,transfert,20190501,132133,16320348276
+33458005707,20190501125058,3,+33769494028,transfert,20190501,125058,16320281482
+33458005709,20190531174634,8,+594694937374,transfert,20190531,174634,16488422026
+33458005709,20190531174454,5,+594694937374,transfert,20190531,174454,16488412336
+33458005709,20190531170921,517,+33681878470,incoming,20190531,170921,16488244635
+33458005709,20190531162850,253,+594694937374,incoming,20190531,162850,16487945956
+33458005709,20190531144446,185,+33610599750,incoming,20190531,144446,16487205522
+33458005709,20190531144631,3,+33681878470,transfert,20190531,144631,16487194046
+33458005709,20190531144330,3,+33610599750,transfert,20190531,144330,16487167622
+33458005709,20190531125905,10,+23057671868,transfert,20190531,125905,16486559347
+33458005709,20190531122333,19,+33610599750,incoming,20190531,122333,16486396033
+33458005709,20190529173032,404,+33755506479,incoming,20190529,173032,16479500741
+33458005709,20190529162317,44,+33630513012,incoming,20190529,162317,16478878674
+33458005709,20190529161944,115,+33630513012,incoming,20190529,161944,16478860949
+33458005709,20190529155845,366,+33620970453,incoming,20190529,155845,16478715207
+33458005709,20190529154340,40,+33630513012,incoming,20190529,154340,16478513881
+33458005709,20190529150020,52,+33610599750,incoming,20190529,150020,16478097020
+33458005709,20190529145941,3,+33610599750,transfert,20190529,145941,16478084799
+33458005709,20190529144000,128,+33251679519,incoming,20190529,144000,16477915295
+33458005709,20190529143253,263,+33658898832,incoming,20190529,143253,16477872376
+33458005709,20190529140534,95,+33950384869,transfert,20190529,140534,16477610095
+33458005709,20190529131240,4,+34609903507,transfert,20190529,131240,16477305387
+33458005709,20190529112127,297,+33633119600,incoming,20190529,112127,16476663487
+33458005709,20190529110229,152,+41797062670,incoming,20190529,110229,16476454314
+33458005709,20190529101308,29,+33610599750,incoming,20190529,101308,16475934441
+33458005709,20190529100412,187,+33476681768,incoming,20190529,100412,16475867896
+33458005709,20190529090001,204,+33699253887,incoming,20190529,090001,16475282293
+33458005709,20190528172012,160,+41264697416,incoming,20190528,172012,16473018512
+33458005709,20190528164538,815,+33648350528,incoming,20190528,164538,16472824440
+33458005709,20190528164224,105,+33610599750,incoming,20190528,164224,16472689178
+33458005709,20190528164230,17,+33238227525,transfert,20190528,164230,16472677830
+33458005709,20190528163707,5,+33476152121,transfert,20190528,163707,16472626012
+33458005709,20190528163637,11,+33476152121,transfert,20190528,163637,16472623317
+33458005709,20190528163243,12,+41797062670,transfert,20190528,163243,16472590621
+33458005709,20190528155121,10,+33648350528,transfert,20190528,155121,16472221822
+33458005709,20190528142630,6,anonymous,transfert,20190528,142630,16471415386
+33458005709,20190528142456,20,anonymous,transfert,20190528,142456,16471400694
+33458005709,20190528113023,19,+33630513012,incoming,20190528,113023,16470330409
+33458005709,20190528105625,259,+33676194613,incoming,20190528,105625,16470007862
+33458005709,20190528103145,172,+33238227525,incoming,20190528,103145,16469725906
+33458005709,20190527180429,12,+33238227525,transfert,20190527,180429,16466725144
+33458005709,20190527170222,407,+33669906993,incoming,20190527,170222,16466306157
+33458005709,20190527170652,2,+33630513012,transfert,20190527,170652,16466288427
+33458005709,20190527162950,24,+33669906993,incoming,20190527,162950,16465929436
+33458005709,20190527145845,362,+33685708650,incoming,20190527,145845,16465038663
+33458005709,20190527150132,10,+40740071530,transfert,20190527,150132,16465009774
+33458005709,20190527145055,161,+33683314468,incoming,20190527,145055,16464915275
+33458005709,20190527142649,197,+33686036353,incoming,20190527,142649,16464671983
+33458005709,20190527141916,0,+33617165916,miss,20190527,141916,16464559879
+33458005709,20190527141548,12,+33617165916,transfert,20190527,141548,16464529447
+33458005709,20190527141238,33,+33683314468,transfert,20190527,141238,16464499774
+33458005709,20190527140412,206,+33630513012,incoming,20190527,140412,16464442153
+33458005709,20190527140304,11,+33630513012,transfert,20190527,140304,16464396281
+33458005709,20190527140029,3,+33630513012,transfert,20190527,140029,16464372391
+33458005709,20190527120529,3,+41788784966,transfert,20190527,120529,16463757066
+33458005709,20190527113727,16,+33664111670,transfert,20190527,113727,16463511326
+33458005709,20190527111745,3,+33630513012,transfert,20190527,111745,16463307214
+33458005709,20190527101525,4,+33630513012,transfert,20190527,101525,16462675190
+33458005709,20190524171401,378,+33663801570,incoming,20190524,171401,16451758051
+33458005709,20190524162451,45,+33769494028,incoming,20190524,162451,16451360771
+33458005709,20190524155628,281,+33782298799,incoming,20190524,155628,16451169117
+33458005709,20190524154246,6,+41788784966,transfert,20190524,154246,16451017757
+33458005709,20190524154144,3,+33769494028,transfert,20190524,154144,16451008574
+33458005709,20190524154109,11,+33769494028,transfert,20190524,154109,16451004430
+33458005709,20190524143606,48,+33782298799,transfert,20190524,143606,16450487869
+33458005709,20190524141328,118,+33685915513,incoming,20190524,141328,16450308968
+33458005709,20190524140138,3,+33685915513,transfert,20190524,140138,16450192729
+33458005709,20190524135455,4,+33685915513,transfert,20190524,135455,16450146156
+33458005709,20190524133851,4,+41788784966,transfert,20190524,133851,16450068707
+33458005709,20190524133818,16,+41788784966,transfert,20190524,133818,16450066626
+33458005709,20190524133718,12,+33685915513,transfert,20190524,133718,16450062734
+33458005709,20190524114445,357,+33663801570,incoming,20190524,114445,16449521981
+33458005709,20190524112823,292,+33682599061,incoming,20190524,112823,16449361839
+33458005709,20190524113120,14,+33559122057,transfert,20190524,113120,16449349490
+33458005709,20190524092537,6,+33782298799,transfert,20190524,092537,16448132053
+33458005709,20190523171523,13,+33612906097,transfert,20190523,171523,16445546975
+33458005709,20190523165028,3,+33630513012,transfert,20190523,165028,16445367130
+33458005709,20190523162943,4,+41799459951,transfert,20190523,162943,16445193971
+33458005709,20190523162913,3,+33630513012,transfert,20190523,162913,16445191172
+33458005709,20190523161532,4,+33630513012,transfert,20190523,161532,16445060047
+33458005709,20190523160228,5,+33630513012,transfert,20190523,160228,16444940513
+33458005709,20190523141242,7,+33610710166,transfert,20190523,141242,16443928130
+33458005709,20190523120309,54,+33669906993,incoming,20190523,120309,16443326753
+33458005709,20190523114934,177,+33607956032,incoming,20190523,114934,16443240818
+33458005709,20190523114131,92,+33358931697,incoming,20190523,114131,16443148170
+33458005709,20190523100653,530,+33782298799,incoming,20190523,100653,16442291658
+33458005709,20190523101042,12,+33143646674,transfert,20190523,101042,16442244461
+33458005709,20190522175411,10,+33648350528,transfert,20190522,175411,16439531066
+33458005709,20190522164502,3,+33630513012,transfert,20190522,164502,16439016096
+33458005709,20190522164352,9,+33630513012,transfert,20190522,164352,16439006982
+33458005709,20190522150517,74,+33951918755,incoming,20190522,150517,16438144741
+33458005709,20190522140821,448,+33671764653,incoming,20190522,140821,16437674231
+33458005709,20190522140836,9,+33437903002,transfert,20190522,140836,16437608666
+33458005709,20190522094239,111,+41799459951,incoming,20190522,094239,16435642863
+33458005709,20190521164031,348,+33630513012,incoming,20190521,164031,16432778871
+33458005709,20190521161158,44,+33495501000,incoming,20190521,161158,16432451447
+33458005709,20190521155110,220,+33613161148,incoming,20190521,155110,16432267040
+33458005709,20190521153627,489,+33613161148,incoming,20190521,153627,16432177421
+33458005709,20190521142325,33,+33608698179,incoming,20190521,142325,16431417395
+33458005709,20190521134156,4,+32474223224,transfert,20190521,134156,16431079917
+33458005709,20190521131040,4,+32474223224,transfert,20190521,131040,16430953544
+33458005709,20190521123116,5,+32474223224,transfert,20190521,123116,16430800954
+33458005709,20190521115354,190,+33495501000,incoming,20190521,115354,16430584298
+33458005709,20190521114308,202,+33670469564,incoming,20190521,114308,16430478471
+33458005709,20190520160939,654,+33950682682,incoming,20190520,160939,16425578684
+33458005709,20190520160051,264,+33476675148,incoming,20190520,160051,16425461586
+33458005709,20190520153607,367,+33685708650,incoming,20190520,153607,16425196462
+33458005709,20190520114243,576,+33670469564,incoming,20190520,114243,16423391345
+33458005709,20190520115107,6,+33609723460,transfert,20190520,115107,16423378882
+33458005709,20190520112640,4,+33658898832,transfert,20190520,112640,16423119263
+33458005709,20190520105423,92,+33607956032,incoming,20190520,105423,16422786943
+33458005709,20190520095303,70,+33630513012,incoming,20190520,095303,16422109650
+33458005709,20190520094340,11,+33682525500,transfert,20190520,094340,16422012324
+33458005709,20190520090805,393,+33688222647,incoming,20190520,090805,16421730080
+33458005709,20190517171330,156,+594694937374,incoming,20190517,171330,16411116322
+33458005709,20190517171317,0,+594694937374,miss,20190517,171317,16411095254
+33458005709,20190517165734,315,+594694937374,incoming,20190517,165734,16411018049
+33458005709,20190517164409,623,+33476675148,incoming,20190517,164409,16410956405
+33458005709,20190517163215,551,+594694937374,incoming,20190517,163215,16410850299
+33458005709,20190517161243,5,+594694937374,transfert,20190517,161243,16410608425
+33458005709,20190517161017,10,+594694937374,transfert,20190517,161017,16410585645
+33458005709,20190517155824,307,+594694937374,incoming,20190517,155824,16410520836
+33458005709,20190517152611,598,+594694937374,incoming,20190517,152611,16410274756
+33458005709,20190517153251,76,+33632660386,transfert,20190517,153251,16410259555
+33458005709,20190517144922,7,+594694937374,transfert,20190517,144922,16409853521
+33458005709,20190517140716,486,+33670319041,incoming,20190517,140716,16409523602
+33458005709,20190517122034,8,+33476675148,transfert,20190517,122034,16408938206
+33458005709,20190517102737,179,anonymous,incoming,20190517,102737,16407833418
+33458005709,20190517093432,204,+33299008484,incoming,20190517,093432,16407255485
+33458005709,20190517090823,293,+33630513012,incoming,20190517,090823,16407012738
+33458005709,20190516182747,4,+33608864874,transfert,20190516,182747,16404983310
+33458005709,20190516181256,0,+33323063216,miss,20190516,181256,16404924096
+33458005709,20190516181204,8,+33323063216,transfert,20190516,181204,16404921517
+33458005709,20190516174425,5,+33608864874,transfert,20190516,174425,16404768800
+33458005709,20190516172832,33,+33608864874,transfert,20190516,172832,16404684839
+33458005709,20190516170932,84,+33240777020,transfert,20190516,170932,16404572455
+33458005709,20190516155946,44,+33623664277,transfert,20190516,155946,16403980534
+33458005709,20190516151321,24,+33240777020,transfert,20190516,151321,16403567647
+33458005709,20190516145257,0,+33609723460,miss,20190516,145257,16403372166
+33458005709,20190516145057,7,+33609723460,transfert,20190516,145057,16403356325
+33458005709,20190516144241,4,+33660770402,transfert,20190516,144241,16403277220
+33458005709,20190516110404,21,+32499941330,transfert,20190516,110404,16401746066
+33458005709,20190516102914,2,+33630513012,transfert,20190516,102914,16401392627
+33458005709,20190516102716,4,+32499941330,transfert,20190516,102716,16401377796
+33458005709,20190516100739,6,+33608415214,transfert,20190516,100739,16401182614
+33458005709,20190516100348,2,+33630513012,transfert,20190516,100348,16401142643
+33458005709,20190516100316,12,+33608415214,transfert,20190516,100316,16401135873
+33458005709,20190516100109,9,+33608415214,transfert,20190516,100109,16401115874
+33458005709,20190516095457,11,+33630513012,transfert,20190516,095457,16401055577
+33458005709,20190515170725,419,+33685708650,incoming,20190515,170725,16398331609
+33458005709,20190515162237,179,+33758751982,incoming,20190515,162237,16397951851
+33458005709,20190515152929,271,+33610599750,incoming,20190515,152929,16397510515
+33458005709,20190515143709,77,+33686209242,incoming,20190515,143709,16396976618
+33458005709,20190515140632,217,+33760830284,incoming,20190515,140632,16396704082
+33458005709,20190515140413,17,+33760830284,transfert,20190515,140413,16396650728
+33458005709,20190515114712,200,+494067380661,incoming,20190515,114712,16395904460
+33458005709,20190515114724,3,+33610599750,transfert,20190515,114724,16395884532
+33458005709,20190515113848,155,+33623664277,incoming,20190515,113848,16395820009
+33458005709,20190515114046,7,+33608429394,transfert,20190515,114046,16395815374
+33458005709,20190515113911,0,+33608429394,miss,20190515,113911,16395802653
+33458005709,20190515101554,255,+33686036353,incoming,20190515,101554,16395010907
+33458005709,20190515101032,18,+33607956032,transfert,20190515,101032,16394920050
+33458005709,20190514180213,11,+33661106704,transfert,20190514,180213,16392159290
+33458005709,20190514172247,124,+33675504159,incoming,20190514,172247,16391865762
+33458005709,20190514164919,249,+33686036353,incoming,20190514,164919,16391621914
+33458005709,20190514160241,6,+33658898832,transfert,20190514,160241,16391143027
+33458005709,20190514144000,297,+33771932745,incoming,20190514,144000,16390355038
+33458005709,20190514140804,4,+33611174432,transfert,20190514,140804,16390007338
+33458005709,20190514104421,4,anonymous,transfert,20190514,104421,16388553147
+33458005709,20190514103437,166,+33621161724,incoming,20190514,103437,16388477150
+33458005709,20190514102432,0,+33617165916,miss,20190514,102432,16388337319
+33458005709,20190514094305,10,anonymous,transfert,20190514,094305,16387908485
+33458005709,20190514094014,5,anonymous,transfert,20190514,094014,16387873238
+33458005709,20190514092710,6,anonymous,transfert,20190514,092710,16387751365
+33458005709,20190514092544,5,anonymous,transfert,20190514,092544,16387739069
+33458005709,20190514091721,130,+33621161724,incoming,20190514,091721,16387681428
+33458005709,20190514091509,5,+33666495386,transfert,20190514,091509,16387646631
+33458005709,20190514091314,13,+33621161724,transfert,20190514,091314,16387632055
+33458005709,20190514090912,3,+33666495386,transfert,20190514,090912,16387594351
+33458005709,20190514090231,5,+33666495386,transfert,20190514,090231,16387539963
+33458005709,20190514090039,12,+33666495386,transfert,20190514,090039,16387525307
+33458005709,20190513174632,9,+594694937374,transfert,20190513,174632,16385367791
+33458005709,20190513171254,984,+594694937374,incoming,20190513,171254,16385256334
+33458005709,20190513171837,6,+33240777020,transfert,20190513,171837,16385189783
+33458005709,20190513164942,82,+33680089125,incoming,20190513,164942,16384969275
+33458005709,20190513163144,6,+33695123314,transfert,20190513,163144,16384800292
+33458005709,20190513163040,12,+33695123314,transfert,20190513,163040,16384792971
+33458005709,20190513160604,287,+33661916499,incoming,20190513,160604,16384599061
+33458005709,20190513155250,425,+41264697416,incoming,20190513,155250,16384499228
+33458005709,20190513152348,393,+33240777020,incoming,20190513,152348,16384223973
+33458005709,20190513150141,268,+33612906097,incoming,20190513,150141,16383976955
+33458005709,20190513143252,73,+33680012144,incoming,20190513,143252,16383662752
+33458005709,20190513133506,13,+41264697416,transfert,20190513,133506,16383247224
+33458005709,20190513104539,152,+33630513012,incoming,20190513,104539,16382058174
+33458005709,20190513103400,128,+33561060380,incoming,20190513,103400,16381923847
+33458005709,20190513095634,4,+33610599750,transfert,20190513,095634,16381484169
+33458005709,20190513095014,181,+41795393049,incoming,20190513,095014,16381448838
+33458005709,20190513094253,16,+33182285695,transfert,20190513,094253,16381339864
+33458005709,20190513093939,3,+33610599750,transfert,20190513,093939,16381306019
+33458005709,20190513093605,3,+33610599750,transfert,20190513,093605,16381266606
+33458005709,20190513092445,156,+41799459951,incoming,20190513,092445,16381186751
+33458005709,20190510155705,4,+33825100080,transfert,20190510,155705,16371870281
+33458005709,20190510163555,271,+33610599750,incoming,20190510,163555,16371853021
+33458005709,20190510153945,6,+33476078858,transfert,20190510,153945,16371744479
+33458005709,20190510162919,399,+33686036353,incoming,20190510,162919,16371504741
+33458005709,20190510160257,71,+33675890059,incoming,20190510,160257,16371439005
+33458005709,20190510151845,292,+33476078858,incoming,20190510,151845,16371331227
+33458005709,20190510165516,101,+33610599750,incoming,20190510,165516,16371154897
+33458005709,20190510144539,6,+33652394331,transfert,20190510,144539,16370670020
+33458005709,20190510151048,392,+33652394331,incoming,20190510,151048,16370582151
+33458005709,20190510174420,33,+33610599750,incoming,20190510,174420,16370484995
+33458005709,20190510161151,544,+33675890059,incoming,20190510,161151,16370451098
+33458005709,20190510154921,16,+3242346091,transfert,20190510,154921,16370450021
+33458005709,20190510172640,396,+33695123314,incoming,20190510,172640,16370381366
+33458005709,20190510143601,5,+3281261200,transfert,20190510,143601,16370342276
+33458005709,20190510170623,172,+3281261200,incoming,20190510,170623,16370236558
+33458005709,20190510155109,6,+33476078858,transfert,20190510,155109,16369986611
+33458005709,20190510145545,0,+33652394331,transfert,20190510,145545,16369972651
+33458005709,20190510142715,9,+33680012144,transfert,20190510,142715,16369791266
+33458005709,20190510142715,48,+33652394331,transfert,20190510,142715,16369425465
+33458005709,20190510140741,14,+33476078858,transfert,20190510,140741,16369163470
+33458005709,20190510135526,11,+41799459951,transfert,20190510,135526,16368989220
+33458005709,20190510104922,323,+32477377633,incoming,20190510,104922,16367809773
+33458005709,20190510105234,12,+33613161148,transfert,20190510,105234,16367793102
+33458005709,20190510093609,247,+33675890059,incoming,20190510,093609,16367046985
+33458005709,20190509170020,62,+33613240455,transfert,20190509,170020,16364076210
+33458005709,20190509170117,4,+33613240455,transfert,20190509,170117,16364075326
+33458005709,20190509165533,5,+594694937374,transfert,20190509,165533,16364025013
+33458005709,20190509163933,2,+41795393049,transfert,20190509,163933,16363892283
+33458005709,20190509163840,2,+41795393049,transfert,20190509,163840,16363882165
+33458005709,20190509163812,4,+41795393049,transfert,20190509,163812,16363879613
+33458005709,20190509163728,12,+41795393049,transfert,20190509,163728,16363874835
+33458005709,20190509160831,3,+33675890059,transfert,20190509,160831,16363609849
+33458005709,20190509152604,511,+33675890059,incoming,20190509,152604,16363299000
+33458005709,20190509150033,438,+33613240455,incoming,20190509,150033,16363035431
+33458005709,20190509144748,738,+33613240455,incoming,20190509,144748,16362959832
+33458005709,20190509143907,426,+33660492250,incoming,20190509,143907,16362832324
+33458005709,20190509142109,106,+33660763580,incoming,20190509,142109,16362618431
+33458005709,20190509123813,12,+33660492250,transfert,20190509,123813,16362019438
+33458005709,20190509110012,4,+33660770402,transfert,20190509,110012,16361201038
+33458005709,20190509103129,4,+33660770402,transfert,20190509,103129,16360893106
+33458005709,20190509095435,9,+33660770402,transfert,20190509,095435,16360469942
+33458005709,20190507184825,11,+33661916499,transfert,20190507,184825,16354374644
+33458005709,20190507174442,258,+33607426837,incoming,20190507,174442,16354049731
+33458005709,20190507172341,112,+33613100765,incoming,20190507,172341,16353895993
+33458005709,20190507165550,40,+33683368143,transfert,20190507,165550,16353678196
+33458005709,20190507162448,7,+33645231362,transfert,20190507,162448,16353395236
+33458005709,20190507161153,8,+33645231362,transfert,20190507,161153,16353270115
+33458005709,20190507155133,1158,+33660770402,incoming,20190507,155133,16353255215
+33458005709,20190507160432,3,+33645231362,transfert,20190507,160432,16353197417
+33458005709,20190507160356,4,+33645231362,transfert,20190507,160356,16353194445
+33458005709,20190507154045,588,+33675890059,incoming,20190507,154045,16353055061
+33458005709,20190507154133,7,+33660770402,transfert,20190507,154133,16352977600
+33458005709,20190507153550,127,+33645231362,incoming,20190507,153550,16352938511
+33458005709,20190507152455,34,+33645231362,transfert,20190507,152455,16352826379
+33458005709,20190507152236,109,+33613100765,incoming,20190507,152236,16352816073
+33458005709,20190507150909,5,+33660770402,transfert,20190507,150909,16352672021
+33458005709,20190507150900,15,+33645231362,transfert,20190507,150900,16352668953
+33458005709,20190507150752,21,+33645231362,transfert,20190507,150752,16352658619
+33458005709,20190507144852,11,+33660770402,transfert,20190507,144852,16352480167
+33458005709,20190507144454,45,+33608841533,transfert,20190507,144454,16352445689
+33458005709,20190507144513,9,+33385981600,transfert,20190507,144513,16352442934
+33458005709,20190507143057,12,+33661354281,transfert,20190507,143057,16352308213
+33458005709,20190507140812,12,+33607349901,transfert,20190507,140812,16352092371
+33458005709,20190507124636,6,+33680479448,transfert,20190507,124636,16351699469
+33458005709,20190507120634,54,+33240777020,transfert,20190507,120634,16351506748
+33458005709,20190507120400,5,+33613100765,transfert,20190507,120400,16351482183
+33458005709,20190507120038,5,+33615621185,transfert,20190507,120038,16351455932
+33458005709,20190507115305,2,+33615621185,transfert,20190507,115305,16351390552
+33458005709,20190507114021,18,+33615621185,transfert,20190507,114021,16351258361
+33458005709,20190507113559,2,+33615621185,transfert,20190507,113559,16351214633
+33458005709,20190507113523,5,+33615621185,transfert,20190507,113523,16351208394
+33458005709,20190507113259,4,+33613100765,transfert,20190507,113259,16351184033
+33458005709,20190507112120,56,+33613100765,transfert,20190507,112120,16351069632
+33458005709,20190507105833,5,+33615621185,transfert,20190507,105833,16350810605
+33458005709,20190507105803,5,+33615621185,transfert,20190507,105803,16350805017
+33458005709,20190507092642,58,+33782298799,transfert,20190507,092642,16349859957
+33458005709,20190506184912,3,+33611174432,transfert,20190506,184912,16347858627
+33458005709,20190506172411,423,+33613147652,incoming,20190506,172411,16347405869
+33458005709,20190506170335,95,+33610599750,incoming,20190506,170335,16347211337
+33458005709,20190506164522,3,+33660770402,transfert,20190506,164522,16347050203
+33458005709,20190506164116,100,+33660770402,incoming,20190506,164116,16347025068
+33458005709,20190506164122,6,+33660763580,transfert,20190506,164122,16347014792
+33458005709,20190506163743,142,+33610599750,incoming,20190506,163743,16347000101
+33458005709,20190506161815,556,+33240777020,incoming,20190506,161815,16346888808
+33458005709,20190506162657,3,+33610599750,transfert,20190506,162657,16346886233
+33458005709,20190506161752,0,+33661106704,miss,20190506,161752,16346808741
+33458005709,20190506143707,397,+33660770402,incoming,20190506,143707,16345930884
+33458005709,20190506144045,0,+33680012144,miss,20190506,144045,16345904166
+33458005709,20190506142423,23,+33608415338,incoming,20190506,142423,16345732120
+33458005709,20190506140459,420,+33660763580,incoming,20190506,140459,16345591822
+33458005709,20190506140608,13,+33660770402,transfert,20190506,140608,16345533518
+33458005709,20190506093511,13,+33623664277,transfert,20190506,093511,16343298323
+33458005709,20190504140742,12,+33613240455,transfert,20190504,140742,16336675982
+33458005709,20190504134922,19,+33613240455,transfert,20190504,134922,16336618255
+33458005709,20190503184250,3,+33298305543,transfert,20190503,184250,16334030432
+33458005709,20190503181836,2,+33660505934,transfert,20190503,181836,16333933282
+33458005709,20190503173828,136,+212688972776,incoming,20190503,173828,16333721932
+33458005709,20190503173234,176,+212688972776,incoming,20190503,173234,16333690550
+33458005709,20190503173130,30,+33660505934,incoming,20190503,173130,16333666940
+33458005709,20190503171613,535,+33688222647,incoming,20190503,171613,16333620493
+33458005709,20190503170847,95,+33630312671,incoming,20190503,170847,16333517609
+33458005709,20190503164931,36,+33630513012,incoming,20190503,164931,16333367813
+33458005709,20190503162950,320,+33630312671,incoming,20190503,162950,16333243115
+33458005709,20190503160645,42,+33651757419,incoming,20190503,160645,16333004522
+33458005709,20190503154723,208,+33683368143,incoming,20190503,154723,16332864358
+33458005709,20190503152314,10,+33612906097,transfert,20190503,152314,16332611573
+33458005709,20190503142754,5,+33613147652,transfert,20190503,142754,16332104094
+33458005709,20190503142358,24,+33610599750,incoming,20190503,142358,16332069729
+33458005709,20190503130706,4,+33683368143,transfert,20190503,130706,16331602900
+33458005709,20190503121847,12,+33660763580,transfert,20190503,121847,16331397671
+33458005709,20190503111725,53,+33610599750,incoming,20190503,111725,16330866170
+33458005709,20190503104610,110,+33680012144,incoming,20190503,104610,16330557961
+33458005709,20190503102140,62,+33240777020,transfert,20190503,102140,16330307269
+33458005709,20190503091249,132,+33648544291,incoming,20190503,091249,16329650027
+33458005709,20190502170602,274,+33322389353,incoming,20190502,170602,16327161998
+33458005709,20190502162805,111,+33648544291,incoming,20190502,162805,16326814548
+33458005709,20190502162202,3,+33648544291,transfert,20190502,162202,16326749118
+33458005709,20190502161042,278,+33565607055,incoming,20190502,161042,16326685212
+33458005709,20190502155058,43,+33608415338,transfert,20190502,155058,16326467363
+33458005709,20190502152248,197,+33623664277,incoming,20190502,152248,16326244152
+33458005709,20190502144733,66,+33457364871,transfert,20190502,144733,16325896797
+33458005709,20190502142233,1060,+594694937374,incoming,20190502,142233,16325813232
+33458005709,20190502141029,5,+33680012144,transfert,20190502,141029,16325529676
+33458005709,20190502135810,702,+594694937374,incoming,20190502,135810,16325519977
+33458005709,20190502120057,14,+594694937374,transfert,20190502,120057,16324852093
+33458005709,20190502115931,6,+594694937374,transfert,20190502,115931,16324829014
+33458005709,20190502115952,10,+594694937374,transfert,20190502,115952,16324824902
+33458005709,20190502115715,53,+594694937374,incoming,20190502,115715,16324798906
+33458005709,20190502115613,16,+594694937374,transfert,20190502,115613,16324785290
+33458005709,20190502110125,219,+33630481676,incoming,20190502,110125,16324237778
+33458005709,20190502103637,114,+33648544291,incoming,20190502,103637,16323959473
+33458005709,20190502102900,100,+33648544291,incoming,20190502,102900,16323867752
+33458005709,20190502102057,90,+33769494028,incoming,20190502,102057,16323777281
+33458005709,20190501135943,3,+33769494028,transfert,20190501,135943,16320427037
+33458005709,20190501132105,5,+33769494028,transfert,20190501,132105,16320346827
+33458005709,20190501125021,11,+33769494028,transfert,20190501,125021,16320279730
+33458005708,20190513140442,5222,+33684638546,incoming,20190513,140442,16384237067
+33458005708,20190510103312,4151,+33684638546,incoming,20190510,103312,16368264641
+33458005708,20190507141749,1884,+33672875481,incoming,20190507,141749,16352483250