phoneLine,datetime,duration,callingNumber,nature,date,time,idkey
+33458005709,20210802082114,9,+436508446340,incoming,20210802,082114,110290144790
+33458005709,20210802092725,0,+33661800203,miss,20210802,092725,110290620536
+33458005709,20210802093834,0,+33661800203,miss,20210802,093834,110290741850
+33458005709,20210802093339,349,+33763744299,incoming,20210802,093339,110290748371
+33458005709,20210802093923,374,+33661800203,incoming,20210802,093923,110290818887
+33458005709,20210802101617,412,+33608106241,incoming,20210802,101617,110291253974
+33458005709,20210802102534,0,+33608106241,miss,20210802,102534,110291285842
+33458005709,20210802102227,241,+33646052602,incoming,20210802,102227,110291302167
+33458005709,20210802104224,0,+33608106241,miss,20210802,104224,110291491272
+33458005709,20210802104123,0,+33757933635,miss,20210802,104123,110291492312
+33458005709,20210802105241,54,+33608106241,incoming,20210802,105241,110291608099
+33458005709,20210802112340,292,+33670710957,incoming,20210802,112340,110292011542
+33458005709,20210802114159,851,+32486418501,incoming,20210802,114159,110292319136
+33458005709,20210802140336,182,+33679430077,incoming,20210802,140336,110293093785
+33458005709,20210802141044,194,+33782168765,incoming,20210802,141044,110293170514
+33458005709,20210802143641,210,+33679778373,incoming,20210802,143641,110293443887
+33458005709,20210802144910,148,+33660730420,incoming,20210802,144910,110293551811
+33458005709,20210802145857,145,+33669408876,incoming,20210802,145857,110293651346
+33458005709,20210803093918,0,+33637179139,miss,20210803,093918,110296399047
+33458005709,20210803094954,0,+33637179139,miss,20210803,094954,110296487817
+33458005709,20210803100708,81,+33675890059,incoming,20210803,100708,110296672599
+33458005709,20210803102804,151,+33637179139,incoming,20210803,102804,110296938044
+33458005709,20210803110435,334,+33626291753,incoming,20210803,110435,110297396695
+33458005709,20210803111630,163,+33626291753,incoming,20210803,111630,110297504412
+33458005709,20210803142048,0,+33668235371,miss,20210803,142048,110298831267
+33458005709,20210803142225,12,+33668235371,incoming,20210803,142225,110298851631
+33458005709,20210803142321,36,+33668235371,incoming,20210803,142321,110298866557
+33458005709,20210803143356,156,+32496270303,incoming,20210803,143356,110298988114
+33458005709,20210803161714,0,+590690619944,miss,20210803,161714,110299958043
+33458005709,20210803161701,339,+33675890059,incoming,20210803,161701,110300010474
+33458005709,20210803164510,0,+590690619944,miss,20210803,164510,110300228288
+33458005709,20210803164511,0,+33629469194,miss,20210803,164511,110300228345
+33458005709,20210804091409,0,+33668235371,miss,20210804,091409,110301651119
+33458005709,20210804093043,0,+33668235371,miss,20210804,093043,110301781804
+33458005709,20210804093457,0,+33668235371,miss,20210804,093457,110301816171
+33458005709,20210804095436,0,+33668235371,miss,20210804,095436,110301991646
+33458005709,20210804102237,102,+33629469194,incoming,20210804,102237,110302274823
+33458005709,20210804103052,224,+33668235371,incoming,20210804,103052,110302380184
+33458005709,20210804111957,0,+33669408876,miss,20210804,111957,110302880258
+33458005709,20210804115623,0,+33679430077,miss,20210804,115623,110303259588
+33458005709,20210804140305,0,+33668235371,miss,20210804,140305,110303949554
+33458005709,20210804140913,868,+33668235371,incoming,20210804,140913,110304115163
+33458005709,20210804142807,63,+33668235371,incoming,20210804,142807,110304164929
+33458005709,20210804143728,78,+33668235371,incoming,20210804,143728,110304243236
+33458005709,20210804154444,0,+33675890059,miss,20210804,154444,110304821889
+33458005709,20210804153904,371,+3267830185,incoming,20210804,153904,110304829803
+33458005709,20210804154537,0,+33675890059,miss,20210804,154537,110304830814
+33458005709,20210804163717,0,+33649371808,miss,20210804,163717,110305269180
+33458005709,20210804163907,0,+33649371808,miss,20210804,163907,110305280161
+33458005709,20210804164204,389,+32485905853,incoming,20210804,164204,110305356799
+33458005709,20210804170602,0,+33649371808,miss,20210804,170602,110305503741
+33458005709,20210805085702,0,anonymous,miss,20210805,085702,110306566467
+33458005709,20210805093333,0,+27828771132,miss,20210805,093333,110306837027
+33458005709,20210805093600,0,+27828771132,miss,20210805,093600,110306844259
+33458005709,20210805094003,272,+33623670339,incoming,20210805,094003,110306909862
+33458005709,20210805101233,0,+33609925333,miss,20210805,101233,110307173009
+33458005709,20210805103927,0,+33602090093,miss,20210805,103927,110307429613
+33458005709,20210805104616,0,+33602090093,miss,20210805,104616,110307514857
+33458005709,20210805110838,0,+33602090093,miss,20210805,110838,110307734473
+33458005709,20210805114633,218,+33685976441,incoming,20210805,114633,110308141890
+33458005709,20210805141101,0,anonymous,miss,20210805,141101,110308931891
+33458005709,20210805145001,0,anonymous,miss,20210805,145001,110309261846
+33458005709,20210805150317,30,anonymous,incoming,20210805,150317,110309366508
+33458005709,20210805150428,472,anonymous,incoming,20210805,150428,110309439450
+33458005709,20210805154245,101,+33784911785,incoming,20210805,154245,110309711367
+33458005709,20210805162239,163,+33241211940,incoming,20210805,162239,110310065741
+33458005709,20210806090150,0,+33476681768,miss,20210806,090150,110311518957
+33458005709,20210806104049,0,+32475452525,miss,20210806,104049,110312390182
+33458005709,20210806140242,0,+33686657019,miss,20210806,140242,110313748592
+33458005709,20210806141417,143,+32475452525,incoming,20210806,141417,110313847645
+33458005709,20210806150133,162,+33686657019,incoming,20210806,150133,110314236550
+33458005709,20210806151757,0,+32475452525,miss,20210806,151757,110314349886
+33458005709,20210806154408,176,+32475452525,incoming,20210806,154408,110314591276
+33458005709,20210809094343,0,+3263239905,miss,20210809,094343,110319207536
+33458005709,20210809100319,170,+32475452525,incoming,20210809,100319,110319429289
+33458005709,20210809102418,385,+33623520587,incoming,20210809,102418,110319711498
+33458005709,20210809110634,0,+33646052602,miss,20210809,110634,110320123738
+33458005709,20210809110806,228,+33646052602,incoming,20210809,110806,110320178896
+33458005709,20210809110618,693,+34649426561,incoming,20210809,110618,110320243201
+33458005709,20210809113441,0,+33634458094,miss,20210809,113441,110320439508
+33458005709,20210809115233,0,+32475452525,miss,20210809,115233,110320615220
+33458005709,20210809140820,0,+32475452525,miss,20210809,140820,110321399520
+33458005709,20210809141301,107,+33633225994,incoming,20210809,141301,110321470178
+33458005709,20210809142437,226,+32475452525,incoming,20210809,142437,110321596616
+33458005709,20210809142937,0,+33664035818,miss,20210809,142937,110321636955
+33458005709,20210809150439,264,+33664035818,incoming,20210809,150439,110321972313
+33458005709,20210809152844,152,+33671050327,incoming,20210809,152844,110322168106
+33458005709,20210810083209,0,+34649426561,miss,20210810,083209,110323960324
+33458005709,20210810090514,0,+34649426561,miss,20210810,090514,110324093650
+33458005709,20210810092740,0,+34649426561,miss,20210810,092740,110324277147
+33458005709,20210810101341,285,+34649426561,incoming,20210810,101341,110324734391
+33458005709,20210810103231,58,+33609643595,incoming,20210810,103231,110324892968
+33458005709,20210810112354,428,+33679778373,incoming,20210810,112354,110325507337
+33458005709,20210810114905,71,+33609643595,incoming,20210810,114905,110325703831
+33458005709,20210810140543,75,+447789545867,incoming,20210810,140543,110326463218
+33458005709,20210810142705,1057,+33626291753,incoming,20210810,142705,110326781531
+33458005709,20210810153727,172,+33778845326,incoming,20210810,153727,110327235116
+33458005709,20210810161412,265,+33650844269,incoming,20210810,161412,110327548288
+33458005709,20210810161812,0,+33646376341,miss,20210810,161812,110327548678
+33458005709,20210810165746,189,+33559122057,incoming,20210810,165746,110327889470
+33458005709,20210810172533,156,+41795998944,incoming,20210810,172533,110328073772
+33458005709,20210811090130,0,+33649371808,miss,20210811,090130,110329027088
+33458005709,20210811090211,0,+33559122057,miss,20210811,090211,110329028651
+33458005709,20210811090625,309,+33559122057,incoming,20210811,090625,110329088555
+33458005709,20210811091852,417,+33649284491,incoming,20210811,091852,110329197635
+33458005709,20210811103524,369,+32491515162,incoming,20210811,103524,110329895819
+33458005709,20210811111607,283,+33625024536,incoming,20210811,111607,110330285316
+33458005709,20210811165019,76,+33782320399,incoming,20210811,165019,110332631329
+33458005709,20210811165152,51,+33782320399,incoming,20210811,165152,110332639989
+33458005709,20210811165344,397,+33782320399,incoming,20210811,165344,110332696634
+33458005709,20210811172031,184,+262693909797,incoming,20210811,172031,110332854193
+33458005709,20210812090002,0,+33682056522,miss,20210812,090002,110333759650
+33458005709,20210812101634,0,+33676523691,miss,20210812,101634,110334351318
+33458005709,20210812102348,0,+33676523691,miss,20210812,102348,110334432707
+33458005709,20210812102710,230,+33676523691,incoming,20210812,102710,110334467718
+33458005709,20210812145720,0,+33603081109,miss,20210812,145720,110336376278
+33458005709,20210812155035,0,+33607349901,miss,20210812,155035,110336774907
+33458005709,20210812155237,120,+33607349901,incoming,20210812,155237,110336793025
+33458005709,20210812155318,0,+33603081109,miss,20210812,155318,110336810678
+33458005709,20210812162411,646,+447739302915,incoming,20210812,162411,110337106071
+33458005709,20210813090217,0,+352325085210,miss,20210813,090217,110338411118
+33458005709,20210813090559,0,+352325085210,miss,20210813,090559,110338437590
+33458005709,20210813091851,0,+33233936000,miss,20210813,091851,110338527119
+33458005709,20210813091945,0,+352325085210,miss,20210813,091945,110338527716
+33458005709,20210813092536,0,+33235699191,miss,20210813,092536,110338562100
+33458005709,20210813101726,0,+352325085261,miss,20210813,101726,110338978009
+33458005709,20210813103814,0,+352325085210,miss,20210813,103814,110339188704
+33458005709,20210813111153,123,+447767115597,incoming,20210813,111153,110339497333
+33458005709,20210813114851,202,+33619960388,incoming,20210813,114851,110339845027
+33458005709,20210813145903,562,+33676523691,incoming,20210813,145903,110340987501
+33458005709,20210813153228,299,+33642007619,incoming,20210813,153228,110341200155
+33458005709,20210813165027,9,+33624777862,incoming,20210813,165027,110341705466
+33458005709,20210816095319,92,+33642291793,incoming,20210816,095319,110345833919
+33458005709,20210816100412,172,+33642291793,incoming,20210816,100412,110345958583
+33458005709,20210816102052,0,+33984338297,miss,20210816,102052,110346114325
+33458005709,20210816103420,287,+32491515162,incoming,20210816,103420,110346316947
+33458005709,20210816104822,188,+41791995217,incoming,20210816,104822,110346452320
+33458005709,20210816110105,57,+32491515162,incoming,20210816,110105,110346573780
+33458005709,20210816110227,0,+33682525500,miss,20210816,110227,110346611767
+33458005709,20210816110856,265,+352325085261,incoming,20210816,110856,110346691763
+33458005709,20210816111231,0,+33616021813,miss,20210816,111231,110346702669
+33458005709,20210816141049,0,+33760121990,miss,20210816,141049,110347903482
+33458005709,20210816140932,0,+33673470543,miss,20210816,140932,110347903666
+33458005709,20210816141332,130,+33673470543,incoming,20210816,141332,110347934791
+33458005709,20210816141610,0,+33760121990,miss,20210816,141610,110347948676
+33458005709,20210816142009,137,+33760121990,incoming,20210816,142009,110348001350
+33458005709,20210816151148,355,+33642007619,incoming,20210816,151148,110348494535
+33458005709,20210816162229,0,+41582552531,miss,20210816,162229,110349062979
+33458005709,20210816162558,0,+41582552531,miss,20210816,162558,110349092474
+33458005709,20210816163258,0,+41582552531,miss,20210816,163258,110349152647
+33458005709,20210816164213,38,+33760121990,incoming,20210816,164213,110349228815
+33458005709,20210816165622,158,+33642007619,incoming,20210816,165622,110349359936
+33458005709,20210816170709,0,+41582552531,miss,20210816,170709,110349422638
+33458005709,20210816173039,38,anonymous,incoming,20210816,173039,110349588864
+33458005709,20210816173909,0,anonymous,miss,20210816,173909,110349641873
+33458005709,20210816174328,110,+33673470543,incoming,20210816,174328,110349678254
+33458005709,20210817080919,0,+33673470543,miss,20210817,080919,110350342597
+33458005709,20210817101829,128,+33760121990,incoming,20210817,101829,110351218630
+33458005709,20210817104835,221,+41582552531,incoming,20210817,104835,110351555953
+33458005709,20210817111008,0,+33623202281,miss,20210817,111008,110351775897
+33458005709,20210817111419,145,+33623202281,incoming,20210817,111419,110351817831
+33458005709,20210817112800,0,+491781674459,miss,20210817,112800,110351947343
+33458005709,20210817145255,440,+33675552249,incoming,20210817,145255,110353376878
+33458005709,20210817160803,354,+33660146825,incoming,20210817,160803,110354016038
+33458005709,20210817163731,0,+33635556902,miss,20210817,163731,110354213194
+33458005709,20210817175343,0,anonymous,miss,20210817,175343,110354751076
+33458005709,20210818083347,0,+352325085242,miss,20210818,083347,110355414884
+33458005709,20210818092407,217,+33787068858,incoming,20210818,092407,110355681388
+33458005709,20210818111425,262,+33685915513,incoming,20210818,111425,110356733910
+33458005709,20210818113304,509,+33961409773,incoming,20210818,113304,110356958314
+33458005709,20210818140023,0,+33630535459,miss,20210818,140023,110357737226
+33458005709,20210818140217,0,+33630535459,miss,20210818,140217,110357765682
+33458005709,20210818142022,281,+352691335233,incoming,20210818,142022,110357943298
+33458005709,20210818163846,0,+491794701049,miss,20210818,163846,110359073204
+33458005709,20210818164206,0,+491794701049,miss,20210818,164206,110359086138
+33458005709,20210818164526,0,+491794701049,miss,20210818,164526,110359107983
+33458005709,20210819090243,0,+352325085242,miss,20210819,090243,110360318334
+33458005709,20210819103917,143,+33663651705,incoming,20210819,103917,110361099040
+33458005709,20210819104622,0,+33663651705,miss,20210819,104622,110361147488
+33458005709,20210819105755,0,+33663651705,miss,20210819,105755,110361259063
+33458005709,20210819105440,540,+33182830880,incoming,20210819,105440,110361309179
+33458005709,20210819110043,0,+33680644977,miss,20210819,110043,110361339204
+33458005709,20210819110642,0,+33611116131,miss,20210819,110642,110361339724
+33458005709,20210819110706,349,+33611116131,incoming,20210819,110706,110361408442
+33458005709,20210819112529,10,+33683104902,transfert,20210819,112529,110361526282
+33458005709,20210819112418,101,+33663651705,incoming,20210819,112418,110361530000
+33458005709,20210819112207,0,+33611116131,miss,20210819,112207,110361530809
+33458005709,20210819112759,0,+33683104902,miss,20210819,112759,110361573132
+33458005709,20210819112641,251,+33680644977,incoming,20210819,112641,110361574516
+33458005709,20210819113110,0,+33611116131,miss,20210819,113110,110361591068
+33458005709,20210819140214,0,+33182830880,miss,20210819,140214,110362463914
+33458005709,20210819140339,0,+33182830880,miss,20210819,140339,110362475883
+33458005709,20210819140602,0,+33182830880,miss,20210819,140602,110362513915
+33458005709,20210819140937,0,+33182830880,miss,20210819,140937,110362523135
+33458005709,20210819141215,0,+33388407200,miss,20210819,141215,110362549240
+33458005709,20210819141838,0,+33182830880,miss,20210819,141838,110362603310
+33458005709,20210819142340,612,+33182830880,incoming,20210819,142340,110362721969
+33458005709,20210819143239,0,+33173301072,miss,20210819,143239,110362722299
+33458005709,20210819143709,0,+32486418501,miss,20210819,143709,110362760898
+33458005709,20210819145122,179,+32486418501,incoming,20210819,145122,110362885985
+33458005709,20210819145650,0,+32486418501,miss,20210819,145650,110362914299
+33458005709,20210819150203,0,+32486418501,miss,20210819,150203,110362952777
+33458005709,20210819145406,781,+33173301072,incoming,20210819,145406,110362990182
+33458005709,20210819153033,243,anonymous,incoming,20210819,153033,110363215324
+33458005709,20210819155405,0,+33629469194,miss,20210819,155405,110363380195
+33458005709,20210819155542,0,+32486418501,miss,20210819,155542,110363387484
+33458005709,20210819171424,393,+33611974133,incoming,20210819,171424,110364052883
+33458005709,20210819172243,0,+33611974133,miss,20210819,172243,110364068434
+33458005709,20210819174446,0,+33680644977,miss,20210819,174446,110364215958
+33458005709,20210820095626,0,+31622206541,miss,20210820,095626,110365416384
+33458005709,20210820102207,0,+33612592760,miss,20210820,102207,110365634113
+33458005709,20210820103137,0,+33633202179,miss,20210820,103137,110365739462
+33458005709,20210820103127,143,+33602121612,incoming,20210820,103127,110365744230
+33458005709,20210820112213,0,+33661987424,miss,20210820,112213,110366245431
+33458005709,20210820112726,330,+33661987424,incoming,20210820,112726,110366322895
+33458005709,20210820145350,0,+33182830880,miss,20210820,145350,110367591981
+33458005709,20210820160233,163,+41277205222,incoming,20210820,160233,110368124574
+33458005709,20210820161130,96,+33633225994,incoming,20210820,161130,110368188935
+33458005709,20210820162159,0,+33182830880,miss,20210820,162159,110368260787
+33458005709,20210823093125,0,+33786149147,miss,20210823,093125,110372334687
+33458005709,20210823093331,0,+33786149147,miss,20210823,093331,110372357726
+33458005709,20210823093812,0,+97144561052,miss,20210823,093812,110372433968
+33458005709,20210823095643,104,+33786149147,incoming,20210823,095643,110372635973
+33458005709,20210823103714,132,+33182830880,incoming,20210823,103714,110373144663
+33458005709,20210823112200,389,+31649645583,incoming,20210823,112200,110373761425
+33458005709,20210823140420,0,+33642291793,miss,20210823,140420,110374920873
+33458005709,20210823140928,0,+33652284318,miss,20210823,140928,110374979981
+33458005709,20210823140627,359,anonymous,incoming,20210823,140627,110375006343
+33458005709,20210823141512,185,+33668875777,incoming,20210823,141512,110375073194
+33458005709,20210823142819,255,+4972146472740,incoming,20210823,142819,110375231353
+33458005709,20210823145507,0,+33182830880,miss,20210823,145507,110375480667
+33458005709,20210823145628,0,+33182830880,miss,20210823,145628,110375491454
+33458005709,20210823145952,0,+33182830880,miss,20210823,145952,110375529532
+33458005709,20210823150254,0,+33182830880,miss,20210823,150254,110375560611
+33458005709,20210823150646,0,+33629469194,miss,20210823,150646,110375601491
+33458005709,20210823152954,278,+97144561052,incoming,20210823,152954,110375874341
+33458005709,20210823160213,343,+33760121990,incoming,20210823,160213,110376219349
+33458005709,20210823161433,0,+33760121990,miss,20210823,161433,110376301982
+33458005709,20210823161850,0,+33663390387,miss,20210823,161850,110376338688
+33458005709,20210823161612,289,+33760121990,incoming,20210823,161612,110376357989
+33458005709,20210823162322,28,+33760121990,incoming,20210823,162322,110376387066
+33458005709,20210823162351,0,+33663390387,miss,20210823,162351,110376389650
+33458005709,20210823163404,0,+33663390387,miss,20210823,163404,110376508319
+33458005709,20210823165600,0,+33630513012,miss,20210823,165600,110376707498
+33458005709,20210823165254,304,+4972146472740,incoming,20210823,165254,110376721191
+33458005709,20210823170822,0,+33609929200,miss,20210823,170822,110376817792
+33458005709,20210823171043,0,+33609929200,miss,20210823,171043,110376845208
+33458005709,20210823171047,0,+33685381243,miss,20210823,171047,110376845917
+33458005709,20210823171224,0,+33685381243,miss,20210823,171224,110376852749
+33458005709,20210824085933,0,+33680644977,miss,20210824,085933,110378026550
+33458005709,20210824090440,0,+33680644977,miss,20210824,090440,110378045631
+33458005709,20210824091013,0,+33614255702,miss,20210824,091013,110378117191
+33458005709,20210824091340,0,+33614255702,miss,20210824,091340,110378145674
+33458005709,20210824091947,0,+33614255702,miss,20210824,091947,110378253938
+33458005709,20210824092947,0,+33614255702,miss,20210824,092947,110378289944
+33458005709,20210824093257,0,+33614255702,miss,20210824,093257,110378312410
+33458005709,20210824094432,0,+33680644977,miss,20210824,094432,110378433203
+33458005709,20210824095817,236,+33607426837,incoming,20210824,095817,110378620297
+33458005709,20210824101359,79,+33607426837,incoming,20210824,101359,110378782586
+33458005709,20210824102511,0,+4972146472740,miss,20210824,102511,110378908471
+33458005709,20210824102159,265,+41791995217,incoming,20210824,102159,110378917755
+33458005709,20210824103044,0,+33680644977,miss,20210824,103044,110379000686
+33458005709,20210824104527,493,+4972146472740,incoming,20210824,104527,110379261457
+33458005709,20210824105919,161,+33760121990,incoming,20210824,105919,110379360133
+33458005709,20210824111757,0,+33642291793,miss,20210824,111757,110379561330
+33458005709,20210824112215,214,+33642291793,incoming,20210824,112215,110379654619
+33458005709,20210824113209,0,+33630513012,miss,20210824,113209,110379735083
+33458005709,20210824113023,145,+33642291793,incoming,20210824,113023,110379737204
+33458005709,20210824142416,54,+33685381243,incoming,20210824,142416,110381080386
+33458005709,20210824145124,0,+97144561052,miss,20210824,145124,110381401335
+33458005709,20210824153027,49,+33757916926,incoming,20210824,153027,110381783421
+33458005709,20210824160230,239,+33640970988,incoming,20210824,160230,110382151048
+33458005709,20210824160856,359,+97144561052,incoming,20210824,160856,110382235894
+33458005709,20210825093647,0,+33682599061,miss,20210825,093647,110384300998
+33458005709,20210825095529,0,+33698234708,miss,20210825,095529,110384466951
+33458005709,20210825104008,209,+33668875777,incoming,20210825,104008,110385001279
+33458005709,20210825105402,242,+352621633966,incoming,20210825,105402,110385168114
+33458005709,20210825140631,0,+33782585565,miss,20210825,140631,110386622434
+33458005709,20210825144626,0,+525532322466,miss,20210825,144626,110387024349
+33458005709,20210825145450,254,+525532322466,incoming,20210825,145450,110387115437
+33458005709,20210825153052,0,+33608106241,miss,20210825,153052,110387416507
+33458005709,20210825153603,0,+33608106241,miss,20210825,153603,110387465166
+33458005709,20210825155503,294,+33608106241,incoming,20210825,155503,110387697646
+33458005709,20210825161618,0,+33663995593,miss,20210825,161618,110387866956
+33458005709,20210826093245,0,+31614411747,miss,20210826,093245,110389744907
+33458005709,20210826095013,0,+33682599061,miss,20210826,095013,110389912472
+33458005709,20210826095800,0,+31614411747,miss,20210826,095800,110389980354
+33458005709,20210826100448,0,+31614411747,miss,20210826,100448,110390050605
+33458005709,20210826101856,0,+31614411747,miss,20210826,101856,110390207302
+33458005709,20210826103559,0,+33608106241,miss,20210826,103559,110390400595
+33458005709,20210826111424,181,+33437062412,incoming,20210826,111424,110390868909
+33458005709,20210826112700,0,+33685381243,miss,20210826,112700,110390982606
+33458005709,20210826112854,0,+447767115597,miss,20210826,112854,110391029878
+33458005709,20210826113256,0,+447767115597,miss,20210826,113256,110391070406
+33458005709,20210826113923,0,+447767115597,miss,20210826,113923,110391148554
+33458005709,20210826114644,0,+33608106241,miss,20210826,114644,110391202685
+33458005709,20210826114651,0,+447767115597,miss,20210826,114651,110391203865
+33458005709,20210826115102,0,+33608106241,miss,20210826,115102,110391250372
+33458005709,20210826115807,0,+447767115597,miss,20210826,115807,110391352042
+33458005709,20210826140005,0,+31614411747,miss,20210826,140005,110392056913
+33458005709,20210826140800,114,+447767115597,incoming,20210826,140800,110392150818
+33458005709,20210826141357,27,+447767115597,incoming,20210826,141357,110392200116
+33458005709,20210826141500,0,+447767115597,miss,20210826,141500,110392229986
+33458005709,20210826142347,315,+447767115597,incoming,20210826,142347,110392349619
+33458005709,20210826145122,312,+33603348630,incoming,20210826,145122,110392601101
+33458005709,20210826151451,478,+33608106241,incoming,20210826,151451,110392844979
+33458005709,20210826153508,0,+33684341039,miss,20210826,153508,110392969474
+33458005709,20210826153049,581,+33636808097,incoming,20210826,153049,110393011848
+33458005709,20210826160459,0,+31614411747,miss,20210826,160459,110393252782
+33458005709,20210826160810,63,+33663995593,incoming,20210826,160810,110393287241
+33458005709,20210826161451,124,+33684341039,incoming,20210826,161451,110393360333
+33458005709,20210826162321,382,+31614411747,incoming,20210826,162321,110393481504
+33458005709,20210826163143,0,+33685381243,miss,20210826,163143,110393511517
+33458005709,20210826164750,0,+33607426837,miss,20210826,164750,110393657583
+33458005709,20210826170632,68,+33688260884,incoming,20210826,170632,110393831336
+33458005709,20210827091909,11,+33329834422,transfert,20210827,091909,110395155354
+33458005709,20210827100733,9,+33787068858,transfert,20210827,100733,110395609499
+33458005709,20210827110225,17,+33787068858,transfert,20210827,110225,110396219904
+33458005709,20210827112101,8,+33663651705,transfert,20210827,112101,110396420543
+33458005709,20210827112344,24,+33609694756,transfert,20210827,112344,110396450001
+33458005709,20210827112844,5,+33787068858,transfert,20210827,112844,110396502913
+33458005709,20210827113309,12,+33663651705,transfert,20210827,113309,110396548450
+33458005709,20210827113722,5,+33663651705,transfert,20210827,113722,110396597520
+33458005709,20210827150214,11,+590690619944,transfert,20210827,150214,110398132752
+33458005709,20210827150608,11,+33663995593,transfert,20210827,150608,110398167901
+33458005709,20210827150702,4,+590690619944,transfert,20210827,150702,110398175468
+33458005709,20210827160845,11,+33782320399,transfert,20210827,160845,110398732738
+33458005709,20210827164652,19,+33668130229,transfert,20210827,164652,110399074867
+33458005709,20210827165211,8,+33760121990,transfert,20210827,165211,110399119167
+33458005709,20210827173957,11,+33663651705,transfert,20210827,173957,110399462696
+33458005709,20210830093710,0,+352621633966,miss,20210830,093710,110403312310
+33458005709,20210830094018,379,+33684229934,incoming,20210830,094018,110403396368
+33458005709,20210830095323,0,+352621633966,miss,20210830,095323,110403474970
+33458005709,20210830101024,75,+33674059211,incoming,20210830,101024,110403696613
+33458005709,20210830101253,0,+33663651705,miss,20210830,101253,110403714934
+33458005709,20210830101448,206,+33618282754,incoming,20210830,101448,110403776165
+33458005709,20210830104540,358,+352621633966,incoming,20210830,104540,110404218228
+33458005709,20210830105752,0,+33679778373,miss,20210830,105752,110404304995
+33458005709,20210830105856,0,+33679778373,miss,20210830,105856,110404349285
+33458005709,20210830110454,199,+33679778373,incoming,20210830,110454,110404429928
+33458005709,20210830111727,0,+33663651705,miss,20210830,111727,110404570307
+33458005709,20210830113751,8,+33676523691,transfert,20210830,113751,110404815493
+33458005709,20210830112302,928,+33663651705,incoming,20210830,112302,110404827492
+33458005709,20210830113421,0,+352661801145,miss,20210830,113421,110404848257
+33458005709,20210830114338,0,+33788913685,miss,20210830,114338,110404902510
+33458005709,20210830115424,0,+33670939131,miss,20210830,115424,110405029668
+33458005709,20210830140152,0,+33298282390,miss,20210830,140152,110405904130
+33458005709,20210830140501,46,+33679778373,incoming,20210830,140501,110405942515
+33458005709,20210830141104,111,+33298282390,incoming,20210830,141104,110406027045
+33458005709,20210830143548,0,+33685381243,miss,20210830,143548,110406316838
+33458005709,20210830144411,0,+33646741316,miss,20210830,144411,110406417072
+33458005709,20210830151008,0,+33617482383,miss,20210830,151008,110406720904
+33458005709,20210830151334,74,+33555361373,incoming,20210830,151334,110406776089
+33458005709,20210830153544,333,+33685381243,incoming,20210830,153544,110407075592
+33458005709,20210830160158,137,+352325085261,incoming,20210830,160158,110407337266
+33458005709,20210830162328,0,+33673470543,miss,20210830,162328,110407581602
+33458005709,20210830162827,45,+33673470543,incoming,20210830,162827,110407610679
+33458005709,20210830173919,0,+33669408876,miss,20210830,173919,110408290880
+33458005709,20210831093603,0,+33782320399,miss,20210831,093603,110409616958
+33458005709,20210831093609,0,+33669408876,miss,20210831,093609,110409617283
+33458005709,20210831093745,0,+33782320399,miss,20210831,093745,110409655690
+33458005709,20210831094414,236,+31649645583,incoming,20210831,094414,110409746470
+33458005709,20210831104739,68,+33673470543,incoming,20210831,104739,110410511622
+33458005709,20210831105115,0,+33388180885,miss,20210831,105115,110410564901
+33458005709,20210831105257,0,+33388180888,miss,20210831,105257,110410577929
+33458005709,20210831105407,0,+33679778373,miss,20210831,105407,110410629501
+33458005709,20210831105952,0,+33475294769,miss,20210831,105952,110410701920
+33458005709,20210831110326,0,+33475294769,miss,20210831,110326,110410721551
+33458005709,20210831113451,0,+33679778373,miss,20210831,113451,110411157889
+33458005709,20210831114014,0,+33669408876,miss,20210831,114014,110411224001
+33458005709,20210831140605,0,+33679778373,miss,20210831,140605,110412340752
+33458005709,20210831141404,130,+33627125422,incoming,20210831,141404,110412429243
+33458005709,20210831150101,0,+33549346023,miss,20210831,150101,110412953383
+33458005709,20210831150339,0,+33679778373,miss,20210831,150339,110412989207
+33458005709,20210831150214,149,+33630677297,incoming,20210831,150214,110412989310
+33458005709,20210831152545,332,+33549346023,incoming,20210831,152545,110413295310
+33458005709,20210831153008,0,+33668581764,miss,20210831,153008,110413300650
+33458005709,20210831153302,0,+33788913685,miss,20210831,153302,110413332255
+33458005709,20210831155215,321,+33662351739,incoming,20210831,155215,110413587408
+33458005709,20210831160822,0,+33611974133,miss,20210831,160822,110413719603
+33458005709,20210831162132,0,+33623274009,miss,20210831,162132,110413854477
+33458005709,20210831162547,22,+33630677297,incoming,20210831,162547,110413905278
+33458005709,20210831163020,0,+33611974133,miss,20210831,163020,110413952973
+33458005709,20210831163215,186,+33685381243,incoming,20210831,163215,110414002975
+33458005709,20210831171459,0,+33607349901,miss,20210831,171459,110414420173
+33458005709,20210831173427,0,+33623421310,miss,20210831,173427,110414582173
+33458001003,20210811153657,546,+33458005730,incoming,20210811,153657,110332109719
+33458001003,20210825155737,34,+33458005730,incoming,20210825,155737,110387681753
+33458001003,20210826103054,53,+33458005730,incoming,20210826,103054,110390342780
+33458001861,20210802093404,26,+33660051222,incoming,20210802,093404,110290686531
+33458001861,20210802102434,28,+33634397336,incoming,20210802,102434,110291271933
+33458001861,20210803092756,0,+33787234269,miss,20210803,092756,110296266340
+33458001861,20210825091504,0,+33475782665,miss,20210825,091504,110384076143
+33458001861,20210825091625,0,+33475782665,miss,20210825,091625,110384091269
+33458005730,20210802082113,9,+436508446340,transfert,20210802,082113,110290146250
+33458005730,20210802084732,58,+436508446340,transfert,20210802,084732,110290248740
+33458005730,20210802092725,0,+33661800203,transfert,20210802,092725,110290617060
+33458005730,20210802093834,0,+33661800203,transfert,20210802,093834,110290740809
+33458005730,20210802093339,349,+33763744299,transfert,20210802,093339,110290748931
+33458005730,20210802093923,374,+33661800203,transfert,20210802,093923,110290818840
+33458005730,20210802101459,6,+33669583648,transfert,20210802,101459,110291153941
+33458005730,20210802101547,113,+33669583648,transfert,20210802,101547,110291184239
+33458005730,20210802101617,412,+33608106241,transfert,20210802,101617,110291253269
+33458005730,20210802102534,0,+33608106241,transfert,20210802,102534,110291280249
+33458005730,20210802102226,241,+33646052602,transfert,20210802,102226,110291302172
+33458005730,20210802104223,0,+33608106241,transfert,20210802,104223,110291491083
+33458005730,20210802104123,0,+33757933635,transfert,20210802,104123,110291491127
+33458005730,20210802104414,198,+33757933635,transfert,20210802,104414,110291533325
+33458005730,20210802105241,54,+33608106241,transfert,20210802,105241,110291606890
+33458005730,20210802112340,292,+33670710957,transfert,20210802,112340,110292010436
+33458005730,20210802114159,851,+32486418501,transfert,20210802,114159,110292317469
+33458005730,20210802140335,182,+33679430077,transfert,20210802,140335,110293094759
+33458005730,20210802141043,194,+33782168765,transfert,20210802,141043,110293170967
+33458005730,20210802143641,210,+33679778373,transfert,20210802,143641,110293442866
+33458005730,20210802144910,148,+33660730420,transfert,20210802,144910,110293550906
+33458005730,20210802145857,145,+33669408876,transfert,20210802,145857,110293648811
+33458005730,20210802155151,130,+33490421212,transfert,20210802,155151,110294182272
+33458005730,20210803093918,0,+33637179139,transfert,20210803,093918,110296399253
+33458005730,20210803094545,7,+33637179139,transfert,20210803,094545,110296438430
+33458005730,20210803094954,0,+33637179139,transfert,20210803,094954,110296487883
+33458005730,20210803102037,141,+33476681768,transfert,20210803,102037,110296838098
+33458005730,20210803102804,151,+33637179139,transfert,20210803,102804,110296932008
+33458005730,20210803110435,334,+33626291753,transfert,20210803,110435,110297397356
+33458005730,20210803111630,163,+33626291753,transfert,20210803,111630,110297503561
+33458005730,20210803140611,10,+33668235371,transfert,20210803,140611,110298690767
+33458005730,20210803141351,15,+33668235371,transfert,20210803,141351,110298764131
+33458005730,20210803141424,348,+33668235371,transfert,20210803,141424,110298824678
+33458005730,20210803142048,0,+33668235371,transfert,20210803,142048,110298830617
+33458005730,20210803142225,12,+33668235371,transfert,20210803,142225,110298852976
+33458005730,20210803142321,36,+33668235371,transfert,20210803,142321,110298866381
+33458005730,20210803143356,156,+32496270303,transfert,20210803,143356,110298989168
+33458005730,20210803155209,11,+8615797907003,transfert,20210803,155209,110299718254
+33458005730,20210803161634,4,+590690619944,transfert,20210803,161634,110299956743
+33458005730,20210803161714,0,+590690619944,transfert,20210803,161714,110299959245
+33458005730,20210803161733,3,+590690619944,transfert,20210803,161733,110299964990
+33458005730,20210803164424,4,+590690619944,transfert,20210803,164424,110300214756
+33458005730,20210803164510,0,+590690619944,transfert,20210803,164510,110300226772
+33458005730,20210803164511,0,+33629469194,transfert,20210803,164511,110300227808
+33458005730,20210804084229,9,+33625029678,transfert,20210804,084229,110301487309
+33458005730,20210804090556,11,+33476681768,transfert,20210804,090556,110301584198
+33458005730,20210804091310,0,+33476681768,transfert,20210804,091310,110301634568
+33458005730,20210804091408,0,+33668235371,transfert,20210804,091408,110301653382
+33458005730,20210804093043,0,+33668235371,transfert,20210804,093043,110301783948
+33458005730,20210804093254,5,+33476681768,transfert,20210804,093254,110301793165
+33458005730,20210804093259,10,+33668235371,transfert,20210804,093259,110301795467
+33458005730,20210804093457,0,+33668235371,transfert,20210804,093457,110301814763
+33458005730,20210804095436,0,+33668235371,transfert,20210804,095436,110301994764
+33458005730,20210804101016,0,+33476681768,transfert,20210804,101016,110302129301
+33458005730,20210804102237,102,+33629469194,transfert,20210804,102237,110302274055
+33458005730,20210804103051,224,+33668235371,transfert,20210804,103051,110302382066
+33458005730,20210804105114,392,+33608106241,transfert,20210804,105114,110302620112
+33458005730,20210804111956,0,+33669408876,transfert,20210804,111956,110302880485
+33458005730,20210804112520,240,+33617548615,transfert,20210804,112520,110302958527
+33458005730,20210804114445,23,+34658804764,transfert,20210804,114445,110303126666
+33458005730,20210804115623,0,+33679430077,transfert,20210804,115623,110303261258
+33458005730,20210804140445,24,+32485905853,transfert,20210804,140445,110303943699
+33458005730,20210804140305,0,+33668235371,transfert,20210804,140305,110303949117
+33458005730,20210804140913,868,+33668235371,transfert,20210804,140913,110304114012
+33458005730,20210804142807,63,+33668235371,transfert,20210804,142807,110304165247
+33458005730,20210804143728,78,+33668235371,transfert,20210804,143728,110304244184
+33458005730,20210804153904,371,+3267830185,transfert,20210804,153904,110304829755
+33458005730,20210804154544,5,+33617548615,transfert,20210804,154544,110304829768
+33458005730,20210804161451,62,+33617548615,transfert,20210804,161451,110305085979
+33458005730,20210804163717,0,+33649371808,transfert,20210804,163717,110305269400
+33458005730,20210804163827,8,+33649371808,transfert,20210804,163827,110305275646
+33458005730,20210804163907,0,+33649371808,transfert,20210804,163907,110305279812
+33458005730,20210804164203,389,+32485905853,transfert,20210804,164203,110305357264
+33458005730,20210804170602,0,+33649371808,transfert,20210804,170602,110305502870
+33458005730,20210804165531,670,+32485905853,transfert,20210804,165531,110305504492
+33458005730,20210805085702,0,anonymous,transfert,20210805,085702,110306565816
+33458005730,20210805090759,7,+33623670339,transfert,20210805,090759,110306622627
+33458005730,20210805092801,5,+33623670339,transfert,20210805,092801,110306775012
+33458005730,20210805093332,0,+27828771132,transfert,20210805,093332,110306836633
+33458005730,20210805093600,0,+27828771132,transfert,20210805,093600,110306847256
+33458005730,20210805094003,272,+33623670339,transfert,20210805,094003,110306909576
+33458005730,20210805101233,0,+33609925333,transfert,20210805,101233,110307169946
+33458005730,20210805103927,0,+33602090093,transfert,20210805,103927,110307431436
+33458005730,20210805104616,0,+33602090093,transfert,20210805,104616,110307515078
+33458005730,20210805110838,0,+33602090093,transfert,20210805,110838,110307730572
+33458005730,20210805114633,218,+33685976441,transfert,20210805,114633,110308143220
+33458005730,20210805141101,0,anonymous,transfert,20210805,141101,110308933291
+33458005730,20210805145001,0,anonymous,transfert,20210805,145001,110309262130
+33458005730,20210805145116,4,anonymous,transfert,20210805,145116,110309267192
+33458005730,20210805150317,30,anonymous,transfert,20210805,150317,110309366172
+33458005730,20210805150428,472,anonymous,transfert,20210805,150428,110309439232
+33458005730,20210805153916,9,+33784911785,transfert,20210805,153916,110309669500
+33458005730,20210805154200,7,+33784911785,transfert,20210805,154200,110309692792
+33458005730,20210805154245,101,+33784911785,transfert,20210805,154245,110309711672
+33458005730,20210805162238,163,+33241211940,transfert,20210805,162238,110310065254
+33458005730,20210806090150,0,+33476681768,transfert,20210806,090150,110311519058
+33458005730,20210806090256,0,+33476681768,transfert,20210806,090256,110311526134
+33458005730,20210806094931,7,+21674453665,transfert,20210806,094931,110311880803
+33458005730,20210806104049,0,+32475452525,transfert,20210806,104049,110312389237
+33458005730,20210806104410,5,+33556466800,transfert,20210806,104410,110312394138
+33458005730,20210806111658,10,+33615419944,transfert,20210806,111658,110312723411
+33458005730,20210806140242,0,+33686657019,transfert,20210806,140242,110313748072
+33458005730,20210806141417,143,+32475452525,transfert,20210806,141417,110313846140
+33458005730,20210806143343,88,+33490421212,transfert,20210806,143343,110313998520
+33458005730,20210806150133,162,+33686657019,transfert,20210806,150133,110314235271
+33458005730,20210806150833,9,+33556466800,transfert,20210806,150833,110314273146
+33458005730,20210806151757,0,+32475452525,transfert,20210806,151757,110314349074
+33458005730,20210806154408,176,+32475452525,transfert,20210806,154408,110314592488
+33458005730,20210809094343,0,+3263239905,transfert,20210809,094343,110319208953
+33458005730,20210809100319,169,+32475452525,transfert,20210809,100319,110319428032
+33458005730,20210809102418,385,+33623520587,transfert,20210809,102418,110319711660
+33458005730,20210809110634,0,+33646052602,transfert,20210809,110634,110320126482
+33458005730,20210809110806,228,+33646052602,transfert,20210809,110806,110320174938
+33458005730,20210809110618,693,+34649426561,transfert,20210809,110618,110320245295
+33458005730,20210809113441,0,+33634458094,transfert,20210809,113441,110320437505
+33458005730,20210809113607,12,+33634458094,transfert,20210809,113607,110320446953
+33458005730,20210809115233,0,+32475452525,transfert,20210809,115233,110320616071
+33458005730,20210809140820,0,+32475452525,transfert,20210809,140820,110321399155
+33458005730,20210809141301,107,+33633225994,transfert,20210809,141301,110321471460
+33458005730,20210809142436,226,+32475452525,transfert,20210809,142436,110321597122
+33458005730,20210809142937,0,+33664035818,transfert,20210809,142937,110321635848
+33458005730,20210809143403,23,+33664035818,transfert,20210809,143403,110321656115
+33458005730,20210809150439,264,+33664035818,transfert,20210809,150439,110321971782
+33458005730,20210809152844,152,+33671050327,transfert,20210809,152844,110322168250
+33458005730,20210809155519,101,+33476234331,transfert,20210809,155519,110322387600
+33458005730,20210809164400,11,+33664035818,transfert,20210809,164400,110322793716
+33458005730,20210809164453,155,+33664035818,transfert,20210809,164453,110322818368
+33458005730,20210810083208,0,+34649426561,transfert,20210810,083208,110323959975
+33458005730,20210810085147,13,+33149688697,transfert,20210810,085147,110324016077
+33458005730,20210810090514,0,+34649426561,transfert,20210810,090514,110324092049
+33458005730,20210810092740,0,+34649426561,transfert,20210810,092740,110324277975
+33458005730,20210810093550,23,+34649426561,transfert,20210810,093550,110324335361
+33458005730,20210810095231,10,+33609643595,transfert,20210810,095231,110324481509
+33458005730,20210810101756,6,+33687355088,transfert,20210810,101756,110324728758
+33458005730,20210810101341,285,+34649426561,transfert,20210810,101341,110324730066
+33458005730,20210810101406,314,+41792604832,transfert,20210810,101406,110324739119
+33458005730,20210810103149,10,+33609643595,transfert,20210810,103149,110324875969
+33458005730,20210810103231,58,+33609643595,transfert,20210810,103231,110324890988
+33458005730,20210810112002,23,+43541820877,transfert,20210810,112002,110325397770
+33458005730,20210810112353,428,+33679778373,transfert,20210810,112353,110325502208
+33458005730,20210810114827,5,+33609643595,transfert,20210810,114827,110325689010
+33458005730,20210810114905,71,+33609643595,transfert,20210810,114905,110325706568
+33458005730,20210810140543,75,+447789545867,transfert,20210810,140543,110326462178
+33458005730,20210810142704,1057,+33626291753,transfert,20210810,142704,110326779407
+33458005730,20210810153727,172,+33778845326,transfert,20210810,153727,110327235258
+33458005730,20210810161716,6,+33646376341,transfert,20210810,161716,110327541224
+33458005730,20210810161412,265,+33650844269,transfert,20210810,161412,110327549338
+33458005730,20210810161812,0,+33646376341,transfert,20210810,161812,110327549483
+33458005730,20210810162918,1010,+33603297940,transfert,20210810,162918,110327772005
+33458005730,20210810165746,189,+33559122057,transfert,20210810,165746,110327890125
+33458005730,20210810172533,156,+41795998944,transfert,20210810,172533,110328074473
+33458005730,20210811090211,0,+33559122057,transfert,20210811,090211,110329025179
+33458005730,20210811090130,0,+33649371808,transfert,20210811,090130,110329026480
+33458005730,20210811090241,0,+33649371808,transfert,20210811,090241,110329031615
+33458005730,20210811090625,309,+33559122057,transfert,20210811,090625,110329088784
+33458005730,20210811091852,417,+33649284491,transfert,20210811,091852,110329194504
+33458005730,20210811092807,140,+33646376341,transfert,20210811,092807,110329232298
+33458005730,20210811102553,236,+33556466800,transfert,20210811,102553,110329774350
+33458005730,20210811103524,369,+32491515162,transfert,20210811,103524,110329893040
+33458005730,20210811111607,283,+33625024536,transfert,20210811,111607,110330287517
+33458005730,20210811144412,15,+33786552501,transfert,20210811,144412,110331602360
+33458005730,20210811153628,574,+33359821070,transfert,20210811,153628,110332111404
+33458005730,20210811160503,4,+33786552501,transfert,20210811,160503,110332270054
+33458005730,20210811165019,76,+33782320399,transfert,20210811,165019,110332631824
+33458005730,20210811165152,51,+33782320399,transfert,20210811,165152,110332640974
+33458005730,20210811165344,397,+33782320399,transfert,20210811,165344,110332697690
+33458005730,20210811172031,184,+262693909797,transfert,20210811,172031,110332854355
+33458005730,20210811172146,191,+33682525500,transfert,20210811,172146,110332860015
+33458005730,20210812090002,0,+33682056522,transfert,20210812,090002,110333758477
+33458005730,20210812090105,6,+33682056522,transfert,20210812,090105,110333761430
+33458005730,20210812101634,0,+33676523691,transfert,20210812,101634,110334351125
+33458005730,20210812102348,0,+33676523691,transfert,20210812,102348,110334430235
+33458005730,20210812102710,230,+33676523691,transfert,20210812,102710,110334465818
+33458005730,20210812145428,189,+33786552501,transfert,20210812,145428,110336354110
+33458005730,20210812145720,0,+33603081109,transfert,20210812,145720,110336375480
+33458005730,20210812155035,0,+33607349901,transfert,20210812,155035,110336772936
+33458005730,20210812155237,120,+33607349901,transfert,20210812,155237,110336793798
+33458005730,20210812155317,0,+33603081109,transfert,20210812,155317,110336812334
+33458005730,20210812163031,0,+33139330330,transfert,20210812,163031,110337074990
+33458005730,20210812163440,9,+41225610707,transfert,20210812,163440,110337105936
+33458005730,20210812162411,646,+447739302915,transfert,20210812,162411,110337106402
+33458005730,20210813080319,6,+33235699191,transfert,20210813,080319,110338263879
+33458005730,20210813085928,14,+33472345678,transfert,20210813,085928,110338383572
+33458005730,20210813090217,0,+352325085210,transfert,20210813,090217,110338414196
+33458005730,20210813090559,0,+352325085210,transfert,20210813,090559,110338436953
+33458005730,20210813091851,0,+33233936000,transfert,20210813,091851,110338526714
+33458005730,20210813091945,0,+352325085210,transfert,20210813,091945,110338526797
+33458005730,20210813092509,0,+33235699191,transfert,20210813,092509,110338553437
+33458005730,20210813092422,98,+33233936000,transfert,20210813,092422,110338559448
+33458005730,20210813092535,0,+33235699191,transfert,20210813,092535,110338560565
+33458005730,20210813092635,71,+33235699191,transfert,20210813,092635,110338569357
+33458005730,20210813101725,0,+352325085261,transfert,20210813,101725,110338976996
+33458005730,20210813101857,451,+4528345388,transfert,20210813,101857,110339048566
+33458005730,20210813102713,302,+41225610707,transfert,20210813,102713,110339102844
+33458005730,20210813103814,0,+352325085210,transfert,20210813,103814,110339188661
+33458005730,20210813110932,19,+33235699191,transfert,20210813,110932,110339460166
+33458005730,20210813111153,123,+447767115597,transfert,20210813,111153,110339498244
+33458005730,20210813112203,0,+33235699191,transfert,20210813,112203,110339579350
+33458005730,20210813112311,19,+33235699191,transfert,20210813,112311,110339588364
+33458005730,20210813114851,202,+33619960388,transfert,20210813,114851,110339848567
+33458005730,20210813145902,562,+33676523691,transfert,20210813,145902,110340987008
+33458005730,20210813153228,299,+33642007619,transfert,20210813,153228,110341200817
+33458005730,20210813165027,9,+33624777862,transfert,20210813,165027,110341705646
+33458005730,20210816095318,92,+33642291793,transfert,20210816,095318,110345833385
+33458005730,20210816100411,172,+33642291793,transfert,20210816,100411,110345955671
+33458005730,20210816102052,0,+33984338297,transfert,20210816,102052,110346115540
+33458005730,20210816102222,671,+33635556902,transfert,20210816,102222,110346250273
+33458005730,20210816103420,287,+32491515162,transfert,20210816,103420,110346311961
+33458005730,20210816104822,188,+41791995217,transfert,20210816,104822,110346447451
+33458005730,20210816110105,57,+32491515162,transfert,20210816,110105,110346574448
+33458005730,20210816110227,0,+33682525500,transfert,20210816,110227,110346616756
+33458005730,20210816110643,5,+33682525500,transfert,20210816,110643,110346618700
+33458005730,20210816110856,265,+352325085261,transfert,20210816,110856,110346692245
+33458005730,20210816111231,0,+33616021813,transfert,20210816,111231,110346705123
+33458005730,20210816111500,146,+33616021813,transfert,20210816,111500,110346732754
+33458005730,20210816140206,51,+33617482383,transfert,20210816,140206,110347808649
+33458005730,20210816140932,0,+33673470543,transfert,20210816,140932,110347903607
+33458005730,20210816141049,0,+33760121990,transfert,20210816,141049,110347904705
+33458005730,20210816141331,130,+33673470543,transfert,20210816,141331,110347934481
+33458005730,20210816141610,0,+33760121990,transfert,20210816,141610,110347949096
+33458005730,20210816141919,11,+33760121990,transfert,20210816,141919,110347973778
+33458005730,20210816142008,137,+33760121990,transfert,20210816,142008,110347999841
+33458005730,20210816145141,8,+33617482383,transfert,20210816,145141,110348268690
+33458005730,20210816151011,242,+33625646044,transfert,20210816,151011,110348461697
+33458005730,20210816151148,355,+33642007619,transfert,20210816,151148,110348492227
+33458005730,20210816155152,171,+33659232731,transfert,20210816,155152,110348816226
+33458005730,20210816161453,12,+33950657708,transfert,20210816,161453,110348994590
+33458005730,20210816161735,8,+33950657708,transfert,20210816,161735,110349016544
+33458005730,20210816161933,81,+33950657708,transfert,20210816,161933,110349044931
+33458005730,20210816162229,0,+41582552531,transfert,20210816,162229,110349064600
+33458005730,20210816162557,0,+41582552531,transfert,20210816,162557,110349092393
+33458005730,20210816163258,0,+41582552531,transfert,20210816,163258,110349152406
+33458005730,20210816164213,38,+33760121990,transfert,20210816,164213,110349226920
+33458005730,20210816165622,158,+33642007619,transfert,20210816,165622,110349359002
+33458005730,20210816170108,116,+33617482383,transfert,20210816,170108,110349389159
+33458005730,20210816170709,0,+41582552531,transfert,20210816,170709,110349422007
+33458005730,20210816173039,38,anonymous,transfert,20210816,173039,110349588378
+33458005730,20210816173909,0,anonymous,transfert,20210816,173909,110349642966
+33458005730,20210816174328,110,+33673470543,transfert,20210816,174328,110349677986
+33458005730,20210817080919,0,+33673470543,transfert,20210817,080919,110350341023
+33458005730,20210817101829,128,+33760121990,transfert,20210817,101829,110351216747
+33458005730,20210817104835,221,+41582552531,transfert,20210817,104835,110351556775
+33458005730,20210817111008,0,+33623202281,transfert,20210817,111008,110351776326
+33458005730,20210817111419,144,+33623202281,transfert,20210817,111419,110351815434
+33458005730,20210817112800,0,+491781674459,transfert,20210817,112800,110351950344
+33458005730,20210817112949,13,+491781674459,transfert,20210817,112949,110351956123
+33458005730,20210817112555,455,+41225610707,transfert,20210817,112555,110351990937
+33458005730,20210817113432,513,+33663995593,transfert,20210817,113432,110352090916
+33458005730,20210817145255,440,+33675552249,transfert,20210817,145255,110353375226
+33458005730,20210817155019,740,+33659232731,transfert,20210817,155019,110353914428
+33458005730,20210817160803,354,+33660146825,transfert,20210817,160803,110354017642
+33458005730,20210817163731,0,+33635556902,transfert,20210817,163731,110354212124
+33458005730,20210817175342,0,anonymous,transfert,20210817,175342,110354750709
+33458005730,20210818083347,0,+352325085242,transfert,20210818,083347,110355412293
+33458005730,20210818083754,12,+352325085242,transfert,20210818,083754,110355416350
+33458005730,20210818092407,217,+33787068858,transfert,20210818,092407,110355682537
+33458005730,20210818093916,8,+262693217697,transfert,20210818,093916,110355779953
+33458005730,20210818111558,14,+33472345678,transfert,20210818,111558,110356711782
+33458005730,20210818111425,262,+33685915513,transfert,20210818,111425,110356734642
+33458005730,20210818113304,509,+33961409773,transfert,20210818,113304,110356959292
+33458005730,20210818113723,251,+262693217697,transfert,20210818,113723,110356961047
+33458005730,20210818114539,5,+33472345678,transfert,20210818,114539,110357003972
+33458005730,20210818140023,0,+33630535459,transfert,20210818,140023,110357738488
+33458005730,20210818140216,0,+33630535459,transfert,20210818,140216,110357764841
+33458005730,20210818142022,281,+352691335233,transfert,20210818,142022,110357943397
+33458005730,20210818143742,7,+262692222888,transfert,20210818,143742,110358051546
+33458005730,20210818144711,4,+262692222888,transfert,20210818,144711,110358127350
+33458005730,20210818163846,0,+491794701049,transfert,20210818,163846,110359073117
+33458005730,20210818164206,0,+491794701049,transfert,20210818,164206,110359086226
+33458005730,20210818164355,24,+491794701049,transfert,20210818,164355,110359095687
+33458005730,20210818164526,0,+491794701049,transfert,20210818,164526,110359107020
+33458005730,20210819082552,13,+33682525500,transfert,20210819,082552,110360200262
+33458005730,20210819090243,0,+352325085242,transfert,20210819,090243,110360319955
+33458005730,20210819090836,11,+352325085242,transfert,20210819,090836,110360339950
+33458005730,20210819092602,18,+33680644977,transfert,20210819,092602,110360462720
+33458005730,20210819102317,8,+33663651705,transfert,20210819,102317,110360926513
+33458005730,20210819103124,160,+33663651705,transfert,20210819,103124,110361025053
+33458005730,20210819103917,143,+33663651705,transfert,20210819,103917,110361096944
+33458005730,20210819104622,0,+33663651705,transfert,20210819,104622,110361148584
+33458005730,20210819105755,0,+33663651705,transfert,20210819,105755,110361258218
+33458005730,20210819105409,382,+33680644977,transfert,20210819,105409,110361276830
+33458005730,20210819105440,540,+33182830880,transfert,20210819,105440,110361309624
+33458005730,20210819110311,16,anonymous,transfert,20210819,110311,110361312731
+33458005730,20210819110642,0,+33611116131,transfert,20210819,110642,110361337552
+33458005730,20210819110043,0,+33680644977,transfert,20210819,110043,110361338144
+33458005730,20210819111223,7,+33680644977,transfert,20210819,111223,110361408099
+33458005730,20210819110706,349,+33611116131,transfert,20210819,110706,110361409227
+33458005730,20210819112529,10,+33683104902,transfert,20210819,112529,110361524964
+33458005730,20210819112207,0,+33611116131,transfert,20210819,112207,110361528623
+33458005730,20210819112418,101,+33663651705,transfert,20210819,112418,110361534565
+33458005730,20210819112641,251,+33680644977,transfert,20210819,112641,110361581286
+33458005730,20210819112759,0,+33683104902,transfert,20210819,112759,110361581326
+33458005730,20210819113110,0,+33611116131,transfert,20210819,113110,110361588139
+33458005730,20210819113112,345,+33680644977,transfert,20210819,113112,110361630810
+33458005730,20210819140040,5,+262693217697,transfert,20210819,140040,110362445311
+33458005730,20210819140214,0,+33182830880,transfert,20210819,140214,110362463000
+33458005730,20210819140339,0,+33182830880,transfert,20210819,140339,110362475697
+33458005730,20210819140602,0,+33182830880,transfert,20210819,140602,110362513502
+33458005730,20210819140937,0,+33182830880,transfert,20210819,140937,110362523652
+33458005730,20210819141214,0,+33388407200,transfert,20210819,141214,110362550532
+33458005730,20210819141837,0,+33182830880,transfert,20210819,141837,110362601278
+33458005730,20210819142340,612,+33182830880,transfert,20210819,142340,110362721827
+33458005730,20210819143239,0,+33173301072,transfert,20210819,143239,110362722757
+33458005730,20210819143503,6,+447483007004,transfert,20210819,143503,110362734049
+33458005730,20210819143709,0,+32486418501,transfert,20210819,143709,110362760758
+33458005730,20210819143910,9,+32486418501,transfert,20210819,143910,110362768103
+33458005730,20210819145122,179,+32486418501,transfert,20210819,145122,110362885890
+33458005730,20210819145650,0,+32486418501,transfert,20210819,145650,110362912319
+33458005730,20210819150203,0,+32486418501,transfert,20210819,150203,110362953200
+33458005730,20210819145406,781,+33173301072,transfert,20210819,145406,110362990863
+33458005730,20210819150307,1203,+32486418501,transfert,20210819,150307,110363116366
+33458005730,20210819152244,24,anonymous,transfert,20210819,152244,110363119434
+33458005730,20210819152614,12,+32496265944,transfert,20210819,152614,110363145314
+33458005730,20210819153033,243,anonymous,transfert,20210819,153033,110363213354
+33458005730,20210819155405,0,+33629469194,transfert,20210819,155405,110363380862
+33458005730,20210819155542,0,+32486418501,transfert,20210819,155542,110363387875
+33458005730,20210819155604,0,+32486418501,transfert,20210819,155604,110363392053
+33458005730,20210819163621,13,+33614302576,transfert,20210819,163621,110363723478
+33458005730,20210819171424,393,+33611974133,transfert,20210819,171424,110364052044
+33458005730,20210819172221,15,+262692222888,transfert,20210819,172221,110364063309
+33458005730,20210819172243,0,+33611974133,transfert,20210819,172243,110364067085
+33458005730,20210819174445,0,+33680644977,transfert,20210819,174445,110364214885
+33458005730,20210820094229,5,+33663651705,transfert,20210820,094229,110365293461
+33458005730,20210820095626,0,+31622206541,transfert,20210820,095626,110365412504
+33458005730,20210820095856,200,+31622206541,transfert,20210820,095856,110365447219
+33458005730,20210820101411,8,+33663651705,transfert,20210820,101411,110365561909
+33458005730,20210820102207,0,+33612592760,transfert,20210820,102207,110365633065
+33458005730,20210820100440,1378,+262693915888,transfert,20210820,100440,110365680653
+33458005730,20210820103137,0,+33633202179,transfert,20210820,103137,110365739510
+33458005730,20210820103127,143,+33602121612,transfert,20210820,103127,110365743652
+33458005730,20210820112213,0,+33661987424,transfert,20210820,112213,110366243426
+33458005730,20210820112726,330,+33661987424,transfert,20210820,112726,110366321346
+33458005730,20210820141708,5,+262693217697,transfert,20210820,141708,110367288802
+33458005730,20210820141823,5,+262693217697,transfert,20210820,141823,110367297092
+33458005730,20210820142802,9,+33359821070,transfert,20210820,142802,110367375729
+33458005730,20210820144906,6,+262693217697,transfert,20210820,144906,110367543409
+33458005730,20210820144950,6,+262693217697,transfert,20210820,144950,110367547541
+33458005730,20210820145350,0,+33182830880,transfert,20210820,145350,110367591916
+33458005730,20210820154827,69,+33669583648,transfert,20210820,154827,110368001809
+33458005730,20210820155012,41,+262693217697,transfert,20210820,155012,110368012793
+33458005730,20210820160233,163,+41277205222,transfert,20210820,160233,110368125603
+33458005730,20210820161130,96,+33633225994,transfert,20210820,161130,110368189950
+33458005730,20210820162159,0,+33182830880,transfert,20210820,162159,110368259962
+33458005730,20210820165449,44,+33783532854,transfert,20210820,165449,110368513299
+33458005730,20210823093125,0,+33786149147,transfert,20210823,093125,110372331273
+33458005730,20210823093331,0,+33786149147,transfert,20210823,093331,110372357279
+33458005730,20210823093812,0,+97144561052,transfert,20210823,093812,110372432785
+33458005730,20210823095643,104,+33786149147,transfert,20210823,095643,110372631905
+33458005730,20210823103310,13,anonymous,transfert,20210823,103310,110373072960
+33458005730,20210823103714,132,+33182830880,transfert,20210823,103714,110373141478
+33458005730,20210823103406,344,anonymous,transfert,20210823,103406,110373147157
+33458005730,20210823104858,60,+33669583648,transfert,20210823,104858,110373276179
+33458005730,20210823111915,388,+33329834422,transfert,20210823,111915,110373725064
+33458005730,20210823112200,389,+31649645583,transfert,20210823,112200,110373761066
+33458005730,20210823112851,27,+33490421212,transfert,20210823,112851,110373768832
+33458005730,20210823113725,416,+33679534306,transfert,20210823,113725,110373947991
+33458005730,20210823140420,0,+33642291793,transfert,20210823,140420,110374920015
+33458005730,20210823140928,0,+33652284318,transfert,20210823,140928,110374983029
+33458005730,20210823140627,359,anonymous,transfert,20210823,140627,110375007599
+33458005730,20210823141512,185,+33668875777,transfert,20210823,141512,110375073980
+33458005730,20210823142819,255,+4972146472740,transfert,20210823,142819,110375233798
+33458005730,20210823145507,0,+33182830880,transfert,20210823,145507,110375478552
+33458005730,20210823145628,0,+33182830880,transfert,20210823,145628,110375492530
+33458005730,20210823145952,0,+33182830880,transfert,20210823,145952,110375528399
+33458005730,20210823150254,0,+33182830880,transfert,20210823,150254,110375558096
+33458005730,20210823150646,0,+33629469194,transfert,20210823,150646,110375600958
+33458005730,20210823152645,88,+33974594930,transfert,20210823,152645,110375809405
+33458005730,20210823152954,278,+97144561052,transfert,20210823,152954,110375874413
+33458005730,20210823154558,41,+33679534306,transfert,20210823,154558,110375997147
+33458005730,20210823160213,343,+33760121990,transfert,20210823,160213,110376220119
+33458005730,20210823161433,0,+33760121990,transfert,20210823,161433,110376302295
+33458005730,20210823161850,0,+33663390387,transfert,20210823,161850,110376338080
+33458005730,20210823161612,289,+33760121990,transfert,20210823,161612,110376358539
+33458005730,20210823162322,28,+33760121990,transfert,20210823,162322,110376385607
+33458005730,20210823162351,0,+33663390387,transfert,20210823,162351,110376389463
+33458005730,20210823163404,0,+33663390387,transfert,20210823,163404,110376507816
+33458005730,20210823165600,0,+33630513012,transfert,20210823,165600,110376706242
+33458005730,20210823165254,304,+4972146472740,transfert,20210823,165254,110376721891
+33458005730,20210823170822,0,+33609929200,transfert,20210823,170822,110376819430
+33458005730,20210823171043,0,+33609929200,transfert,20210823,171043,110376844834
+33458005730,20210823171046,0,+33685381243,transfert,20210823,171046,110376846434
+33458005730,20210823171224,0,+33685381243,transfert,20210823,171224,110376853052
+33458005730,20210823172653,128,+33623196186,transfert,20210823,172653,110376987061
+33458005730,20210824085932,0,+33680644977,transfert,20210824,085932,110378025698
+33458005730,20210824090440,0,+33680644977,transfert,20210824,090440,110378046600
+33458005730,20210824091013,0,+33614255702,transfert,20210824,091013,110378116549
+33458005730,20210824091451,14,+21674453665,transfert,20210824,091451,110378138666
+33458005730,20210824091340,0,+33614255702,transfert,20210824,091340,110378143190
+33458005730,20210824091946,0,+33614255702,transfert,20210824,091946,110378187539
+33458005730,20210824092947,0,+33614255702,transfert,20210824,092947,110378263259
+33458005730,20210824093132,46,+33614255702,transfert,20210824,093132,110378284139
+33458005730,20210824093257,0,+33614255702,transfert,20210824,093257,110378313613
+33458005730,20210824094432,0,+33680644977,transfert,20210824,094432,110378434301
+33458005730,20210824094544,5,+33680644977,transfert,20210824,094544,110378443136
+33458005730,20210824095817,236,+33607426837,transfert,20210824,095817,110378621682
+33458005730,20210824101359,79,+33607426837,transfert,20210824,101359,110378784842
+33458005730,20210824102511,0,+4972146472740,transfert,20210824,102511,110378908820
+33458005730,20210824102159,264,+41791995217,transfert,20210824,102159,110378920831
+33458005730,20210824103044,0,+33680644977,transfert,20210824,103044,110379001739
+33458005730,20210824103326,108,+33680644977,transfert,20210824,103326,110379026510
+33458005730,20210824104043,536,+33665303613,transfert,20210824,104043,110379207539
+33458005730,20210824104527,493,+4972146472740,transfert,20210824,104527,110379259834
+33458005730,20210824105919,161,+33760121990,transfert,20210824,105919,110379358403
+33458005730,20210824111757,0,+33642291793,transfert,20210824,111757,110379560895
+33458005730,20210824111808,5,anonymous,transfert,20210824,111808,110379563250
+33458005730,20210824111850,4,anonymous,transfert,20210824,111850,110379570001
+33458005730,20210824112214,214,+33642291793,transfert,20210824,112214,110379654397
+33458005730,20210824113208,0,+33630513012,transfert,20210824,113208,110379735159
+33458005730,20210824113023,145,+33642291793,transfert,20210824,113023,110379737410
+33458005730,20210824142416,54,+33685381243,transfert,20210824,142416,110381081462
+33458005730,20210824145124,0,+97144561052,transfert,20210824,145124,110381400298
+33458005730,20210824153027,49,+33757916926,transfert,20210824,153027,110381784028
+33458005730,20210824160230,239,+33640970988,transfert,20210824,160230,110382150103
+33458005730,20210824160856,359,+97144561052,transfert,20210824,160856,110382236327
+33458005730,20210824171120,10,+33611299427,transfert,20210824,171120,110382783959
+33458005730,20210825091748,12,+33475782665,transfert,20210825,091748,110384099241
+33458005730,20210825093647,0,+33682599061,transfert,20210825,093647,110384301282
+33458005730,20210825095529,0,+33698234708,transfert,20210825,095529,110384466605
+33458005730,20210825104007,209,+33668875777,transfert,20210825,104007,110384997181
+33458005730,20210825104251,267,+33951918755,transfert,20210825,104251,110385037571
+33458005730,20210825105401,242,+352621633966,transfert,20210825,105401,110385164389
+33458005730,20210825111058,194,+33474184367,transfert,20210825,111058,110385350059
+33458005730,20210825112702,12,+262692911272,transfert,20210825,112702,110385502310
+33458005730,20210825112758,5,+262692911272,transfert,20210825,112758,110385508081
+33458005730,20210825114817,11,+33631305931,transfert,20210825,114817,110385728921
+33458005730,20210825140631,0,+33782585565,transfert,20210825,140631,110386624348
+33458005730,20210825144626,0,+525532322466,transfert,20210825,144626,110387023768
+33458005730,20210825145449,254,+525532322466,transfert,20210825,145449,110387114445
+33458005730,20210825153052,0,+33608106241,transfert,20210825,153052,110387414423
+33458005730,20210825153602,0,+33608106241,transfert,20210825,153602,110387464732
+33458005730,20210825155502,294,+33608106241,transfert,20210825,155502,110387698750
+33458005730,20210825160319,568,+33631305931,transfert,20210825,160319,110387825939
+33458005730,20210825161618,0,+33663995593,transfert,20210825,161618,110387868536
+33458005730,20210825161725,13,+33663995593,transfert,20210825,161725,110387876802
+33458005730,20210825161838,478,+33663995593,transfert,20210825,161838,110387958537
+33458005730,20210826093245,0,+31614411747,transfert,20210826,093245,110389743217
+33458005730,20210826093412,19,+31614411747,transfert,20210826,093412,110389754819
+33458005730,20210826095103,5,+33659232731,transfert,20210826,095103,110389905804
+33458005730,20210826095013,0,+33682599061,transfert,20210826,095013,110389908527
+33458005730,20210826095800,0,+31614411747,transfert,20210826,095800,110389976709
+33458005730,20210826100448,0,+31614411747,transfert,20210826,100448,110390046874
+33458005730,20210826101856,0,+31614411747,transfert,20210826,101856,110390208468
+33458005730,20210826102011,143,+31614411747,transfert,20210826,102011,110390241648
+33458005730,20210826103006,89,+33659232731,transfert,20210826,103006,110390344573
+33458005730,20210826103559,0,+33608106241,transfert,20210826,103559,110390397699
+33458005730,20210826103750,15,+33437062412,transfert,20210826,103750,110390424615
+33458005730,20210826103619,135,+33649640373,transfert,20210826,103619,110390428575
+33458005730,20210826111301,3,+33437062412,transfert,20210826,111301,110390818438
+33458005730,20210826111424,182,+33437062412,transfert,20210826,111424,110390864906
+33458005730,20210826112700,0,+33685381243,transfert,20210826,112700,110390979768
+33458005730,20210826112854,0,+447767115597,transfert,20210826,112854,110391030910
+33458005730,20210826113256,0,+447767115597,transfert,20210826,113256,110391070380
+33458005730,20210826113922,0,+447767115597,transfert,20210826,113922,110391146981
+33458005730,20210826114644,0,+33608106241,transfert,20210826,114644,110391200149
+33458005730,20210826114651,0,+447767115597,transfert,20210826,114651,110391203860
+33458005730,20210826115102,0,+33608106241,transfert,20210826,115102,110391249795
+33458005730,20210826115807,0,+447767115597,transfert,20210826,115807,110391351349
+33458005730,20210826140005,0,+31614411747,transfert,20210826,140005,110392055977
+33458005730,20210826140106,15,+31614411747,transfert,20210826,140106,110392062026
+33458005730,20210826140800,114,+447767115597,transfert,20210826,140800,110392150382
+33458005730,20210826141357,27,+447767115597,transfert,20210826,141357,110392198568
+33458005730,20210826141500,0,+447767115597,transfert,20210826,141500,110392230018
+33458005730,20210826141823,9,+31614411747,transfert,20210826,141823,110392242073
+33458005730,20210826142347,315,+447767115597,transfert,20210826,142347,110392350157
+33458005730,20210826145029,8,+33603348630,transfert,20210826,145029,110392550569
+33458005730,20210826145122,312,+33603348630,transfert,20210826,145122,110392600144
+33458005730,20210826145738,301,+31614411747,transfert,20210826,145738,110392656956
+33458005730,20210826151450,478,+33608106241,transfert,20210826,151450,110392843050
+33458005730,20210826153508,0,+33684341039,transfert,20210826,153508,110392969799
+33458005730,20210826153049,581,+33636808097,transfert,20210826,153049,110393012719
+33458005730,20210826160327,10,+31614411747,transfert,20210826,160327,110393232456
+33458005730,20210826160459,0,+31614411747,transfert,20210826,160459,110393252953
+33458005730,20210826160720,9,+33663995593,transfert,20210826,160720,110393271778
+33458005730,20210826160810,63,+33663995593,transfert,20210826,160810,110393285779
+33458005730,20210826161451,124,+33684341039,transfert,20210826,161451,110393359623
+33458005730,20210826162321,382,+31614411747,transfert,20210826,162321,110393481951
+33458005730,20210826163143,0,+33685381243,transfert,20210826,163143,110393510007
+33458005730,20210826164750,0,+33607426837,transfert,20210826,164750,110393658651
+33458005730,20210826170632,68,+33688260884,transfert,20210826,170632,110393829886
+33458005730,20210827091908,11,+33329834422,transfert,20210827,091908,110395153461
+33458005730,20210827091932,162,+33329834422,transfert,20210827,091932,110395183341
+33458005730,20210827100733,9,+33787068858,transfert,20210827,100733,110395610147
+33458005730,20210827101822,76,+33329834422,transfert,20210827,101822,110395746225
+33458005730,20210827110225,17,+33787068858,transfert,20210827,110225,110396221325
+33458005730,20210827112101,8,+33663651705,transfert,20210827,112101,110396416875
+33458005730,20210827112344,24,+33609694756,transfert,20210827,112344,110396448482
+33458005730,20210827112844,5,+33787068858,transfert,20210827,112844,110396498058
+33458005730,20210827113309,12,+33663651705,transfert,20210827,113309,110396549914
+33458005730,20210827113721,5,+33663651705,transfert,20210827,113721,110396593642
+33458005730,20210827140653,324,+33698654933,transfert,20210827,140653,110397678268
+33458005730,20210827150134,5,+33472345678,transfert,20210827,150134,110398128201
+33458005730,20210827150214,11,+590690619944,transfert,20210827,150214,110398133044
+33458005730,20210827150525,6,+33663995593,transfert,20210827,150525,110398162682
+33458005730,20210827150607,11,+33663995593,transfert,20210827,150607,110398167657
+33458005730,20210827150702,4,+590690619944,transfert,20210827,150702,110398173268
+33458005730,20210827155034,87,+33679443299,transfert,20210827,155034,110398576954
+33458005730,20210827160845,11,+33782320399,transfert,20210827,160845,110398733662
+33458005730,20210827164652,19,+33668130229,transfert,20210827,164652,110399075036
+33458005730,20210827164748,85,+33668130229,transfert,20210827,164748,110399093656
+33458005730,20210827165211,8,+33760121990,transfert,20210827,165211,110399117041
+33458005730,20210827173957,11,+33663651705,transfert,20210827,173957,110399463333
+33458005730,20210830093709,0,+352621633966,transfert,20210830,093709,110403312094
+33458005730,20210830094018,379,+33684229934,transfert,20210830,094018,110403396663
+33458005730,20210830095323,0,+352621633966,transfert,20210830,095323,110403474069
+33458005730,20210830101207,4,+33661877424,transfert,20210830,101207,110403691442
+33458005730,20210830101024,75,+33674059211,transfert,20210830,101024,110403694576
+33458005730,20210830101253,0,+33663651705,transfert,20210830,101253,110403714158
+33458005730,20210830101448,206,+33618282754,transfert,20210830,101448,110403774172
+33458005730,20210830104540,358,+352621633966,transfert,20210830,104540,110404214261
+33458005730,20210830105752,0,+33679778373,transfert,20210830,105752,110404303215
+33458005730,20210830105856,0,+33679778373,transfert,20210830,105856,110404346524
+33458005730,20210830110454,199,+33679778373,transfert,20210830,110454,110404432415
+33458005730,20210830111727,0,+33663651705,transfert,20210830,111727,110404563950
+33458005730,20210830113751,8,+33676523691,transfert,20210830,113751,110404818445
+33458005730,20210830112302,928,+33663651705,transfert,20210830,112302,110404827187
+33458005730,20210830113421,0,+352661801145,transfert,20210830,113421,110404846918
+33458005730,20210830114338,0,+33788913685,transfert,20210830,114338,110404900882
+33458005730,20210830114514,422,+33788913685,transfert,20210830,114514,110404998233
+33458005730,20210830115424,0,+33670939131,transfert,20210830,115424,110405031251
+33458005730,20210830140152,0,+33298282390,transfert,20210830,140152,110405904643
+33458005730,20210830140501,46,+33679778373,transfert,20210830,140501,110405940898
+33458005730,20210830141104,111,+33298282390,transfert,20210830,141104,110406024996
+33458005730,20210830142213,141,+262262212452,transfert,20210830,142213,110406173699
+33458005730,20210830143548,0,+33685381243,transfert,20210830,143548,110406317095
+33458005730,20210830143428,520,+262262217230,transfert,20210830,143428,110406402911
+33458005730,20210830144411,0,+33646741316,transfert,20210830,144411,110406418848
+33458005730,20210830151008,0,+33617482383,transfert,20210830,151008,110406721093
+33458005730,20210830151334,74,+33555361373,transfert,20210830,151334,110406776252
+33458005730,20210830152314,210,+262262217230,transfert,20210830,152314,110406914591
+33458005730,20210830152735,15,+33233936000,transfert,20210830,152735,110406927463
+33458005730,20210830153544,333,+33685381243,transfert,20210830,153544,110407078050
+33458005730,20210830160157,137,+352325085261,transfert,20210830,160157,110407337715
+33458005730,20210830161146,314,+262262212452,transfert,20210830,161146,110407481756
+33458005730,20210830162327,0,+33673470543,transfert,20210830,162327,110407580542
+33458005730,20210830162827,45,+33673470543,transfert,20210830,162827,110407610682
+33458005730,20210830164214,215,+33757091358,transfert,20210830,164214,110407788629
+33458005730,20210830173918,0,+33669408876,transfert,20210830,173918,110408291679
+33458005730,20210831093603,0,+33782320399,transfert,20210831,093603,110409618299
+33458005730,20210831093609,0,+33669408876,transfert,20210831,093609,110409618331
+33458005730,20210831093745,0,+33782320399,transfert,20210831,093745,110409653821
+33458005730,20210831094414,236,+31649645583,transfert,20210831,094414,110409745409
+33458005730,20210831094117,563,+33782320399,transfert,20210831,094117,110409766261
+33458005730,20210831095215,90,+33467967059,transfert,20210831,095215,110409807511
+33458005730,20210831095728,288,+33233936000,transfert,20210831,095728,110409904045
+33458005730,20210831102245,12,+262693338118,transfert,20210831,102245,110410169147
+33458005730,20210831101805,335,+33618544859,transfert,20210831,101805,110410175090
+33458005730,20210831102606,94,+262693338118,transfert,20210831,102606,110410230324
+33458005730,20210831104739,68,+33673470543,transfert,20210831,104739,110410512959
+33458005730,20210831105257,0,+33388180888,transfert,20210831,105257,110410578539
+33458005730,20210831105416,132,+33388180888,transfert,20210831,105416,110410618852
+33458005730,20210831105407,0,+33679778373,transfert,20210831,105407,110410627177
+33458005730,20210831105951,0,+33475294769,transfert,20210831,105951,110410704517
+33458005730,20210831110326,0,+33475294769,transfert,20210831,110326,110410722302
+33458005730,20210831110421,65,+33756759882,transfert,20210831,110421,110410737813
+33458005730,20210831113450,0,+33679778373,transfert,20210831,113450,110411160410
+33458005730,20210831114014,0,+33669408876,transfert,20210831,114014,110411226115
+33458005730,20210831140605,0,+33679778373,transfert,20210831,140605,110412342591
+33458005730,20210831141404,130,+33627125422,transfert,20210831,141404,110412430655
+33458005730,20210831150214,149,+33630677297,transfert,20210831,150214,110412989665
+33458005730,20210831150339,0,+33679778373,transfert,20210831,150339,110412989695
+33458005730,20210831153008,0,+33668581764,transfert,20210831,153008,110413296758
+33458005730,20210831153302,0,+33788913685,transfert,20210831,153302,110413331628
+33458005730,20210831153511,499,+33788913685,transfert,20210831,153511,110413426706
+33458005730,20210831155215,321,+33662351739,transfert,20210831,155215,110413586684
+33458005730,20210831160822,0,+33611974133,transfert,20210831,160822,110413717103
+33458005730,20210831161044,112,+33661806074,transfert,20210831,161044,110413750210
+33458005730,20210831162132,0,+33623274009,transfert,20210831,162132,110413854867
+33458005730,20210831162228,6,+33623274009,transfert,20210831,162228,110413865940
+33458005730,20210831162547,22,+33630677297,transfert,20210831,162547,110413903565
+33458005730,20210831163020,0,+33611974133,transfert,20210831,163020,110413954656
+33458005730,20210831163215,186,+33685381243,transfert,20210831,163215,110414002322
+33458005730,20210831163118,302,+33611974133,transfert,20210831,163118,110414014622
+33458005730,20210831171459,0,+33607349901,transfert,20210831,171459,110414419969
+33458005730,20210831173427,0,+33623421310,transfert,20210831,173427,110414582528
+33458005707,20210802084732,58,+436508446340,incoming,20210802,084732,110290245231
+33458005707,20210802101459,6,+33669583648,incoming,20210802,101459,110291157935
+33458005707,20210802101547,113,+33669583648,incoming,20210802,101547,110291181312
+33458005707,20210802104414,198,+33757933635,incoming,20210802,104414,110291538128
+33458005707,20210802155151,130,+33490421212,incoming,20210802,155151,110294180961
+33458005707,20210803094546,7,+33637179139,incoming,20210803,094546,110296440366
+33458005707,20210803102037,141,+33476681768,incoming,20210803,102037,110296839829
+33458005707,20210803140611,10,+33668235371,transfert,20210803,140611,110298690555
+33458005707,20210803141351,15,+33668235371,incoming,20210803,141351,110298766823
+33458005707,20210803141424,348,+33668235371,incoming,20210803,141424,110298826859
+33458005707,20210803155209,11,+8615797907003,transfert,20210803,155209,110299719947
+33458005707,20210803161634,4,+590690619944,transfert,20210803,161634,110299955568
+33458005707,20210803161733,4,+590690619944,transfert,20210803,161733,110299965156
+33458005707,20210803164424,4,+590690619944,transfert,20210803,164424,110300215691
+33458005707,20210804084229,9,+33625029678,transfert,20210804,084229,110301488142
+33458005707,20210804090556,11,+33476681768,transfert,20210804,090556,110301584648
+33458005707,20210804091311,0,+33476681768,miss,20210804,091311,110301636746
+33458005707,20210804093259,10,+33668235371,transfert,20210804,093259,110301793727
+33458005707,20210804093254,6,+33476681768,transfert,20210804,093254,110301793910
+33458005707,20210804101016,0,+33476681768,miss,20210804,101016,110302132091
+33458005707,20210804105114,392,+33608106241,incoming,20210804,105114,110302621616
+33458005707,20210804112520,240,+33617548615,incoming,20210804,112520,110302961896
+33458005707,20210804114445,23,+34658804764,transfert,20210804,114445,110303125905
+33458005707,20210804140445,24,+32485905853,transfert,20210804,140445,110303943505
+33458005707,20210804154544,5,+33617548615,transfert,20210804,154544,110304829848
+33458005707,20210804161451,62,+33617548615,incoming,20210804,161451,110305085834
+33458005707,20210804163828,8,+33649371808,transfert,20210804,163828,110305276199
+33458005707,20210804165531,670,+32485905853,incoming,20210804,165531,110305504104
+33458005707,20210805090759,7,+33623670339,transfert,20210805,090759,110306625115
+33458005707,20210805092802,5,+33623670339,transfert,20210805,092802,110306778965
+33458005707,20210805145116,4,anonymous,transfert,20210805,145116,110309268067
+33458005707,20210805153916,9,+33784911785,transfert,20210805,153916,110309667618
+33458005707,20210805154200,7,+33784911785,transfert,20210805,154200,110309692010
+33458005707,20210806090256,0,+33476681768,miss,20210806,090256,110311528814
+33458005707,20210806094931,7,+21674453665,transfert,20210806,094931,110311879533
+33458005707,20210806104410,5,+33556466800,transfert,20210806,104410,110312395768
+33458005707,20210806111658,10,+33615419944,transfert,20210806,111658,110312724421
+33458005707,20210806143343,88,+33490421212,incoming,20210806,143343,110313999831
+33458005707,20210806150833,9,+33556466800,transfert,20210806,150833,110314272275
+33458005707,20210809113607,12,+33634458094,transfert,20210809,113607,110320449162
+33458005707,20210809143403,23,+33664035818,transfert,20210809,143403,110321657004
+33458005707,20210809155519,101,+33476234331,incoming,20210809,155519,110322386357
+33458005707,20210809164400,11,+33664035818,transfert,20210809,164400,110322794134
+33458005707,20210809164453,155,+33664035818,incoming,20210809,164453,110322819401
+33458005707,20210810085147,13,+33149688697,transfert,20210810,085147,110324020367
+33458005707,20210810093550,23,+34649426561,transfert,20210810,093550,110324336983
+33458005707,20210810095231,10,+33609643595,transfert,20210810,095231,110324479836
+33458005707,20210810101756,6,+33687355088,transfert,20210810,101756,110324731149
+33458005707,20210810101406,314,+41792604832,incoming,20210810,101406,110324742274
+33458005707,20210810103149,10,+33609643595,transfert,20210810,103149,110324875038
+33458005707,20210810112002,23,+43541820877,transfert,20210810,112002,110325399263
+33458005707,20210810114827,5,+33609643595,transfert,20210810,114827,110325689977
+33458005707,20210810161716,6,+33646376341,transfert,20210810,161716,110327540840
+33458005707,20210810162918,1009,+33603297940,incoming,20210810,162918,110327772757
+33458005707,20210811090241,0,+33649371808,miss,20210811,090241,110329031879
+33458005707,20210811092807,140,+33646376341,incoming,20210811,092807,110329232030
+33458005707,20210811102554,236,+33556466800,incoming,20210811,102554,110329776624
+33458005707,20210811144413,15,+33786552501,transfert,20210811,144413,110331602596
+33458005707,20210811153628,574,+33359821070,incoming,20210811,153628,110332111484
+33458005707,20210811160503,4,+33786552501,transfert,20210811,160503,110332269294
+33458005707,20210811172146,191,+33682525500,incoming,20210811,172146,110332860468
+33458005707,20210812090105,6,+33682056522,transfert,20210812,090105,110333763067
+33458005707,20210812145428,189,+33786552501,incoming,20210812,145428,110336356052
+33458005707,20210812163031,0,+33139330330,miss,20210812,163031,110337074511
+33458005707,20210812163440,9,+41225610707,transfert,20210812,163440,110337107648
+33458005707,20210813080231,8,+33235699280,incoming,20210813,080231,110338263100
+33458005707,20210813080319,6,+33235699191,incoming,20210813,080319,110338263840
+33458005707,20210813085928,14,+33472345678,incoming,20210813,085928,110338380531
+33458005707,20210813092509,0,+33235699191,miss,20210813,092509,110338553938
+33458005707,20210813092422,98,+33233936000,incoming,20210813,092422,110338560841
+33458005707,20210813092635,71,+33235699191,incoming,20210813,092635,110338570334
+33458005707,20210813101857,451,+4528345388,incoming,20210813,101857,110339049087
+33458005707,20210813102713,302,+41225610707,incoming,20210813,102713,110339105175
+33458005707,20210813110932,19,+33235699191,incoming,20210813,110932,110339457134
+33458005707,20210813112208,0,+33235699191,transfert,20210813,112208,110339573550
+33458005707,20210813112311,19,+33235699191,incoming,20210813,112311,110339586368
+33458005707,20210816102222,671,+33635556902,incoming,20210816,102222,110346253990
+33458005707,20210816110643,5,+33682525500,incoming,20210816,110643,110346621907
+33458005707,20210816111500,146,+33616021813,incoming,20210816,111500,110346732026
+33458005707,20210816140206,51,+33617482383,incoming,20210816,140206,110347811458
+33458005707,20210816141919,11,+33760121990,incoming,20210816,141919,110347972412
+33458005707,20210816143946,8,+33472345678,incoming,20210816,143946,110348160371
+33458005707,20210816145141,8,+33617482383,incoming,20210816,145141,110348267413
+33458005707,20210816151011,242,+33625646044,incoming,20210816,151011,110348462112
+33458005707,20210816155152,171,+33659232731,incoming,20210816,155152,110348817244
+33458005707,20210816161453,12,+33950657708,incoming,20210816,161453,110348993527
+33458005707,20210816161735,8,+33950657708,incoming,20210816,161735,110349018255
+33458005707,20210816161934,81,+33950657708,incoming,20210816,161934,110349044442
+33458005707,20210816170108,116,+33617482383,incoming,20210816,170108,110349389815
+33458005707,20210817112949,13,+491781674459,incoming,20210817,112949,110351956766
+33458005707,20210817112556,455,+41225610707,incoming,20210817,112556,110351990475
+33458005707,20210817113432,513,+33663995593,incoming,20210817,113432,110352089614
+33458005707,20210817155019,740,+33659232731,incoming,20210817,155019,110353913163
+33458005707,20210818083754,12,+352325085242,transfert,20210818,083754,110355416475
+33458005707,20210818093916,8,+262693217697,transfert,20210818,093916,110355777088
+33458005707,20210818111558,14,+33472345678,transfert,20210818,111558,110356713552
+33458005707,20210818113723,251,+262693217697,incoming,20210818,113723,110356957765
+33458005707,20210818114539,5,+33472345678,transfert,20210818,114539,110357001275
+33458005707,20210818143742,7,+262692222888,transfert,20210818,143742,110358050469
+33458005707,20210818144712,4,+262692222888,transfert,20210818,144712,110358127013
+33458005707,20210818164355,24,+491794701049,transfert,20210818,164355,110359094728
+33458005707,20210819082553,13,+33682525500,transfert,20210819,082553,110360199943
+33458005707,20210819090836,11,+352325085242,transfert,20210819,090836,110360340452
+33458005707,20210819092602,18,+33680644977,transfert,20210819,092602,110360455387
+33458005707,20210819102317,8,+33663651705,transfert,20210819,102317,110360928729
+33458005707,20210819103124,160,+33663651705,incoming,20210819,103124,110361025836
+33458005707,20210819105409,382,+33680644977,incoming,20210819,105409,110361278798
+33458005707,20210819110311,16,anonymous,transfert,20210819,110311,110361309785
+33458005707,20210819111223,7,+33680644977,transfert,20210819,111223,110361402187
+33458005707,20210819113112,345,+33680644977,incoming,20210819,113112,110361633602
+33458005707,20210819140041,5,+262693217697,transfert,20210819,140041,110362444767
+33458005707,20210819143503,6,+447483007004,transfert,20210819,143503,110362735037
+33458005707,20210819143910,9,+32486418501,transfert,20210819,143910,110362767469
+33458005707,20210819150307,1203,+32486418501,incoming,20210819,150307,110363117049
+33458005707,20210819152244,24,anonymous,transfert,20210819,152244,110363118515
+33458005707,20210819152614,12,+32496265944,transfert,20210819,152614,110363146117
+33458005707,20210819155604,0,+32486418501,miss,20210819,155604,110363390545
+33458005707,20210819163622,13,+33614302576,transfert,20210819,163622,110363723191
+33458005707,20210819172221,15,+262692222888,transfert,20210819,172221,110364064621
+33458005707,20210820094229,5,+33663651705,transfert,20210820,094229,110365291747
+33458005707,20210820095856,200,+31622206541,incoming,20210820,095856,110365444838
+33458005707,20210820101411,8,+33663651705,transfert,20210820,101411,110365562078
+33458005707,20210820100440,1378,+262693915888,incoming,20210820,100440,110365682473
+33458005707,20210820141708,5,+262693217697,incoming,20210820,141708,110367288372
+33458005707,20210820141823,5,+262693217697,incoming,20210820,141823,110367297462
+33458005707,20210820142802,9,+33359821070,incoming,20210820,142802,110367375258
+33458005707,20210820144906,6,+262693217697,incoming,20210820,144906,110367543365
+33458005707,20210820144950,6,+262693217697,incoming,20210820,144950,110367548563
+33458005707,20210820154827,69,+33669583648,incoming,20210820,154827,110368001604
+33458005707,20210820155012,41,+262693217697,incoming,20210820,155012,110368012118
+33458005707,20210820165449,44,+33783532854,incoming,20210820,165449,110368512862
+33458005707,20210823103310,13,anonymous,incoming,20210823,103310,110373073665
+33458005707,20210823103406,344,anonymous,incoming,20210823,103406,110373147184
+33458005707,20210823104858,60,+33669583648,incoming,20210823,104858,110373276330
+33458005707,20210823111916,388,+33329834422,incoming,20210823,111916,110373727116
+33458005707,20210823112851,27,+33490421212,incoming,20210823,112851,110373767487
+33458005707,20210823113726,416,+33679534306,incoming,20210823,113726,110373947897
+33458005707,20210823152645,88,+33974594930,incoming,20210823,152645,110375807967
+33458005707,20210823154558,41,+33679534306,incoming,20210823,154558,110375998134
+33458005707,20210823172653,128,+33623196186,incoming,20210823,172653,110376988698
+33458005707,20210824091451,14,+21674453665,transfert,20210824,091451,110378138162
+33458005707,20210824093132,46,+33614255702,incoming,20210824,093132,110378305701
+33458005707,20210824094544,6,+33680644977,transfert,20210824,094544,110378442813
+33458005707,20210824103326,108,+33680644977,incoming,20210824,103326,110379027994
+33458005707,20210824104043,536,+33665303613,incoming,20210824,104043,110379208036
+33458005707,20210824111809,5,anonymous,transfert,20210824,111809,110379562143
+33458005707,20210824111850,4,anonymous,transfert,20210824,111850,110379570086
+33458005707,20210824171120,10,+33611299427,incoming,20210824,171120,110382783447
+33458005707,20210825091748,13,+33475782665,transfert,20210825,091748,110384099947
+33458005707,20210825104251,266,+33951918755,incoming,20210825,104251,110385037630
+33458005707,20210825111058,194,+33474184367,incoming,20210825,111058,110385352617
+33458005707,20210825112702,12,+262692911272,transfert,20210825,112702,110385498247
+33458005707,20210825112758,5,+262692911272,transfert,20210825,112758,110385506426
+33458005707,20210825114818,11,+33631305931,transfert,20210825,114818,110385734156
+33458005707,20210825160319,568,+33631305931,incoming,20210825,160319,110387824081
+33458005707,20210825161725,13,+33663995593,transfert,20210825,161725,110387876642
+33458005707,20210825161838,478,+33663995593,incoming,20210825,161838,110387960511
+33458005707,20210826093412,19,+31614411747,transfert,20210826,093412,110389753324
+33458005707,20210826095104,5,+33659232731,transfert,20210826,095104,110389906032
+33458005707,20210826102011,143,+31614411747,incoming,20210826,102011,110390240390
+33458005707,20210826103006,89,+33659232731,incoming,20210826,103006,110390345922
+33458005707,20210826103750,15,+33437062412,transfert,20210826,103750,110390424936
+33458005707,20210826103619,135,+33649640373,incoming,20210826,103619,110390425563
+33458005707,20210826111301,3,+33437062412,transfert,20210826,111301,110390818623
+33458005707,20210826140106,15,+31614411747,incoming,20210826,140106,110392063671
+33458005707,20210826141823,9,+31614411747,incoming,20210826,141823,110392239723
+33458005707,20210826145029,8,+33603348630,incoming,20210826,145029,110392551689
+33458005707,20210826145738,301,+31614411747,incoming,20210826,145738,110392656304
+33458005707,20210826160327,10,+31614411747,incoming,20210826,160327,110393234024
+33458005707,20210826160720,9,+33663995593,incoming,20210826,160720,110393272272
+33458005707,20210827091932,162,+33329834422,incoming,20210827,091932,110395185222
+33458005707,20210827101822,76,+33329834422,incoming,20210827,101822,110395744718
+33458005707,20210827140653,324,+33698654933,incoming,20210827,140653,110397678746
+33458005707,20210827150134,5,+33472345678,transfert,20210827,150134,110398130204
+33458005707,20210827150526,6,+33663995593,transfert,20210827,150526,110398163630
+33458005707,20210827155034,87,+33679443299,incoming,20210827,155034,110398577523
+33458005707,20210827164748,85,+33668130229,incoming,20210827,164748,110399093397
+33458005707,20210830101207,4,+33661877424,incoming,20210830,101207,110403693098
+33458005707,20210830114514,422,+33788913685,incoming,20210830,114514,110404999302
+33458005707,20210830142213,141,+262262212452,incoming,20210830,142213,110406172498
+33458005707,20210830143428,520,+262262217230,incoming,20210830,143428,110406400772
+33458005707,20210830152314,210,+262262217230,incoming,20210830,152314,110406913680
+33458005707,20210830152735,15,+33233936000,incoming,20210830,152735,110406928769
+33458005707,20210830161146,314,+262262212452,incoming,20210830,161146,110407481783
+33458005707,20210830164214,215,+33757091358,incoming,20210830,164214,110407788973
+33458005707,20210831094117,563,+33782320399,incoming,20210831,094117,110409768954
+33458005707,20210831095215,90,+33467967059,incoming,20210831,095215,110409804432
+33458005707,20210831095728,288,+33233936000,incoming,20210831,095728,110409904404
+33458005707,20210831102245,12,+262693338118,transfert,20210831,102245,110410175726
+33458005707,20210831101806,335,+33618544859,incoming,20210831,101806,110410178247
+33458005707,20210831102606,94,+262693338118,incoming,20210831,102606,110410236183
+33458005707,20210831105416,132,+33388180888,incoming,20210831,105416,110410621720
+33458005707,20210831110421,65,+33756759882,incoming,20210831,110421,110410738367
+33458005707,20210831153511,499,+33788913685,incoming,20210831,153511,110413426763
+33458005707,20210831161044,112,+33661806074,incoming,20210831,161044,110413751684
+33458005707,20210831162228,6,+33623274009,transfert,20210831,162228,110413863793
+33458005707,20210831163118,302,+33611974133,incoming,20210831,163118,110414014592