phoneLine,datetime,duration,callingNumber,nature,date,time,idkey
+33458005730,20190629091235,12,+33613611343,transfert,20190629,091235,16653794590
+33458005730,20190628180254,53,+33651987152,transfert,20190628,180254,16651780567
+33458005730,20190628150733,28,+33176240828,transfert,20190628,150733,16650426294
+33458005730,20190628115010,620,+33677119711,transfert,20190628,115010,16649200341
+33458005730,20190628110940,900,+33972176531,transfert,20190628,110940,16648824930
+33458005730,20190628111921,50,+33685381243,transfert,20190628,111921,16648771011
+33458005730,20190628104035,706,+33680573866,transfert,20190628,104035,16648468733
+33458005730,20190628103525,265,+33456409042,transfert,20190628,103525,16648340671
+33458005730,20190628094439,165,+33685915513,transfert,20190628,094439,16647851938
+33458005730,20190628090045,805,+33321990720,transfert,20190628,090045,16647554835
+33458005730,20190628090125,31,+33620412093,transfert,20190628,090125,16647452751
+33458005730,20190627165551,85,+33649246965,transfert,20190627,165551,16644869690
+33458005730,20190627155221,169,+33630513012,transfert,20190627,155221,16644267198
+33458005730,20190627154239,258,+33630513012,transfert,20190627,154239,16644183155
+33458005730,20190627154149,0,+33630513012,transfert,20190627,154149,16644121716
+33458005730,20190627143311,2,+33685708650,transfert,20190627,143311,16643380531
+33458005730,20190627143231,3,+33685708650,transfert,20190627,143231,16643372450
+33458005730,20190627141855,3,+33685708650,transfert,20190627,141855,16643232055
+33458005730,20190627141814,4,+33685708650,transfert,20190627,141814,16643223865
+33458005730,20190627141030,71,+33140926789,transfert,20190627,141030,16643156055
+33458005730,20190627135002,950,+33682893514,transfert,20190627,135002,16643094761
+33458005730,20190627124235,3,+33685708650,transfert,20190627,124235,16642677962
+33458005730,20190627124200,4,+33685708650,transfert,20190627,124200,16642676437
+33458005730,20190627113216,318,+33661710890,transfert,20190627,113216,16642201813
+33458005730,20190627113635,10,+33140733068,transfert,20190627,113635,16642195363
+33458005730,20190627105027,0,+33633336464,transfert,20190627,105027,16641714961
+33458005730,20190627104559,4,+33633336464,transfert,20190627,104559,16641662030
+33458005730,20190627104515,5,+33633336464,transfert,20190627,104515,16641654533
+33458005730,20190626173644,84,+33610599750,transfert,20190626,173644,16638607427
+33458005730,20190626165145,79,+33683466465,transfert,20190626,165145,16638308175
+33458005730,20190626164924,5,+594694937374,transfert,20190626,164924,16638288902
+33458005730,20190626164839,5,+594694937374,transfert,20190626,164839,16638283607
+33458005730,20190626164730,11,+594694937374,transfert,20190626,164730,16638279474
+33458005730,20190626163906,112,+594694937374,transfert,20190626,163906,16638233356
+33458005730,20190626163020,488,+594694937374,transfert,20190626,163020,16638220629
+33458005730,20190626161710,543,+594694937374,transfert,20190626,161710,16638146502
+33458005730,20190626162047,234,+33456409044,transfert,20190626,162047,16638137531
+33458005730,20190626155759,93,+33479966395,transfert,20190626,155759,16637971939
+33458005730,20190626154908,499,+33484470285,transfert,20190626,154908,16637956900
+33458005730,20190626153427,86,+33972176458,transfert,20190626,153427,16637737055
+33458005730,20190626144910,3,+33661710890,transfert,20190626,144910,16637269677
+33458005730,20190626144652,13,+33661710890,transfert,20190626,144652,16637246641
+33458005730,20190626144624,0,+33661710890,transfert,20190626,144624,16637240602
+33458005730,20190626141347,60,+33140926789,transfert,20190626,141347,16636921300
+33458005730,20190626140719,10,+33679684621,transfert,20190626,140719,16636853251
+33458005730,20190626130400,114,+687757303,transfert,20190626,130400,16636553439
+33458005730,20190626115728,338,+33613611343,transfert,20190626,115728,16636242583
+33458005730,20190626105048,280,+33675128643,transfert,20190626,105048,16635647916
+33458005730,20190626105000,14,+33675128643,transfert,20190626,105000,16635602295
+33458005730,20190626084710,13,+33670765496,transfert,20190626,084710,16634572572
+33458005730,20190625202239,3,+33633336464,transfert,20190625,202239,16633207185
+33458005730,20190625172910,4,+33661710890,transfert,20190625,172910,16632569289
+33458005730,20190625170012,431,+33611174432,transfert,20190625,170012,16632420811
+33458005730,20190625170305,7,+33614024779,transfert,20190625,170305,16632392285
+33458005730,20190625165146,103,+33611174432,transfert,20190625,165146,16632319146
+33458005730,20190625163815,240,+33683814810,transfert,20190625,163815,16632226145
+33458005730,20190625155938,444,+31651776710,transfert,20190625,155938,16631932455
+33458005730,20190625153057,230,+33442361212,transfert,20190625,153057,16631609772
+33458005730,20190625151612,178,+33972176531,transfert,20190625,151612,16631444388
+33458005730,20190625121507,447,+33615394149,transfert,20190625,121507,16630062210
+33458005730,20190625105421,148,+33609106798,transfert,20190625,105421,16629168000
+33458005730,20190625102508,242,+33625844764,transfert,20190625,102508,16628870218
+33458005730,20190625101836,83,+33272735438,transfert,20190625,101836,16628770779
+33458005730,20190625100418,96,+33251797721,transfert,20190625,100418,16628609930
+33458005730,20190624183009,4,+33625844764,transfert,20190624,183009,16626188371
+33458005730,20190624182918,6,+33625844764,transfert,20190624,182918,16626184202
+33458005730,20190624182018,4,+33647837899,transfert,20190624,182018,16626148648
+33458005730,20190624181731,4,+33761459040,transfert,20190624,181731,16626137516
+33458005730,20190624161312,90,+33476310241,transfert,20190624,161312,16625132255
+33458005730,20190624160347,67,+33495501000,transfert,20190624,160347,16625028302
+33458005730,20190624155838,114,+33685708650,transfert,20190624,155838,16624984956
+33458005730,20190624154813,56,+352671527086,transfert,20190624,154813,16624873377
+33458005730,20190624152412,226,+352671527086,transfert,20190624,152412,16624647130
+33458005730,20190624152221,118,+33972176458,transfert,20190624,152221,16624607101
+33458005730,20190624151921,134,+33682599061,transfert,20190624,151921,16624578611
+33458005730,20190624151321,178,+33625844764,transfert,20190624,151321,16624519980
+33458005730,20190624144657,330,+33625844764,transfert,20190624,144657,16624246434
+33458005730,20190624142549,166,+33973722505,transfert,20190624,142549,16623986670
+33458005730,20190624141843,36,+33681878470,transfert,20190624,141843,16623876545
+33458005730,20190624140819,103,+33614024779,transfert,20190624,140819,16623773461
+33458005730,20190624123357,12,+352671527086,transfert,20190624,123357,16623228873
+33458005730,20190624111232,323,+33663352849,transfert,20190624,111232,16622588556
+33458005730,20190624102446,86,+33686209242,transfert,20190624,102446,16622008057
+33458005730,20190624101111,1,+33686209242,transfert,20190624,101111,16621849281
+33458005730,20190624101023,6,+33686209242,transfert,20190624,101023,16621845017
+33458005730,20190624095303,18,+33681878470,transfert,20190624,095303,16621672942
+33458005730,20190624094313,319,+33663163618,transfert,20190624,094313,16621625630
+33458005730,20190624091951,10,+221776055456,transfert,20190624,091951,16621345669
+33458005730,20190624091128,13,+221776055456,transfert,20190624,091128,16621266645
+33458005730,20190624090541,296,+33768695436,transfert,20190624,090541,16621256832
+33458005730,20190624090549,79,+33650054731,transfert,20190624,090549,16621221953
+33458005730,20190624090504,5,+33650054731,transfert,20190624,090504,16621205661
+33458005730,20190624081816,2,+33768695436,transfert,20190624,081816,16620986045
+33458005730,20190622124013,0,+221776055456,transfert,20190622,124013,16614123256
+33458005730,20190622123957,7,+33686209242,transfert,20190622,123957,16614122533
+33458005730,20190622123910,4,+33686209242,transfert,20190622,123910,16614120660
+33458005730,20190622095945,6,+352671527086,transfert,20190622,095945,16613523419
+33458005730,20190621182832,99,+33625844764,transfert,20190621,182832,16611104706
+33458005730,20190621173546,29,+33634590604,transfert,20190621,173546,16610809203
+33458005730,20190621161738,610,+33661106704,transfert,20190621,161738,16610339608
+33458005730,20190621160646,19,+33630513012,transfert,20190621,160646,16610169791
+33458005730,20190621152511,321,+33663163618,transfert,20190621,152511,16609861614
+33458005730,20190621152750,13,+41584604393,transfert,20190621,152750,16609844105
+33458005730,20190621151917,4,+33630513012,transfert,20190621,151917,16609769270
+33458005730,20190621150729,710,+33625844764,transfert,20190621,150729,16609768900
+33458005730,20190621143130,294,+33663163618,transfert,20190621,143130,16609381718
+33458005730,20190621143045,14,+221776055456,transfert,20190621,143045,16609329279
+33458005730,20190621142954,23,+221776055456,transfert,20190621,142954,16609323427
+33458005730,20190621142915,10,+221776055456,transfert,20190621,142915,16609317841
+33458005730,20190621140640,59,+33661462880,transfert,20190621,140640,16609106233
+33458005730,20190621134231,11,+221776055456,transfert,20190621,134231,16608949383
+33458005730,20190621132857,112,+31651776710,transfert,20190621,132857,16608887619
+33458005730,20190621114810,376,+33667437250,transfert,20190621,114810,16608432217
+33458005730,20190621113715,21,+33176240828,transfert,20190621,113715,16608264474
+33458005730,20190621111220,309,+33667437250,transfert,20190621,111220,16608078938
+33458005730,20190621111154,96,+33630513012,transfert,20190621,111154,16608039053
+33458005730,20190621105315,351,+33611174432,transfert,20190621,105315,16607896169
+33458005730,20190621104938,186,+33630513012,transfert,20190621,104938,16607831319
+33458005730,20190621095228,1670,+33470962588,transfert,20190621,095228,16607513928
+33458005730,20190621100502,786,+262262679760,transfert,20190621,100502,16607495744
+33458005730,20190621095549,52,+33609723460,transfert,20190621,095549,16607284820
+33458005730,20190621094735,105,+33650054731,transfert,20190621,094735,16607212101
+33458005730,20190621094709,4,+33650054731,transfert,20190621,094709,16607192609
+33458005730,20190621094413,19,+33650054731,transfert,20190621,094413,16607167772
+33458005730,20190621083453,3,+33685708650,transfert,20190621,083453,16606645712
+33458005730,20190621083423,11,+33685708650,transfert,20190621,083423,16606643501
+33458005730,20190620173732,518,+33479252571,transfert,20190620,173732,16604642954
+33458005730,20190620165300,281,+33673994859,transfert,20190620,165300,16604281222
+33458005730,20190620163723,117,+33680111711,transfert,20190620,163723,16604127952
+33458005730,20190620161452,133,+33677225208,transfert,20190620,161452,16603906688
+33458005730,20190620155001,0,+33630513012,transfert,20190620,155001,16603632814
+33458005730,20190620150641,2604,+33494089800,transfert,20190620,150641,16603632614
+33458005730,20190620154137,70,+33686209242,transfert,20190620,154137,16603564626
+33458005730,20190620153335,5,+33686209242,transfert,20190620,153335,16603475189
+33458005730,20190620150126,47,+33686209242,transfert,20190620,150126,16603181097
+33458005730,20190620150043,3,+33686209242,transfert,20190620,150043,16603171671
+33458005730,20190620145045,3,+33610599750,transfert,20190620,145045,16603075419
+33458005730,20190620144725,3,+33610599750,transfert,20190620,144725,16603043460
+33458005730,20190620144427,29,+33686209242,transfert,20190620,144427,16603017166
+33458005730,20190620144335,4,+33686209242,transfert,20190620,144335,16603004205
+33458005730,20190620144301,8,+33673994859,transfert,20190620,144301,16602996973
+33458005730,20190620140416,179,+447880252769,transfert,20190620,140416,16602640018
+33458005730,20190620140458,26,+33610599750,transfert,20190620,140458,16602619320
+33458005730,20190620140233,111,+33610599750,transfert,20190620,140233,16602612003
+33458005730,20190620140324,12,+447880252769,transfert,20190620,140324,16602608943
+33458005730,20190620134022,4,+33686209242,transfert,20190620,134022,16602467606
+33458005730,20190620133708,6,+33686209242,transfert,20190620,133708,16602447323
+33458005730,20190620132335,4,+33686209242,transfert,20190620,132335,16602379380
+33458005730,20190620130426,6,+33686209242,transfert,20190620,130426,16602307742
+33458005730,20190620121826,12,+33686209242,transfert,20190620,121826,16602077940
+33458005730,20190620114334,769,+33559122057,transfert,20190620,114334,16601894898
+33458005730,20190620114252,4,+33559122057,transfert,20190620,114252,16601761659
+33458005730,20190620112649,171,+33782585565,transfert,20190620,112649,16601639701
+33458005730,20190620112230,377,+33651689373,transfert,20190620,112230,16601629881
+33458005730,20190620112546,12,+33782585565,transfert,20190620,112546,16601606538
+33458005730,20190620110358,97,+33610599750,transfert,20190620,110358,16601401875
+33458005730,20190620095114,3,+33610599750,transfert,20190620,095114,16600646321
+33458005730,20190620094508,4,+33630513012,transfert,20190620,094508,16600588778
+33458005730,20190620094352,4,+33610599750,transfert,20190620,094352,16600575710
+33458005730,20190620093812,5,+33559122057,transfert,20190620,093812,16600520802
+33458005730,20190620093720,7,+33559122057,transfert,20190620,093720,16600518160
+33458005730,20190619184538,376,+33611174432,transfert,20190619,184538,16598494199
+33458005730,20190619182239,70,+33611174432,transfert,20190619,182239,16598349987
+33458005730,20190619182155,11,+33611174432,transfert,20190619,182155,16598340284
+33458005730,20190619181951,108,+33677225208,transfert,20190619,181951,16598338244
+33458005730,20190619175047,373,+33633336464,transfert,20190619,175047,16598178527
+33458005730,20190619174119,133,+352671527086,transfert,20190619,174119,16598077714
+33458005730,20190619171634,80,+33535370180,transfert,20190619,171634,16597858723
+33458005730,20190619165449,118,+33603025408,transfert,20190619,165449,16597671245
+33458005730,20190619161813,334,+33495501000,transfert,20190619,161813,16597338172
+33458005730,20190619160549,54,+33603025408,transfert,20190619,160549,16597157483
+33458005730,20190619155545,321,+33603025408,transfert,20190619,155545,16597099183
+33458005730,20190619152428,492,+33358931697,transfert,20190619,152428,16596823216
+33458005730,20190619152322,71,+33633119600,transfert,20190619,152322,16596751089
+33458005730,20190619151422,12,+33633119600,transfert,20190619,151422,16596664880
+33458005730,20190619151344,0,+33615621185,transfert,20190619,151344,16596654281
+33458005730,20190619151300,19,+33615621185,transfert,20190619,151300,16596649040
+33458005730,20190619151147,3,+33615621185,transfert,20190619,151147,16596635214
+33458005730,20190619151048,0,+33615621185,transfert,20190619,151048,16596624781
+33458005730,20190619151008,0,+33615621185,transfert,20190619,151008,16596619259
+33458005730,20190619143903,1727,+33638431672,transfert,20190619,143903,16596592345
+33458005730,20190619144449,211,+33140733068,transfert,20190619,144449,16596406975
+33458005730,20190619144454,8,+33358931697,transfert,20190619,144454,16596380315
+33458005730,20190619142115,34,+33140733068,transfert,20190619,142115,16596138725
+33458005730,20190619121158,301,+33660492250,transfert,20190619,121158,16595470333
+33458005730,20190619121003,100,+33660492250,transfert,20190619,121003,16595439611
+33458005730,20190619120918,7,+33660492250,transfert,20190619,120918,16595428128
+33458005730,20190619115959,6,+33638431672,transfert,20190619,115959,16595366921
+33458005730,20190619114912,95,+33972176458,transfert,20190619,114912,16595277625
+33458005730,20190619112024,95,+33645015395,transfert,20190619,112024,16595010323
+33458005730,20190619103539,1019,+41216276355,transfert,20190619,103539,16594729712
+33458005730,20190619104933,47,+33607559403,transfert,20190619,104933,16594706324
+33458005730,20190619104104,172,+33611174432,transfert,20190619,104104,16594642806
+33458005730,20190619101115,461,+33768695436,transfert,20190619,101115,16594394270
+33458005730,20190619095530,1412,+33615394149,transfert,20190619,095530,16594392539
+33458005730,20190619092549,959,+33673997392,transfert,20190619,092549,16594011244
+33458005730,20190619092732,267,+33686209242,transfert,20190619,092732,16593909311
+33458005730,20190619093004,4,+33625910134,transfert,20190619,093004,16593890230
+33458005730,20190619092921,5,+33625910134,transfert,20190619,092921,16593885713
+33458005730,20190619091129,64,+33686209242,transfert,20190619,091129,16593721807
+33458005730,20190618185107,5,+594694206204,transfert,20190618,185107,16591478811
+33458005730,20190618174019,107,+33614024779,transfert,20190618,174019,16591098248
+33458005730,20190618171620,276,+33660492250,transfert,20190618,171620,16590940759
+33458005730,20190618170133,104,+33611174432,transfert,20190618,170133,16590792731
+33458005730,20190618164948,0,+33630513012,transfert,20190618,164948,16590673677
+33458005730,20190618164828,3,+33630513012,transfert,20190618,164828,16590664545
+33458005730,20190618162840,891,+33611174432,transfert,20190618,162840,16590614339
+33458005730,20190618162227,1108,+33630513012,transfert,20190618,162227,16590591528
+33458005730,20190618161341,3,+33630513012,transfert,20190618,161341,16590340348
+33458005730,20190618153410,27,+33494089935,transfert,20190618,153410,16589957818
+33458005730,20190618152512,154,+33494089935,transfert,20190618,152512,16589883608
+33458005730,20190618144905,580,+33625844764,transfert,20190618,144905,16589595432
+33458005730,20190618143448,103,+41264697416,transfert,20190618,143448,16589358001
+33458005730,20190618113542,36,+33482530623,transfert,20190618,113542,16588196582
+33458005730,20190618104852,244,+33481928607,transfert,20190618,104852,16587740720
+33458005730,20190618104648,326,+33495501000,transfert,20190618,104648,16587737142
+33458005730,20190618104616,12,+33495501000,transfert,20190618,104616,16587675336
+33458005730,20190618104527,16,+33495501000,transfert,20190618,104527,16587666710
+33458005730,20190618104448,14,+33495501000,transfert,20190618,104448,16587658675
+33458005730,20190618103121,33,+33614024779,transfert,20190618,103121,16587520021
+33458005730,20190618101643,135,+33630513012,transfert,20190618,101643,16587383751
+33458005730,20190618090539,595,+33780378940,transfert,20190618,090539,16586727613
+33458005730,20190618090934,5,+33768695436,transfert,20190618,090934,16586682368
+33458005730,20190618090343,8,+33768695436,transfert,20190618,090343,16586629694
+33458005730,20190618082447,3,+33768695436,transfert,20190618,082447,16586434337
+33458005730,20190617181815,5,+594694937374,transfert,20190617,181815,16584414254
+33458005730,20190617174155,202,+33607349901,transfert,20190617,174155,16584245345
+33458005730,20190617165615,2852,+33183874824,transfert,20190617,165615,16584238184
+33458005730,20190617170904,36,+33645494008,transfert,20190617,170904,16583998441
+33458005730,20190617164217,306,+33183874824,transfert,20190617,164217,16583785776
+33458005730,20190617163651,2,+33630513012,transfert,20190617,163651,16583684850
+33458005730,20190617161825,926,+33145495302,transfert,20190617,161825,16583654031
+33458005730,20190617160609,984,+33625844764,transfert,20190617,160609,16583541094
+33458005730,20190617154757,56,anonymous,transfert,20190617,154757,16583196851
+33458005730,20190617154703,11,anonymous,transfert,20190617,154703,16583181319
+33458005730,20190617153228,87,anonymous,transfert,20190617,153228,16583045726
+33458005730,20190617152118,283,+33476514432,transfert,20190617,152118,16582964891
+33458005730,20190617150137,582,+33667437250,transfert,20190617,150137,16582813926
+33458005730,20190617145933,41,anonymous,transfert,20190617,145933,16582691894
+33458005730,20190617123118,106,+352671527086,transfert,20190617,123118,16581628684
+33458005730,20190617115313,527,+33660492250,transfert,20190617,115313,16581429062
+33458005730,20190617111935,648,+33672170286,transfert,20190617,111935,16581077487
+33458005730,20190617102333,105,+33658207824,transfert,20190617,102333,16580282968
+33458005730,20190617094913,109,+33607119109,transfert,20190617,094913,16579909197
+33458005730,20190617083620,26,+33672170286,transfert,20190617,083620,16579263055
+33458005730,20190614172000,5,+594694937374,transfert,20190614,172000,16569961741
+33458005730,20190614164441,1518,+594694937374,transfert,20190614,164441,16569890789
+33458005730,20190614164250,980,+33660492250,transfert,20190614,164250,16569817063
+33458005730,20190614164344,7,+594694937374,transfert,20190614,164344,16569701254
+33458005730,20190614163538,166,+33677223881,transfert,20190614,163538,16569658124
+33458005730,20190614163106,39,+33607559403,transfert,20190614,163106,16569608063
+33458005730,20190614160130,55,+33176240828,transfert,20190614,160130,16569357301
+33458005730,20190614154141,270,+33645494008,transfert,20190614,154141,16569208707
+33458005730,20190614140015,422,+33625844764,transfert,20190614,140015,16568270843
+33458005730,20190614132652,855,+352671527086,transfert,20190614,132652,16568098423
+33458005730,20190614131425,438,+33240315615,transfert,20190614,131425,16568003416
+33458005730,20190614114238,691,+33670727835,transfert,20190614,114238,16567524126
+33458005730,20190614114135,467,+33625844764,transfert,20190614,114135,16567476726
+33458005730,20190614103003,945,+33649371808,transfert,20190614,103003,16566813874
+33458005730,20190614102812,131,+33659511894,transfert,20190614,102812,16566643320
+33458005730,20190614100856,249,+33613191229,transfert,20190614,100856,16566463431
+33458005730,20190614094914,65,+33673188402,transfert,20190614,094914,16566240985
+33458005730,20190614085333,41,+33661506176,transfert,20190614,085333,16565760738
+33458005730,20190613180654,10,+33670727835,transfert,20190613,180654,16563580224
+33458005730,20190613172456,268,+33616210175,transfert,20190613,172456,16563326588
+33458005730,20190613165937,173,+33630513012,transfert,20190613,165937,16563132644
+33458005730,20190613165859,4,+33630513012,transfert,20190613,165859,16563103224
+33458005730,20190613154443,1222,+33610442941,transfert,20190613,154443,16562584951
+33458005730,20190613154153,8,+33681374820,transfert,20190613,154153,16562337592
+33458005730,20190613145230,289,+33658207824,transfert,20190613,145230,16561872350
+33458005730,20190613144506,102,+33628032370,transfert,20190613,144506,16561761168
+33458005730,20190613141913,1114,+33633336464,transfert,20190613,141913,16561669244
+33458005730,20190613141855,0,+33633336464,transfert,20190613,141855,16561463536
+33458005730,20190613141721,75,+33633336464,transfert,20190613,141721,16561460136
+33458005730,20190613141638,10,+33633336464,transfert,20190613,141638,16561441297
+33458005730,20190613141616,0,+33633336464,transfert,20190613,141616,16561431355
+33458005730,20190613135430,4,+33651689373,transfert,20190613,135430,16561222797
+33458005730,20190613134838,7,+33651689373,transfert,20190613,134838,16561187199
+33458005730,20190613120049,608,+33658207824,transfert,20190613,120049,16560755370
+33458005730,20190613114633,483,+33651689373,transfert,20190613,114633,16560624158
+33458005730,20190613115253,28,+262692690121,transfert,20190613,115253,16560610924
+33458005730,20190613115211,5,+262692690121,transfert,20190613,115211,16560604744
+33458005730,20190613114956,8,+262692690121,transfert,20190613,114956,16560587841
+33458005730,20190613112632,817,+262692690121,transfert,20190613,112632,16560484422
+33458005730,20190613113759,10,+33651689373,transfert,20190613,113759,16560463049
+33458005730,20190613112616,0,+262692690121,transfert,20190613,112616,16560341799
+33458005730,20190613112400,91,+33630312671,transfert,20190613,112400,16560332621
+33458005730,20190613111113,179,+33629020184,transfert,20190613,111113,16560224012
+33458005730,20190613105354,169,+33651689373,transfert,20190613,105354,16560048904
+33458005730,20190613105003,229,+33607559403,transfert,20190613,105003,16560020493
+33458005730,20190613091807,403,+33625844764,transfert,20190613,091807,16559126586
+33458005730,20190613085523,12,+262692690121,transfert,20190613,085523,16558885789
+33458005730,20190612211723,6,+5521988227971,transfert,20190612,211723,16557509812
+33458005730,20190612211610,21,+5521988227971,transfert,20190612,211610,16557507228
+33458005730,20190612155350,48,+33685915513,transfert,20190612,155350,16555642510
+33458005730,20190612154652,4,+33685915513,transfert,20190612,154652,16555567069
+33458005730,20190612153240,215,+33385981600,transfert,20190612,153240,16555461542
+33458005730,20190612151303,36,+33457099017,transfert,20190612,151303,16555226628
+33458005730,20190612150007,0,+33476514432,transfert,20190612,150007,16555081302
+33458005730,20190612145918,0,+33476514432,transfert,20190612,145918,16555067412
+33458005730,20190612145120,181,+33648544291,transfert,20190612,145120,16555008694
+33458005730,20190612144204,99,+33685708650,transfert,20190612,144204,16554884567
+33458005730,20190612142710,103,+33785150721,transfert,20190612,142710,16554711201
+33458005730,20190612141455,233,+33670727835,transfert,20190612,141455,16554601774
+33458005730,20190612141128,183,+594694937374,transfert,20190612,141128,16554553256
+33458005730,20190612134601,337,anonymous,transfert,20190612,134601,16554348374
+33458005730,20190612134505,5,anonymous,transfert,20190612,134505,16554314041
+33458005730,20190612134154,102,+33385981600,transfert,20190612,134154,16554306192
+33458005730,20190612134222,3,+33609106798,transfert,20190612,134222,16554299815
+33458005730,20190612134104,7,+33385981600,transfert,20190612,134104,16554293894
+33458005730,20190612132942,374,+33663995593,transfert,20190612,132942,16554262008
+33458005730,20190612114919,289,+33618170799,transfert,20190612,114919,16553731686
+33458005730,20190612112405,310,+33631548695,transfert,20190612,112405,16553465399
+33458005730,20190612110621,112,+33648544291,transfert,20190612,110621,16553251546
+33458005730,20190612105524,38,+33663342878,transfert,20190612,105524,16553122510
+33458005730,20190612102332,129,+33661506176,transfert,20190612,102332,16552804537
+33458005730,20190612100247,4,+33648544291,transfert,20190612,100247,16552556891
+33458005730,20190612094319,3,+33648544291,transfert,20190612,094319,16552371432
+33458005730,20190612094055,10,+33648544291,transfert,20190612,094055,16552342485
+33458005730,20190611183151,783,+33607463032,transfert,20190611,183151,16550160895
+33458005730,20190611183013,69,+33607463032,transfert,20190611,183013,16550098968
+33458005730,20190611174727,379,+351913706454,transfert,20190611,174727,16549899345
+33458005730,20190611164537,283,+33630513012,transfert,20190611,164537,16549394904
+33458005730,20190611164443,9,+33630513012,transfert,20190611,164443,16549339372
+33458005730,20190611162530,101,+33549236458,transfert,20190611,162530,16549184203
+33458005730,20190611162542,91,+41795393049,transfert,20190611,162542,16549183633
+33458005730,20190611160839,168,+33787761987,transfert,20190611,160839,16549038214
+33458005730,20190611160343,176,+33180865092,transfert,20190611,160343,16548983702
+33458005730,20190611152550,159,+33688222647,transfert,20190611,152550,16548610401
+33458005730,20190611145618,247,+33666495386,transfert,20190611,145618,16548326836
+33458005730,20190611145926,26,+33663342878,transfert,20190611,145926,16548321389
+33458005730,20190611144002,73,+33180865092,transfert,20190611,144002,16548112074
+33458005730,20190611142406,275,+33223211200,transfert,20190611,142406,16547964657
+33458005730,20190611142712,44,+33663342878,transfert,20190611,142712,16547957102
+33458005730,20190611142343,66,+33611697860,transfert,20190611,142343,16547920541
+33458005730,20190611124155,80,+4790011754,transfert,20190611,124155,16547248579
+33458005730,20190611121724,5,+33666495386,transfert,20190611,121724,16547114273
+33458005730,20190611121325,4,+33666495386,transfert,20190611,121325,16547085298
+33458005730,20190611121230,12,+33666495386,transfert,20190611,121230,16547079662
+33458005730,20190611115836,3,+33630513012,transfert,20190611,115836,16546957758
+33458005730,20190611113920,85,+351913706454,transfert,20190611,113920,16546751399
+33458005730,20190611113419,122,+33485190161,transfert,20190611,113419,16546697881
+33458005730,20190611111309,4,+33663995593,transfert,20190611,111309,16546440289
+33458005730,20190611111215,17,+33663995593,transfert,20190611,111215,16546428898
+33458005730,20190611110109,57,+33183818178,transfert,20190611,110109,16546304941
+33458005730,20190611105621,42,+33609106798,transfert,20190611,105621,16546244402
+33458005730,20190611102849,10,+33609106798,transfert,20190611,102849,16545897181
+33458005730,20190611101220,231,+31655130673,transfert,20190611,101220,16545736551
+33458005730,20190611101201,83,+33253353161,transfert,20190611,101201,16545707127
+33458005730,20190611095016,186,anonymous,transfert,20190611,095016,16545443107
+33458005730,20190611092731,148,+33663342878,transfert,20190611,092731,16545156062
+33458005730,20190611092748,22,+33223211200,transfert,20190611,092748,16545134089
+33458005730,20190611092443,10,+33663342878,transfert,20190611,092443,16545094242
+33458005730,20190611090556,75,+33630513012,transfert,20190611,090556,16544880893
+33458005730,20190611085625,408,+33688222647,transfert,20190611,085625,16544831079
+33458005730,20190610173151,384,+33660492250,transfert,20190610,173151,16542651560
+33458005730,20190610171545,163,+33660492250,transfert,20190610,171545,16542578614
+33458005730,20190610165803,796,+33660492250,transfert,20190610,165803,16542547918
+33458005730,20190610163710,403,+594694937374,transfert,20190610,163710,16542414620
+33458005730,20190610105741,119,+33182696925,transfert,20190610,105741,16541080034
+33458005730,20190610103512,62,+33630513012,transfert,20190610,103512,16540975544
+33458005730,20190607164148,621,+33652507658,transfert,20190607,164148,16530200461
+33458005730,20190607164556,368,+33609723460,transfert,20190607,164556,16530198352
+33458005730,20190607163526,139,+33652507658,transfert,20190607,163526,16530074065
+33458005730,20190607162227,210,+33609106798,transfert,20190607,162227,16529972882
+33458005730,20190607161510,394,+33652507658,transfert,20190607,161510,16529935149
+33458005730,20190607161356,4,+33652507658,transfert,20190607,161356,16529873726
+33458005730,20190607154948,275,+33630513012,transfert,20190607,154948,16529688663
+33458005730,20190607152729,61,+33611489887,transfert,20190607,152729,16529447279
+33458005730,20190607152419,161,+33616210175,transfert,20190607,152419,16529433065
+33458005730,20190607151730,126,+33616210175,transfert,20190607,151730,16529360882
+33458005730,20190607144441,286,+33611489887,transfert,20190607,144441,16529060593
+33458005730,20190607144609,28,+33658207824,transfert,20190607,144609,16529033644
+33458005730,20190607142755,48,anonymous,transfert,20190607,142755,16528878155
+33458005730,20190607112134,50,+33972653345,transfert,20190607,112134,16527727288
+33458005730,20190607103001,888,+33608429394,transfert,20190607,103001,16527366708
+33458005730,20190607100500,69,+33669906993,transfert,20190607,100500,16527007034
+33458005730,20190607093438,87,anonymous,transfert,20190607,093438,16526727414
+33458005730,20190607091330,187,anonymous,transfert,20190607,091330,16526568402
+33458005730,20190606171845,10,+33680573866,transfert,20190606,171845,16523872320
+33458005730,20190606171253,114,+33972653345,transfert,20190606,171253,16523838052
+33458005730,20190606163939,1505,+33619562226,transfert,20190606,163939,16523749688
+33458005730,20190606164144,4,+33785150721,transfert,20190606,164144,16523554150
+33458005730,20190606160608,197,+33768695436,transfert,20190606,160608,16523243305
+33458005730,20190606160541,6,+33768695436,transfert,20190606,160541,16523210887
+33458005730,20190606155328,284,+33613161148,transfert,20190606,155328,16523139508
+33458005730,20190606153226,296,+33658207824,transfert,20190606,153226,16522947815
+33458005730,20190606151956,225,+33633336464,transfert,20190606,151956,16522819742
+33458005730,20190606123554,4,+33619562226,transfert,20190606,123554,16521694934
+33458005730,20190606123510,4,+33619562226,transfert,20190606,123510,16521693707
+33458005730,20190606122052,53,+37129398285,transfert,20190606,122052,16521627209
+33458005730,20190606113509,186,+33450695923,transfert,20190606,113509,16521286182
+33458005730,20190606110738,1013,+33474421800,transfert,20190606,110738,16521151625
+33458005730,20190606105656,323,+33609106798,transfert,20190606,105656,16520938661
+33458005730,20190606093838,1241,+33608936938,transfert,20190606,093838,16520306456
+33458005730,20190606091223,12,+33669906993,transfert,20190606,091223,16519857801
+33458005730,20190605182535,4,+33630513012,transfert,20190605,182535,16517995176
+33458005730,20190605181228,340,+33630513012,transfert,20190605,181228,16517952534
+33458005730,20190605175108,256,+33681878470,transfert,20190605,175108,16517813378
+33458005730,20190605174418,60,+33768695436,transfert,20190605,174418,16517745995
+33458005730,20190605172512,3,anonymous,transfert,20190605,172512,16517607734
+33458005730,20190605171910,195,+33490733820,transfert,20190605,171910,16517583524
+33458005730,20190605163753,230,+33475752600,transfert,20190605,163753,16517233068
+33458005730,20190605163721,67,+33183818178,transfert,20190605,163721,16517203197
+33458005730,20190605161723,401,+33613161148,transfert,20190605,161723,16517069843
+33458005730,20190605161615,15,+33613161148,transfert,20190605,161615,16517008526
+33458005730,20190605151042,1147,anonymous,transfert,20190605,151042,16516585764
+33458005730,20190605143559,360,+33611881180,transfert,20190605,143559,16516119520
+33458005730,20190605143936,95,+33950384869,transfert,20190605,143936,16516108386
+33458005730,20190605143906,4,+33950384869,transfert,20190605,143906,16516088104
+33458005730,20190605142614,467,+590690619944,transfert,20190605,142614,16516039611
+33458005730,20190605142721,17,+33611881180,transfert,20190605,142721,16515980598
+33458005730,20190605142548,4,+590690619944,transfert,20190605,142548,16515963396
+33458005730,20190605142500,10,+590690619944,transfert,20190605,142500,16515960585
+33458005730,20190605120449,1131,+33140555014,transfert,20190605,120449,16515301897
+33458005730,20190605121335,183,+33480320248,transfert,20190605,121335,16515264563
+33458005730,20190605113916,1050,+33670727835,transfert,20190605,113916,16515118955
+33458005730,20190605105712,1259,+33626754449,transfert,20190605,105712,16514715047
+33458005730,20190605110630,551,+33768695436,transfert,20190605,110630,16514694795
+33458005730,20190605105407,30,+33685708650,transfert,20190605,105407,16514462075
+33458005730,20190605104558,362,+33614024779,transfert,20190605,104558,16514431338
+33458005730,20190605103359,385,+33298515262,transfert,20190605,103359,16514313374
+33458005730,20190605103818,3,+33614024779,transfert,20190605,103818,16514292899
+33458005730,20190605101543,136,anonymous,transfert,20190605,101543,16514080196
+33458005730,20190605101439,13,anonymous,transfert,20190605,101439,16514050146
+33458005730,20190605100754,13,+33474421800,transfert,20190605,100754,16513977158
+33458005730,20190605100636,11,+33298515262,transfert,20190605,100636,16513958247
+33458005730,20190605094341,49,+33679947970,transfert,20190605,094341,16513731699
+33458005730,20190604174904,59,+33608429394,transfert,20190604,174904,16511048272
+33458005730,20190604174823,4,+33608429394,transfert,20190604,174823,16511037965
+33458005730,20190604171752,20,+33545685100,transfert,20190604,171752,16510810264
+33458005730,20190604171644,13,+33545685100,transfert,20190604,171644,16510800120
+33458005730,20190604171318,5,+33241721166,transfert,20190604,171318,16510771788
+33458005730,20190604165545,1011,+33272735438,transfert,20190604,165545,16510762209
+33458005730,20190604163639,285,+33272735438,transfert,20190604,163639,16510469044
+33458005730,20190604155012,96,+33614024779,transfert,20190604,155012,16509960307
+33458005730,20190604152011,1222,+33614024779,transfert,20190604,152011,16509844194
+33458005730,20190604150824,78,+33614024779,transfert,20190604,150824,16509529849
+33458005730,20190604145555,21,+33950384869,transfert,20190604,145555,16509386211
+33458005730,20190604144203,14,+33616210175,transfert,20190604,144203,16509227433
+33458005730,20190604143712,68,+33685915513,transfert,20190604,143712,16509184847
+33458005730,20190604141154,922,+33950886307,transfert,20190604,141154,16509067920
+33458005730,20190604133927,371,+32496677810,transfert,20190604,133927,16508692578
+33458005730,20190604121422,3,+33950384869,transfert,20190604,121422,16508255769
+33458005730,20190604115331,288,+33762672515,transfert,20190604,115331,16508129038
+33458005730,20190604114049,218,+33685915513,transfert,20190604,114049,16507999681
+33458005730,20190604112209,85,+33149120967,transfert,20190604,112209,16507790498
+33458005730,20190604110111,1094,+33649371808,transfert,20190604,110111,16507748527
+33458005730,20190604111030,4,+33685915513,transfert,20190604,111030,16507661390
+33458005730,20190604104657,440,+33685915513,transfert,20190604,104657,16507488252
+33458005730,20190604103915,272,+33649371808,transfert,20190604,103915,16507371532
+33458005730,20190604101204,134,+442075626753,transfert,20190604,101204,16507049685
+33458005730,20190604093316,7,+33620970453,transfert,20190604,093316,16506642224
+33458005730,20190604091952,8,+33251797721,transfert,20190604,091952,16506521133
+33458005730,20190604091525,50,+33620970453,transfert,20190604,091525,16506480165
+33458005730,20190604080941,3,+33613161148,transfert,20190604,080941,16506096455
+33458005730,20190604080853,10,+33613161148,transfert,20190604,080853,16506094635
+33458005730,20190603185929,0,+442075626753,transfert,20190603,185929,16504534765
+33458005730,20190603181012,5,+594694937374,transfert,20190603,181012,16504330357
+33458005730,20190603174750,132,+33623664277,transfert,20190603,174750,16504210998
+33458005730,20190603174041,42,+33685708650,transfert,20190603,174041,16504151573
+33458005730,20190603172058,60,+442075626753,transfert,20190603,172058,16504005957
+33458005730,20190603171931,4,+442075626753,transfert,20190603,171931,16503990550
+33458005730,20190603160343,3,+33685708650,transfert,20190603,160343,16503277977
+33458005730,20190603152652,202,+33628057575,transfert,20190603,152652,16502949554
+33458005730,20190603145842,469,+33628057575,transfert,20190603,145842,16502715337
+33458005730,20190603145808,0,+33628057575,transfert,20190603,145808,16502623137
+33458005730,20190603144104,2,+33628057575,transfert,20190603,144104,16502439708
+33458005730,20190603143459,4,+33628057575,transfert,20190603,143459,16502373668
+33458005730,20190603143357,13,+33628057575,transfert,20190603,143357,16502361005
+33458005730,20190603141326,11,+33661354281,transfert,20190603,141326,16502140004
+33458005730,20190603141255,7,+33661354281,transfert,20190603,141255,16502131587
+33458005730,20190603134459,35,+33628032370,transfert,20190603,134459,16501910911
+33458005730,20190603134323,28,+33628032370,transfert,20190603,134323,16501901997
+33458005730,20190603133339,13,+2302121443,transfert,20190603,133339,16501842171
+33458005730,20190603114252,45,+33476681768,transfert,20190603,114252,16501230675
+33458005730,20190603111611,7,+33437903002,transfert,20190603,111611,16500938730
+33458005730,20190603105043,1030,+33681374820,transfert,20190603,105043,16500853667
+33458005730,20190603103710,118,+33677896126,transfert,20190603,103710,16500528240
+33458005730,20190603094817,682,+33620970453,transfert,20190603,094817,16500070330
+33458005730,20190603094355,226,+33620970453,transfert,20190603,094355,16499942492
+33458005730,20190603094040,3,+33183818178,transfert,20190603,094040,16499867839
+33458001003,20190629100036,3,+33685708650,transfert,20190629,100036,16653926170
+33458001003,20190628182723,3,+33685708650,transfert,20190628,182723,16651902117
+33458001003,20190627165853,344,+33685708650,incoming,20190627,165853,16644934511
+33458001003,20190627155055,707,+33685708650,incoming,20190627,155055,16644342694
+33458001003,20190627141041,71,+33458005707,incoming,20190627,141041,16643153662
+33458001003,20190627135011,950,+33458005707,incoming,20190627,135011,16643095332
+33458001003,20190626165152,79,+33458005707,incoming,20190626,165152,16638309317
+33458001003,20190626162055,234,+33458005707,incoming,20190626,162055,16638136365
+33458001003,20190626155806,93,+33458005707,incoming,20190626,155806,16637972580
+33458001003,20190626154918,499,+33458005707,incoming,20190626,154918,16637957228
+33458001003,20190626141355,60,+33458005707,incoming,20190626,141355,16636923076
+33458001003,20190626130412,114,+33458005707,incoming,20190626,130412,16636552985
+33458001003,20190626105051,280,+33458005707,incoming,20190626,105051,16635648325
+33458001003,20190626105004,14,+33458005707,incoming,20190626,105004,16635599851
+33458001003,20190625163819,240,+33458005707,incoming,20190625,163819,16632225075
+33458001003,20190625153103,230,+33458005707,incoming,20190625,153103,16631609193
+33458001003,20190625121512,447,+33458005707,incoming,20190625,121512,16630062876
+33458001003,20190625102519,242,+33458005707,incoming,20190625,102519,16628873449
+33458001003,20190625100421,96,+33458005707,incoming,20190625,100421,16628610995
+33458001003,20190624161321,90,+33458005707,incoming,20190624,161321,16625135038
+33458001003,20190624151329,178,+33458005707,incoming,20190624,151329,16624519996
+33458001003,20190624144713,330,+33458005707,incoming,20190624,144713,16624245432
+33458001003,20190624142559,166,+33458005707,incoming,20190624,142559,16623986104
+33458001003,20190624135115,1,+33472702929,incoming,20190624,135115,16623612561
+33458001003,20190624111242,323,+33458005707,incoming,20190624,111242,16622588389
+33458001003,20190624102450,85,+33458005707,incoming,20190624,102450,16622007574
+33458001003,20190624101125,1,+33458005707,incoming,20190624,101125,16621852710
+33458001003,20190624090553,79,+33458005707,incoming,20190624,090553,16621221151
+33458001003,20190621161746,610,+33458005707,incoming,20190621,161746,16610338604
+33458001003,20190621150739,710,+33458005707,incoming,20190621,150739,16609768849
+33458001003,20190621140644,58,+33458005707,incoming,20190621,140644,16609105701
+33458001003,20190621132912,112,+33458005707,incoming,20190621,132912,16608887564
+33458001003,20190621113723,21,+33458005707,incoming,20190621,113723,16608265870
+33458001003,20190621111223,309,+33458005707,incoming,20190621,111223,16608077620
+33458001003,20190621095233,1670,+33458005707,incoming,20190621,095233,16607515354
+33458001003,20190621094748,106,+33458005707,incoming,20190621,094748,16607212223
+33458001003,20190620150134,47,+33458005707,incoming,20190620,150134,16603181484
+33458001003,20190620140427,179,+33458005707,incoming,20190620,140427,16602638113
+33458001003,20190620114340,769,+33458005707,incoming,20190620,114340,16601888339
+33458001003,20190620112931,326,+33607963979,incoming,20190620,112931,16601686160
+33458001003,20190620112655,171,+33458005707,incoming,20190620,112655,16601636035
+33458001003,20190620093539,170,+33458005707,incoming,20190620,093539,16600521700
+33458001003,20190619142123,34,+33458005707,incoming,20190619,142123,16596139059
+33458001003,20190619121202,301,+33458005707,incoming,20190619,121202,16595470502
+33458001003,20190619121007,100,+33458005707,incoming,20190619,121007,16595439257
+33458001003,20190619114921,95,+33458005707,incoming,20190619,114921,16595277018
+33458001003,20190619103543,1019,+33458005707,incoming,20190619,103543,16594725617
+33458001003,20190619095533,1412,+33458005707,incoming,20190619,095533,16594393086
+33458001003,20190618162232,1108,+33458005707,incoming,20190618,162232,16590591445
+33458001003,20190618144915,580,+33458005707,incoming,20190618,144915,16589595186
+33458001003,20190618104658,326,+33458005707,incoming,20190618,104658,16587737438
+33458001003,20190618090543,595,+33458005707,incoming,20190618,090543,16586730261
+33458001003,20190617170911,36,+33458005707,incoming,20190617,170911,16583995672
+33458001003,20190617160619,984,+33458005707,incoming,20190617,160619,16583541691
+33458001003,20190617145942,41,+33458005707,incoming,20190617,145942,16582691551
+33458001003,20190617102338,105,+33458005707,incoming,20190617,102338,16580283384
+33458001003,20190614164452,1518,+33458005707,incoming,20190614,164452,16569890326
+33458001003,20190614163542,166,+33458005707,incoming,20190614,163542,16569658854
+33458001003,20190614160136,55,+33458005707,incoming,20190614,160136,16569356366
+33458001003,20190614154146,270,+33458005707,incoming,20190614,154146,16569208951
+33458001003,20190614140019,422,+33458005707,incoming,20190614,140019,16568270527
+33458001003,20190614132655,855,+33458005707,incoming,20190614,132655,16568098079
+33458001003,20190614131440,438,+33458005707,incoming,20190614,131440,16568004329
+33458001003,20190614114139,467,+33458005707,incoming,20190614,114139,16567477871
+33458001003,20190614094929,65,+33458005707,incoming,20190614,094929,16566242301
+33458001003,20190614085342,41,+33458005707,incoming,20190614,085342,16565761868
+33458001003,20190613172459,268,+33458005707,incoming,20190613,172459,16563327843
+33458001003,20190613165941,173,+33458005707,incoming,20190613,165941,16563133405
+33458001003,20190613161158,77,+33768410756,incoming,20190613,161158,16562667588
+33458001003,20190613154458,1222,+33458005707,incoming,20190613,154458,16562584143
+33458001003,20190613144512,102,+33458005707,incoming,20190613,144512,16561762025
+33458001003,20190613141917,1114,+33458005707,incoming,20190613,141917,16561669063
+33458001003,20190613141725,75,+33458005707,incoming,20190613,141725,16561459515
+33458001003,20190613120053,608,+33458005707,incoming,20190613,120053,16560755394
+33458001003,20190613112620,0,+33458005707,miss,20190613,112620,16560338818
+33458001003,20190613091810,403,+33458005707,incoming,20190613,091810,16559128917
+33458001003,20190612153251,215,+33458005707,incoming,20190612,153251,16555461191
+33458001003,20190612151312,36,+33458005707,incoming,20190612,151312,16555225922
+33458001003,20190612141501,233,+33458005707,incoming,20190612,141501,16554601417
+33458001003,20190612134607,337,+33458005707,incoming,20190612,134607,16554347003
+33458001003,20190612134202,102,+33458005707,incoming,20190612,134202,16554306352
+33458001003,20190612132951,374,+33458005707,incoming,20190612,132951,16554263440
+33458001003,20190612114926,289,+33458005707,incoming,20190612,114926,16553731337
+33458001003,20190612102342,129,+33458005707,incoming,20190612,102342,16552803798
+33458001003,20190611164543,283,+33458005707,incoming,20190611,164543,16549392413
+33458001003,20190611160348,176,+33458005707,incoming,20190611,160348,16548984338
+33458001003,20190611144011,73,+33458005707,incoming,20190611,144011,16548113899
+33458001003,20190611142350,66,+33458005707,incoming,20190611,142350,16547924352
+33458001003,20190611111313,0,+33458005707,miss,20190611,111313,16546443080
+33458001003,20190611110959,218,+33458005707,incoming,20190611,110959,16546442448
+33458001003,20190611110113,57,+33458005707,incoming,20190611,110113,16546301911
+33458001003,20190611105604,0,+33609106798,miss,20190611,105604,16546229883
+33458001003,20190611105409,104,+33609106798,incoming,20190611,105409,16546225666
+33458001003,20190611102725,866,+33458005707,incoming,20190611,102725,16546049823
+33458001003,20190611101223,231,+33458005707,incoming,20190611,101223,16545744823
+33458001003,20190607164601,368,+33458005707,incoming,20190607,164601,16530199096
+33458001003,20190607154955,275,+33458005707,incoming,20190607,154955,16529689095
+33458001003,20190607152737,61,+33458005707,incoming,20190607,152737,16529448168
+33458001003,20190607152423,161,+33458005707,incoming,20190607,152423,16529431133
+33458001003,20190607151739,126,+33458005707,incoming,20190607,151739,16529361439
+33458001003,20190607144444,286,+33458005707,incoming,20190607,144444,16529060003
+33458001003,20190607144501,3,+33658207824,transfert,20190607,144501,16529022144
+33458001003,20190607143106,315,+33658898832,incoming,20190607,143106,16528942940
+33458001003,20190607112139,50,+33458005707,incoming,20190607,112139,16527728510
+33458001003,20190607105056,0,+33458005707,miss,20190607,105056,16527429949
+33458001003,20190607103004,888,+33458005707,incoming,20190607,103004,16527371187
+33458001003,20190607100503,69,+33458005707,incoming,20190607,100503,16527009498
+33458001003,20190606171302,114,+33458005707,incoming,20190606,171302,16523836552
+33458001003,20190606163946,1505,+33458005707,incoming,20190606,163946,16523750374
+33458001003,20190606160615,197,+33458005707,incoming,20190606,160615,16523244133
+33458001003,20190606155332,284,+33458005707,incoming,20190606,155332,16523139789
+33458001003,20190606153235,296,+33458005707,incoming,20190606,153235,16522946796
+33458001003,20190606152000,225,+33458005707,incoming,20190606,152000,16522821884
+33458001003,20190606110753,995,+33458005707,incoming,20190606,110753,16521156160
+33458001003,20190606093846,1241,+33458005707,incoming,20190606,093846,16520309862
+33458001003,20190605170154,1301,+33616210175,incoming,20190605,170154,16517592972
+33458001003,20190605163726,67,+33458005707,incoming,20190605,163726,16517201901
+33458001003,20190605143604,360,+33458005707,incoming,20190605,143604,16516119380
+33458001003,20190605142619,467,+33458005707,incoming,20190605,142619,16516038552
+33458001003,20190605120453,1131,+33458005707,incoming,20190605,120453,16515300838
+33458001003,20190605113920,1050,+33458005707,incoming,20190605,113920,16515120944
+33458001003,20190605105716,1259,+33458005707,incoming,20190605,105716,16514717909
+33458001003,20190605103407,385,+33458005707,incoming,20190605,103407,16514311168
+33458001003,20190605101547,136,+33458005707,incoming,20190605,101547,16514079016
+33458005707,20190629091235,12,+33613611343,transfert,20190629,091235,16653794583
+33458005707,20190628180254,53,+33651987152,transfert,20190628,180254,16651780559
+33458005707,20190628150733,28,+33176240828,incoming,20190628,150733,16650426184
+33458005707,20190628111921,50,+33685381243,transfert,20190628,111921,16648770778
+33458005707,20190628103525,265,+33456409042,incoming,20190628,103525,16648341014
+33458005707,20190628090045,805,+33321990720,incoming,20190628,090045,16647554781
+33458005707,20190628090125,31,+33620412093,transfert,20190628,090125,16647452209
+33458005707,20190627143311,2,+33685708650,transfert,20190627,143311,16643380902
+33458005707,20190627141855,3,+33685708650,transfert,20190627,141855,16643232126
+33458005707,20190627141030,71,+33140926789,incoming,20190627,141030,16643156037
+33458005707,20190627135002,950,+33682893514,incoming,20190627,135002,16643094739
+33458005707,20190627124235,3,+33685708650,transfert,20190627,124235,16642678023
+33458005707,20190627113635,10,+33140733068,transfert,20190627,113635,16642196093
+33458005707,20190627105028,0,+33633336464,miss,20190627,105028,16641716184
+33458005707,20190627104559,4,+33633336464,transfert,20190627,104559,16641662480
+33458005707,20190626165145,79,+33683466465,incoming,20190626,165145,16638308396
+33458005707,20190626162047,234,+33456409044,incoming,20190626,162047,16638137617
+33458005707,20190626155759,93,+33479966395,incoming,20190626,155759,16637971797
+33458005707,20190626154908,499,+33484470285,incoming,20190626,154908,16637957181
+33458005707,20190626144624,0,+33661710890,miss,20190626,144624,16637239645
+33458005707,20190626141347,60,+33140926789,incoming,20190626,141347,16636921236
+33458005707,20190626130400,114,+687757303,incoming,20190626,130400,16636553420
+33458005707,20190626105048,280,+33675128643,incoming,20190626,105048,16635648180
+33458005707,20190626105000,14,+33675128643,incoming,20190626,105000,16635601412
+33458005707,20190625163815,240,+33683814810,incoming,20190625,163815,16632226255
+33458005707,20190625153057,230,+33442361212,incoming,20190625,153057,16631609788
+33458005707,20190625121507,447,+33615394149,incoming,20190625,121507,16630062147
+33458005707,20190625102509,242,+33625844764,incoming,20190625,102509,16628874178
+33458005707,20190625101836,83,+33272735438,incoming,20190625,101836,16628771115
+33458005707,20190625100418,96,+33251797721,incoming,20190625,100418,16628609865
+33458005707,20190624182918,6,+33625844764,transfert,20190624,182918,16626184263
+33458005707,20190624182018,4,+33647837899,transfert,20190624,182018,16626148675
+33458005707,20190624181731,4,+33761459040,transfert,20190624,181731,16626137481
+33458005707,20190624161313,90,+33476310241,incoming,20190624,161313,16625132166
+33458005707,20190624151321,178,+33625844764,incoming,20190624,151321,16624519711
+33458005707,20190624144657,330,+33625844764,incoming,20190624,144657,16624246371
+33458005707,20190624142549,166,+33973722505,incoming,20190624,142549,16623986542
+33458005707,20190624111232,323,+33663352849,incoming,20190624,111232,16622588429
+33458005707,20190624102446,85,+33686209242,incoming,20190624,102446,16622008174
+33458005707,20190624101111,1,+33686209242,incoming,20190624,101111,16621849266
+33458005707,20190624090549,79,+33650054731,incoming,20190624,090549,16621220862
+33458005707,20190622123910,4,+33686209242,transfert,20190622,123910,16614120669
+33458005707,20190621182832,99,+33625844764,incoming,20190621,182832,16611104693
+33458005707,20190621173546,29,+33634590604,incoming,20190621,173546,16610809183
+33458005707,20190621161738,610,+33661106704,incoming,20190621,161738,16610339513
+33458005707,20190621150729,710,+33625844764,incoming,20190621,150729,16609769336
+33458005707,20190621140640,58,+33661462880,incoming,20190621,140640,16609106484
+33458005707,20190621132857,112,+31651776710,incoming,20190621,132857,16608887639
+33458005707,20190621113715,21,+33176240828,incoming,20190621,113715,16608264411
+33458005707,20190621111220,309,+33667437250,incoming,20190621,111220,16608079713
+33458005707,20190621095228,1670,+33470962588,incoming,20190621,095228,16607513801
+33458005707,20190621100502,786,+262262679760,incoming,20190621,100502,16607496126
+33458005707,20190621094735,105,+33650054731,incoming,20190621,094735,16607212152
+33458005707,20190621083453,3,+33685708650,transfert,20190621,083453,16606645960
+33458005707,20190620173732,518,+33479252571,incoming,20190620,173732,16604643077
+33458005707,20190620150126,47,+33686209242,incoming,20190620,150126,16603181212
+33458005707,20190620140416,179,+447880252769,incoming,20190620,140416,16602639976
+33458005707,20190620114334,769,+33559122057,incoming,20190620,114334,16601894253
+33458005707,20190620112649,171,+33782585565,incoming,20190620,112649,16601638764
+33458005707,20190620093530,170,+41229393918,incoming,20190620,093530,16600525232
+33458005707,20190619184538,376,+33611174432,incoming,20190619,184538,16598494171
+33458005707,20190619182239,70,+33611174432,incoming,20190619,182239,16598349871
+33458005707,20190619144449,211,+33140733068,incoming,20190619,144449,16596407255
+33458005707,20190619142115,34,+33140733068,incoming,20190619,142115,16596139328
+33458005707,20190619121158,301,+33660492250,incoming,20190619,121158,16595470418
+33458005707,20190619121003,100,+33660492250,incoming,20190619,121003,16595439620
+33458005707,20190619114913,95,+33972176458,incoming,20190619,114913,16595276796
+33458005707,20190619103539,1019,+41216276355,incoming,20190619,103539,16594729783
+33458005707,20190619101115,461,+33768695436,incoming,20190619,101115,16594394364
+33458005707,20190619095530,1412,+33615394149,incoming,20190619,095530,16594393602
+33458005707,20190619092549,959,+33673997392,incoming,20190619,092549,16594010836
+33458005707,20190619093004,4,+33625910134,transfert,20190619,093004,16593889531
+33458005707,20190618162227,1108,+33630513012,incoming,20190618,162227,16590591444
+33458005707,20190618161341,3,+33630513012,transfert,20190618,161341,16590340131
+33458005707,20190618144905,580,+33625844764,incoming,20190618,144905,16589595229
+33458005707,20190618104852,244,+33481928607,incoming,20190618,104852,16587741231
+33458005707,20190618104648,326,+33495501000,incoming,20190618,104648,16587737952
+33458005707,20190618090539,595,+33780378940,incoming,20190618,090539,16586727277
+33458005707,20190617181815,5,+594694937374,transfert,20190617,181815,16584414197
+33458005707,20190617174155,202,+33607349901,incoming,20190617,174155,16584245305
+33458005707,20190617170904,36,+33645494008,incoming,20190617,170904,16583998429
+33458005707,20190617160609,984,+33625844764,incoming,20190617,160609,16583541182
+33458005707,20190617154757,56,anonymous,incoming,20190617,154757,16583196938
+33458005707,20190617154703,11,anonymous,transfert,20190617,154703,16583181282
+33458005707,20190617153228,87,anonymous,incoming,20190617,153228,16583045395
+33458005707,20190617145933,41,anonymous,incoming,20190617,145933,16582690855
+33458005707,20190617123118,106,+352671527086,incoming,20190617,123118,16581628712
+33458005707,20190617111935,649,+33672170286,incoming,20190617,111935,16581077818
+33458005707,20190617102333,105,+33658207824,incoming,20190617,102333,16580283334
+33458005707,20190614164441,1518,+594694937374,incoming,20190614,164441,16569890742
+33458005707,20190614163538,166,+33677223881,incoming,20190614,163538,16569658089
+33458005707,20190614160131,55,+33176240828,incoming,20190614,160131,16569358089
+33458005707,20190614154141,270,+33645494008,incoming,20190614,154141,16569209578
+33458005707,20190614140015,422,+33625844764,incoming,20190614,140015,16568270881
+33458005707,20190614132652,855,+352671527086,incoming,20190614,132652,16568098407
+33458005707,20190614131425,438,+33240315615,incoming,20190614,131425,16568003404
+33458005707,20190614114135,467,+33625844764,incoming,20190614,114135,16567476454
+33458005707,20190614102813,131,+33659511894,incoming,20190614,102813,16566643569
+33458005707,20190614094914,65,+33673188402,incoming,20190614,094914,16566241270
+33458005707,20190614085334,41,+33661506176,incoming,20190614,085334,16565760602
+33458005707,20190613172456,268,+33616210175,incoming,20190613,172456,16563326538
+33458005707,20190613165937,173,+33630513012,incoming,20190613,165937,16563132474
+33458005707,20190613154443,1222,+33610442941,incoming,20190613,154443,16562585303
+33458005707,20190613145230,289,+33658207824,incoming,20190613,145230,16561871920
+33458005707,20190613144506,102,+33628032370,incoming,20190613,144506,16561761207
+33458005707,20190613141913,1114,+33633336464,incoming,20190613,141913,16561669589
+33458005707,20190613141855,0,+33633336464,miss,20190613,141855,16561463477
+33458005707,20190613141721,75,+33633336464,incoming,20190613,141721,16561461078
+33458005707,20190613141616,0,+33633336464,miss,20190613,141616,16561431093
+33458005707,20190613120050,608,+33658207824,incoming,20190613,120050,16560754137
+33458005707,20190613115253,28,+262692690121,incoming,20190613,115253,16560611051
+33458005707,20190613112616,0,+262692690121,miss,20190613,112616,16560342048
+33458005707,20190613091807,403,+33625844764,incoming,20190613,091807,16559126566
+33458005707,20190612211610,21,+5521988227971,transfert,20190612,211610,16557508798
+33458005707,20190612153240,215,+33385981600,incoming,20190612,153240,16555461822
+33458005707,20190612151303,36,+33457099017,incoming,20190612,151303,16555225560
+33458005707,20190612141455,233,+33670727835,incoming,20190612,141455,16554601508
+33458005707,20190612134601,337,anonymous,incoming,20190612,134601,16554348390
+33458005707,20190612134154,102,+33385981600,incoming,20190612,134154,16554306129
+33458005707,20190612134222,3,+33609106798,transfert,20190612,134222,16554299866
+33458005707,20190612132942,374,+33663995593,incoming,20190612,132942,16554262089
+33458005707,20190612114919,289,+33618170799,incoming,20190612,114919,16553732453
+33458005707,20190612102332,129,+33661506176,incoming,20190612,102332,16552804355
+33458005707,20190611183151,783,+33607463032,incoming,20190611,183151,16550160896
+33458005707,20190611183013,69,+33607463032,incoming,20190611,183013,16550099068
+33458005707,20190611174727,379,+351913706454,incoming,20190611,174727,16549899434
+33458005707,20190611164537,283,+33630513012,incoming,20190611,164537,16549394073
+33458005707,20190611160839,168,+33787761987,incoming,20190611,160839,16549038478
+33458005707,20190611160343,176,+33180865092,incoming,20190611,160343,16548983769
+33458005707,20190611144002,73,+33180865092,incoming,20190611,144002,16548112568
+33458005707,20190611142343,66,+33611697860,incoming,20190611,142343,16547921104
+33458005707,20190611113920,85,+351913706454,incoming,20190611,113920,16546752029
+33458005707,20190611113419,122,+33485190161,incoming,20190611,113419,16546697801
+33458005707,20190611110954,218,+33621108133,incoming,20190611,110954,16546442388
+33458005707,20190611111310,4,+33663995593,transfert,20190611,111310,16546438472
+33458005707,20190611110109,57,+33183818178,incoming,20190611,110109,16546304825
+33458005707,20190611102718,866,+33621108133,incoming,20190611,102718,16546056165
+33458005707,20190611102849,10,+33609106798,transfert,20190611,102849,16545896707
+33458005707,20190611101220,231,+31655130673,incoming,20190611,101220,16545738669
+33458005707,20190610173151,384,+33660492250,incoming,20190610,173151,16542651543
+33458005707,20190610171545,163,+33660492250,incoming,20190610,171545,16542578657
+33458005707,20190610165803,796,+33660492250,incoming,20190610,165803,16542547882
+33458005707,20190610105741,119,+33182696925,incoming,20190610,105741,16541079843
+33458005707,20190607164556,368,+33609723460,incoming,20190607,164556,16530198625
+33458005707,20190607161510,394,+33652507658,incoming,20190607,161510,16529935315
+33458005707,20190607154948,275,+33630513012,incoming,20190607,154948,16529688621
+33458005707,20190607152729,61,+33611489887,incoming,20190607,152729,16529447292
+33458005707,20190607152419,161,+33616210175,incoming,20190607,152419,16529432819
+33458005707,20190607151730,126,+33616210175,incoming,20190607,151730,16529361097
+33458005707,20190607144441,286,+33611489887,incoming,20190607,144441,16529060391
+33458005707,20190607144609,28,+33658207824,incoming,20190607,144609,16529033529
+33458005707,20190607112134,50,+33972653345,incoming,20190607,112134,16527727358
+33458005707,20190607103001,888,+33608429394,incoming,20190607,103001,16527366730
+33458005707,20190607100500,69,+33669906993,incoming,20190607,100500,16527007552
+33458005707,20190606171253,114,+33972653345,incoming,20190606,171253,16523838311
+33458005707,20190606163939,1505,+33619562226,incoming,20190606,163939,16523749839
+33458005707,20190606160608,197,+33768695436,incoming,20190606,160608,16523244203
+33458005707,20190606155328,284,+33613161148,incoming,20190606,155328,16523139439
+33458005707,20190606153226,296,+33658207824,incoming,20190606,153226,16522947876
+33458005707,20190606151956,225,+33633336464,incoming,20190606,151956,16522819614
+33458005707,20190606123510,4,+33619562226,transfert,20190606,123510,16521693719
+33458005707,20190606122052,53,+37129398285,transfert,20190606,122052,16521627249
+33458005707,20190606110738,1013,+33474421800,incoming,20190606,110738,16521151659
+33458005707,20190606093838,1241,+33608936938,incoming,20190606,093838,16520306289
+33458005707,20190605182535,4,+33630513012,transfert,20190605,182535,16517995193
+33458005707,20190605181228,340,+33630513012,incoming,20190605,181228,16517952490
+33458005707,20190605175109,256,+33681878470,incoming,20190605,175109,16517813677
+33458005707,20190605174418,60,+33768695436,incoming,20190605,174418,16517746089
+33458005707,20190605163721,67,+33183818178,incoming,20190605,163721,16517203292
+33458005707,20190605161723,401,+33613161148,incoming,20190605,161723,16517070105
+33458005707,20190605143559,360,+33611881180,incoming,20190605,143559,16516119571
+33458005707,20190605143936,95,+33950384869,incoming,20190605,143936,16516107976
+33458005707,20190605142614,467,+590690619944,incoming,20190605,142614,16516039688
+33458005707,20190605120449,1131,+33140555014,incoming,20190605,120449,16515301846
+33458005707,20190605121335,183,+33480320248,incoming,20190605,121335,16515264601
+33458005707,20190605113916,1050,+33670727835,incoming,20190605,113916,16515119056
+33458005707,20190605105712,1259,+33626754449,incoming,20190605,105712,16514715167
+33458005707,20190605110630,551,+33768695436,incoming,20190605,110630,16514695324
+33458005707,20190605103359,385,+33298515262,incoming,20190605,103359,16514311713
+33458005707,20190605101543,136,anonymous,incoming,20190605,101543,16514080117
+33458005707,20190605100754,13,+33474421800,transfert,20190605,100754,16513976539
+33458005707,20190605100636,11,+33298515262,transfert,20190605,100636,16513957222
+33458005707,20190604174904,59,+33608429394,incoming,20190604,174904,16511048358
+33458005707,20190604171752,20,+33545685100,transfert,20190604,171752,16510810285
+33458005707,20190604171318,5,+33241721166,transfert,20190604,171318,16510771548
+33458005707,20190604165545,1011,+33272735438,incoming,20190604,165545,16510762312
+33458005707,20190604163639,285,+33272735438,incoming,20190604,163639,16510468500
+33458005707,20190604144203,14,+33616210175,transfert,20190604,144203,16509227676
+33458005707,20190604141154,922,+33950886307,incoming,20190604,141154,16509068037
+33458005707,20190604133928,371,+32496677810,incoming,20190604,133928,16508691718
+33458005707,20190604115331,288,+33762672515,incoming,20190604,115331,16508128399
+33458005707,20190604112209,85,+33149120967,incoming,20190604,112209,16507791176
+33458005707,20190604101204,134,+442075626753,incoming,20190604,101204,16507050059
+33458005707,20190604091952,8,+33251797721,transfert,20190604,091952,16506520704
+33458005707,20190603185929,0,+442075626753,miss,20190603,185929,16504534747
+33458005707,20190603171931,4,+442075626753,transfert,20190603,171931,16503990343
+33458005707,20190603145808,0,+33628057575,miss,20190603,145808,16502623180
+33458005707,20190603144104,2,+33628057575,transfert,20190603,144104,16502439377
+33458005707,20190603143459,4,+33628057575,transfert,20190603,143459,16502373279
+33458005707,20190603141326,11,+33661354281,transfert,20190603,141326,16502140748
+33458005707,20190603134459,35,+33628032370,transfert,20190603,134459,16501910893
+33458005707,20190603134323,28,+33628032370,transfert,20190603,134323,16501902049
+33458005707,20190603133339,13,+2302121443,transfert,20190603,133339,16501842136
+33458005707,20190603114252,45,+33476681768,transfert,20190603,114252,16501230278
+33458005707,20190603111611,7,+33437903002,transfert,20190603,111611,16500954550
+33458005707,20190603103710,118,+33677896126,incoming,20190603,103710,16500528250
+33458005707,20190603094040,3,+33183818178,transfert,20190603,094040,16499868086
+33458005708,20190603100315,1857,+33688238855,incoming,20190603,100315,16500472842
+33458005709,20190628165158,535,+33620970453,incoming,20190628,165158,16651387435
+33458005709,20190628121825,0,+33614024779,miss,20190628,121825,16649328537
+33458005709,20190628115010,620,+33677119711,incoming,20190628,115010,16649200243
+33458005709,20190628110940,900,+33972176531,incoming,20190628,110940,16648823417
+33458005709,20190628104035,706,+33680573866,incoming,20190628,104035,16648467578
+33458005709,20190628100952,414,+33614024779,incoming,20190628,100952,16648121356
+33458005709,20190628094439,165,+33685915513,incoming,20190628,094439,16647852191
+33458005709,20190628092308,661,+33681374820,incoming,20190628,092308,16647732762
+33458005709,20190627165551,85,+33649246965,incoming,20190627,165551,16644869476
+33458005709,20190627155221,169,+33630513012,incoming,20190627,155221,16644266912
+33458005709,20190627154239,258,+33630513012,incoming,20190627,154239,16644182837
+33458005709,20190627154149,0,+33630513012,miss,20190627,154149,16644121470
+33458005709,20190627142414,682,+33620970453,incoming,20190627,142414,16643397179
+33458005709,20190627143231,3,+33685708650,transfert,20190627,143231,16643372498
+33458005709,20190627142248,0,+33620970453,miss,20190627,142248,16643267785
+33458005709,20190627141754,233,+33614024779,incoming,20190627,141754,16643259361
+33458005709,20190627141814,4,+33685708650,transfert,20190627,141814,16643223883
+33458005709,20190627124200,4,+33685708650,transfert,20190627,124200,16642676398
+33458005709,20190627113216,318,+33661710890,incoming,20190627,113216,16642201467
+33458005709,20190627104957,248,+33614024779,incoming,20190627,104957,16641750600
+33458005709,20190627104904,33,+33614024779,incoming,20190627,104904,16641707509
+33458005709,20190627104418,289,+33675890059,incoming,20190627,104418,16641693909
+33458005709,20190627104515,5,+33633336464,transfert,20190627,104515,16641654175
+33458005709,20190627103512,11,+33675890059,transfert,20190627,103512,16641541604
+33458005709,20190627102349,16,+33613611343,transfert,20190627,102349,16641425420
+33458005709,20190627102329,10,+33675890059,transfert,20190627,102329,16641420883
+33458005709,20190627101613,12,+33613611343,transfert,20190627,101613,16641352872
+33458005709,20190626195918,0,+33613611343,miss,20190626,195918,16639262943
+33458005709,20190626175203,4,+33620970453,transfert,20190626,175203,16638711597
+33458005709,20190626174424,4,+33620970453,transfert,20190626,174424,16638651232
+33458005709,20190626173644,84,+33610599750,incoming,20190626,173644,16638607401
+33458005709,20190626172028,140,+33620970453,incoming,20190626,172028,16638495320
+33458005709,20190626164924,5,+594694937374,transfert,20190626,164924,16638288767
+33458005709,20190626164839,5,+594694937374,transfert,20190626,164839,16638283542
+33458005709,20190626164730,11,+594694937374,transfert,20190626,164730,16638279542
+33458005709,20190626163906,112,+594694937374,incoming,20190626,163906,16638233255
+33458005709,20190626163020,488,+594694937374,incoming,20190626,163020,16638220466
+33458005709,20190626161710,543,+594694937374,incoming,20190626,161710,16638146321
+33458005709,20190626153427,86,+33972176458,incoming,20190626,153427,16637736961
+33458005709,20190626144910,3,+33661710890,transfert,20190626,144910,16637269236
+33458005709,20190626144652,13,+33661710890,transfert,20190626,144652,16637246868
+33458005709,20190626141001,1,+33679684621,incoming,20190626,141001,16636878149
+33458005709,20190626140719,10,+33679684621,transfert,20190626,140719,16636853840
+33458005709,20190626115728,338,+33613611343,incoming,20190626,115728,16636242702
+33458005709,20190626103855,78,+33614024779,incoming,20190626,103855,16635507275
+33458005709,20190626084710,13,+33670765496,transfert,20190626,084710,16634572725
+33458005709,20190625202239,3,+33633336464,transfert,20190625,202239,16633207174
+33458005709,20190625172910,4,+33661710890,transfert,20190625,172910,16632569257
+33458005709,20190625170012,431,+33611174432,incoming,20190625,170012,16632421000
+33458005709,20190625170305,7,+33614024779,transfert,20190625,170305,16632392497
+33458005709,20190625165146,103,+33611174432,incoming,20190625,165146,16632318940
+33458005709,20190625155938,444,+31651776710,incoming,20190625,155938,16631932332
+33458005709,20190625151612,178,+33972176531,incoming,20190625,151612,16631444650
+33458005709,20190625105421,148,+33609106798,incoming,20190625,105421,16629169026
+33458005709,20190624183009,4,+33625844764,transfert,20190624,183009,16626188418
+33458005709,20190624160347,67,+33495501000,incoming,20190624,160347,16625028626
+33458005709,20190624155838,114,+33685708650,incoming,20190624,155838,16624985413
+33458005709,20190624154813,56,+352671527086,incoming,20190624,154813,16624873306
+33458005709,20190624152412,226,+352671527086,incoming,20190624,152412,16624647056
+33458005709,20190624152221,118,+33972176458,incoming,20190624,152221,16624607352
+33458005709,20190624151921,134,+33682599061,incoming,20190624,151921,16624578537
+33458005709,20190624141843,36,+33681878470,transfert,20190624,141843,16623876262
+33458005709,20190624140819,103,+33614024779,incoming,20190624,140819,16623773500
+33458005709,20190624123357,12,+352671527086,transfert,20190624,123357,16623228894
+33458005709,20190624101023,6,+33686209242,transfert,20190624,101023,16621845213
+33458005709,20190624095303,18,+33681878470,transfert,20190624,095303,16621673095
+33458005709,20190624094313,319,+33663163618,incoming,20190624,094313,16621625399
+33458005709,20190624091951,10,+221776055456,incoming,20190624,091951,16621345643
+33458005709,20190624091128,13,+221776055456,incoming,20190624,091128,16621265805
+33458005709,20190624090541,296,+33768695436,incoming,20190624,090541,16621257031
+33458005709,20190624090504,5,+33650054731,transfert,20190624,090504,16621204363
+33458005709,20190624081816,2,+33768695436,transfert,20190624,081816,16620986035
+33458005709,20190624081636,3,+33768695436,transfert,20190624,081636,16620980408
+33458005709,20190622124013,0,+221776055456,miss,20190622,124013,16614123259
+33458005709,20190622123957,7,+33686209242,transfert,20190622,123957,16614122519
+33458005709,20190622095945,6,+352671527086,transfert,20190622,095945,16613523426
+33458005709,20190621160646,19,+33630513012,incoming,20190621,160646,16610169958
+33458005709,20190621152511,321,+33663163618,incoming,20190621,152511,16609860808
+33458005709,20190621152750,13,+41584604393,transfert,20190621,152750,16609844330
+33458005709,20190621151917,4,+33630513012,transfert,20190621,151917,16609769312
+33458005709,20190621143130,294,+33663163618,incoming,20190621,143130,16609382447
+33458005709,20190621143045,14,+221776055456,incoming,20190621,143045,16609329183
+33458005709,20190621142954,23,+221776055456,incoming,20190621,142954,16609323637
+33458005709,20190621142915,10,+221776055456,incoming,20190621,142915,16609318059
+33458005709,20190621134231,11,+221776055456,transfert,20190621,134231,16608949352
+33458005709,20190621134104,3,+221776055456,transfert,20190621,134104,16608942845
+33458005709,20190621114810,376,+33667437250,incoming,20190621,114810,16608432413
+33458005709,20190621111154,96,+33630513012,incoming,20190621,111154,16608039194
+33458005709,20190621105315,351,+33611174432,incoming,20190621,105315,16607895605
+33458005709,20190621104938,186,+33630513012,incoming,20190621,104938,16607831312
+33458005709,20190621095549,52,+33609723460,transfert,20190621,095549,16607284515
+33458005709,20190621094709,4,+33650054731,transfert,20190621,094709,16607192269
+33458005709,20190621094413,19,+33650054731,transfert,20190621,094413,16607167405
+33458005709,20190621083423,11,+33685708650,transfert,20190621,083423,16606643519
+33458005709,20190620165300,281,+33673994859,incoming,20190620,165300,16604281640
+33458005709,20190620163723,117,+33680111711,incoming,20190620,163723,16604127925
+33458005709,20190620161452,133,+33677225208,incoming,20190620,161452,16603906398
+33458005709,20190620150641,2604,+33494089800,incoming,20190620,150641,16603633104
+33458005709,20190620155001,0,+33630513012,miss,20190620,155001,16603632545
+33458005709,20190620154137,70,+33686209242,transfert,20190620,154137,16603564583
+33458005709,20190620153335,5,+33686209242,transfert,20190620,153335,16603475005
+33458005709,20190620145932,236,+33610599750,incoming,20190620,145932,16603191071
+33458005709,20190620150043,3,+33686209242,transfert,20190620,150043,16603171490
+33458005709,20190620144053,809,+33782585565,incoming,20190620,144053,16603108808
+33458005709,20190620145045,3,+33610599750,transfert,20190620,145045,16603075444
+33458005709,20190620144725,3,+33610599750,transfert,20190620,144725,16603043369
+33458005709,20190620144427,29,+33686209242,transfert,20190620,144427,16603017779
+33458005709,20190620144335,4,+33686209242,transfert,20190620,144335,16603004022
+33458005709,20190620144301,8,+33673994859,transfert,20190620,144301,16602996712
+33458005709,20190620140458,26,+33610599750,incoming,20190620,140458,16602619584
+33458005709,20190620140233,111,+33610599750,incoming,20190620,140233,16602611846
+33458005709,20190620140324,12,+447880252769,transfert,20190620,140324,16602608902
+33458005709,20190620134022,4,+33686209242,transfert,20190620,134022,16602467560
+33458005709,20190620133708,6,+33686209242,transfert,20190620,133708,16602447326
+33458005709,20190620132335,4,+33686209242,transfert,20190620,132335,16602379399
+33458005709,20190620130426,6,+33686209242,transfert,20190620,130426,16602307752
+33458005709,20190620121826,12,+33686209242,transfert,20190620,121826,16602077814
+33458005709,20190620113737,462,+33614024779,incoming,20190620,113737,16601781563
+33458005709,20190620114252,4,+33559122057,transfert,20190620,114252,16601762168
+33458005709,20190620112230,377,+33651689373,incoming,20190620,112230,16601629935
+33458005709,20190620112547,12,+33782585565,transfert,20190620,112547,16601604380
+33458005709,20190620110358,97,+33610599750,incoming,20190620,110358,16601402106
+33458005709,20190620095114,3,+33610599750,transfert,20190620,095114,16600646503
+33458005709,20190620094508,4,+33630513012,transfert,20190620,094508,16600588122
+33458005709,20190620094352,4,+33610599750,transfert,20190620,094352,16600575103
+33458005709,20190620093812,5,+33559122057,transfert,20190620,093812,16600520768
+33458005709,20190620093720,7,+33559122057,transfert,20190620,093720,16600518200
+33458005709,20190619182155,11,+33611174432,transfert,20190619,182155,16598340169
+33458005709,20190619181951,108,+33677225208,transfert,20190619,181951,16598338256
+33458005709,20190619175047,373,+33633336464,incoming,20190619,175047,16598178519
+33458005709,20190619174119,133,+352671527086,incoming,20190619,174119,16598077644
+33458005709,20190619171635,80,+33535370180,incoming,20190619,171635,16597858114
+33458005709,20190619165449,118,+33603025408,incoming,20190619,165449,16597671402
+33458005709,20190619164940,98,+33358931697,incoming,20190619,164940,16597617804
+33458005709,20190619161813,334,+33495501000,incoming,20190619,161813,16597338154
+33458005709,20190619160549,54,+33603025408,incoming,20190619,160549,16597157465
+33458005709,20190619155545,321,+33603025408,incoming,20190619,155545,16597098839
+33458005709,20190619154141,72,+33614024779,incoming,20190619,154141,16596916028
+33458005709,20190619152428,492,+33358931697,incoming,20190619,152428,16596823261
+33458005709,20190619152322,71,+33633119600,incoming,20190619,152322,16596750596
+33458005709,20190619151422,12,+33633119600,transfert,20190619,151422,16596664867
+33458005709,20190619151344,0,+33615621185,miss,20190619,151344,16596654048
+33458005709,20190619151300,19,+33615621185,incoming,20190619,151300,16596648691
+33458005709,20190619151147,3,+33615621185,incoming,20190619,151147,16596635005
+33458005709,20190619151048,0,+33615621185,miss,20190619,151048,16596624880
+33458005709,20190619151008,0,+33615621185,miss,20190619,151008,16596619128
+33458005709,20190619143903,1727,+33638431672,incoming,20190619,143903,16596591797
+33458005709,20190619144454,8,+33358931697,transfert,20190619,144454,16596380625
+33458005709,20190619120918,7,+33660492250,transfert,20190619,120918,16595428046
+33458005709,20190619115959,6,+33638431672,transfert,20190619,115959,16595366528
+33458005709,20190619112024,95,+33645015395,incoming,20190619,112024,16595010831
+33458005709,20190619104933,47,+33607559403,incoming,20190619,104933,16594706333
+33458005709,20190619104104,172,+33611174432,incoming,20190619,104104,16594642763
+33458005709,20190619103644,39,+33632891463,incoming,20190619,103644,16594579181
+33458005709,20190619102957,132,+33632891463,incoming,20190619,102957,16594524375
+33458005709,20190619092732,267,+33686209242,incoming,20190619,092732,16593909179
+33458005709,20190619092921,5,+33625910134,transfert,20190619,092921,16593885734
+33458005709,20190619091129,64,+33686209242,transfert,20190619,091129,16593721850
+33458005709,20190618185107,5,+594694206204,transfert,20190618,185107,16591478789
+33458005709,20190618174019,107,+33614024779,incoming,20190618,174019,16591098130
+33458005709,20190618171620,276,+33660492250,incoming,20190618,171620,16590940891
+33458005709,20190618170133,104,+33611174432,incoming,20190618,170133,16590792656
+33458005709,20190618164948,0,+33630513012,miss,20190618,164948,16590673778
+33458005709,20190618164828,3,+33630513012,transfert,20190618,164828,16590664631
+33458005709,20190618162840,891,+33611174432,incoming,20190618,162840,16590614050
+33458005709,20190618153410,27,+33494089935,incoming,20190618,153410,16589956977
+33458005709,20190618152512,154,+33494089935,incoming,20190618,152512,16589883569
+33458005709,20190618150824,178,+33768695436,incoming,20190618,150824,16589724912
+33458005709,20190618143448,103,+41264697416,incoming,20190618,143448,16589357896
+33458005709,20190618114103,0,+33768695436,miss,20190618,114103,16588241933
+33458005709,20190618113542,36,+33482530623,incoming,20190618,113542,16588195698
+33458005709,20190618104616,12,+33495501000,transfert,20190618,104616,16587674961
+33458005709,20190618104527,16,+33495501000,transfert,20190618,104527,16587666958
+33458005709,20190618104448,14,+33495501000,transfert,20190618,104448,16587658243
+33458005709,20190618103121,33,+33614024779,transfert,20190618,103121,16587520129
+33458005709,20190618101643,135,+33630513012,incoming,20190618,101643,16587381653
+33458005709,20190618090934,5,+33768695436,transfert,20190618,090934,16586682676
+33458005709,20190618090343,8,+33768695436,transfert,20190618,090343,16586629734
+33458005709,20190618082447,3,+33768695436,transfert,20190618,082447,16586434334
+33458005709,20190617165615,2852,+33183874824,incoming,20190617,165615,16584238162
+33458005709,20190617164217,306,+33183874824,incoming,20190617,164217,16583785580
+33458005709,20190617163651,2,+33630513012,transfert,20190617,163651,16583684951
+33458005709,20190617161825,926,+33145495302,incoming,20190617,161825,16583653997
+33458005709,20190617152118,283,+33476514432,incoming,20190617,152118,16582965376
+33458005709,20190617150137,582,+33667437250,incoming,20190617,150137,16582814026
+33458005709,20190617115313,527,+33660492250,incoming,20190617,115313,16581428892
+33458005709,20190617115418,3,+33782298799,transfert,20190617,115418,16581359510
+33458005709,20190617114644,68,+33607119109,incoming,20190617,114644,16581280780
+33458005709,20190617102311,350,+33782298799,incoming,20190617,102311,16580325507
+33458005709,20190617101852,8,+33610112472,transfert,20190617,101852,16580208982
+33458005709,20190617094913,109,+33607119109,incoming,20190617,094913,16579909626
+33458005709,20190617094751,10,+33607119109,transfert,20190617,094751,16579875931
+33458005709,20190617083620,26,+33672170286,transfert,20190617,083620,16579263021
+33458005709,20190614172000,5,+594694937374,transfert,20190614,172000,16569961761
+33458005709,20190614164250,980,+33660492250,incoming,20190614,164250,16569817487
+33458005709,20190614164344,7,+594694937374,transfert,20190614,164344,16569701219
+33458005709,20190614163106,39,+33607559403,incoming,20190614,163106,16569607878
+33458005709,20190614114238,691,+33670727835,incoming,20190614,114238,16567524492
+33458005709,20190614103003,945,+33649371808,incoming,20190614,103003,16566813448
+33458005709,20190614100856,249,+33613191229,incoming,20190614,100856,16566463541
+33458005709,20190614093229,169,+33675890059,incoming,20190614,093229,16566099031
+33458005709,20190613180654,10,+33670727835,transfert,20190613,180654,16563580279
+33458005709,20190613170405,217,+352661163611,incoming,20190613,170405,16563172647
+33458005709,20190613165859,4,+33630513012,transfert,20190613,165859,16563103458
+33458005709,20190613154153,8,+33681374820,transfert,20190613,154153,16562337722
+33458005709,20190613154107,10,+33681374820,transfert,20190613,154107,16562331533
+33458005709,20190613141638,10,+33633336464,transfert,20190613,141638,16561440807
+33458005709,20190613135430,4,+33651689373,transfert,20190613,135430,16561222794
+33458005709,20190613134838,7,+33651689373,transfert,20190613,134838,16561187226
+33458005709,20190613133409,44,+33610112472,transfert,20190613,133409,16561119315
+33458005709,20190613133329,23,+33610112472,transfert,20190613,133329,16561114926
+33458005709,20190613114633,483,+33651689373,incoming,20190613,114633,16560624330
+33458005709,20190613115211,5,+262692690121,transfert,20190613,115211,16560605033
+33458005709,20190613114956,8,+262692690121,transfert,20190613,114956,16560587690
+33458005709,20190613112632,816,+262692690121,incoming,20190613,112632,16560484091
+33458005709,20190613113759,10,+33651689373,transfert,20190613,113759,16560463240
+33458005709,20190613112400,91,+33630312671,incoming,20190613,112400,16560332100
+33458005709,20190613111113,179,+33629020184,incoming,20190613,111113,16560223599
+33458005709,20190613105354,169,+33651689373,incoming,20190613,105354,16560048865
+33458005709,20190613105003,229,+33607559403,incoming,20190613,105003,16560019671
+33458005709,20190613085523,12,+262692690121,transfert,20190613,085523,16558885781
+33458005709,20190612211723,6,+5521988227971,transfert,20190612,211723,16557509801
+33458005709,20190612180527,4,+33610112472,transfert,20190612,180527,16556816592
+33458005709,20190612173533,12,+33610112472,transfert,20190612,173533,16556591070
+33458005709,20190612165042,746,+594694937374,incoming,20190612,165042,16556310901
+33458005709,20190612155350,48,+33685915513,incoming,20190612,155350,16555642220
+33458005709,20190612153957,566,+33612446243,incoming,20190612,153957,16555589569
+33458005709,20190612154652,4,+33685915513,transfert,20190612,154652,16555566990
+33458005709,20190612150007,0,+33476514432,miss,20190612,150007,16555080417
+33458005709,20190612145918,0,+33476514432,miss,20190612,145918,16555066262
+33458005709,20190612145120,181,+33648544291,incoming,20190612,145120,16555008973
+33458005709,20190612145019,10,+33648544291,transfert,20190612,145019,16554964499
+33458005709,20190612144204,99,+33685708650,incoming,20190612,144204,16554885037
+33458005709,20190612142710,103,+33785150721,incoming,20190612,142710,16554711387
+33458005709,20190612141128,183,+594694937374,incoming,20190612,141128,16554553073
+33458005709,20190612134505,5,anonymous,transfert,20190612,134505,16554314135
+33458005709,20190612134104,7,+33385981600,transfert,20190612,134104,16554293861
+33458005709,20190612112405,310,+33631548695,incoming,20190612,112405,16553466157
+33458005709,20190612110621,112,+33648544291,incoming,20190612,110621,16553251914
+33458005709,20190612105524,38,+33663342878,transfert,20190612,105524,16553122740
+33458005709,20190612104541,13,+33549346023,transfert,20190612,104541,16553012402
+33458005709,20190612104516,5,+33549346023,transfert,20190612,104516,16553003713
+33458005709,20190612100247,4,+33648544291,transfert,20190612,100247,16552556848
+33458005709,20190612094319,3,+33648544291,transfert,20190612,094319,16552371795
+33458005709,20190612094055,10,+33648544291,transfert,20190612,094055,16552344005
+33458005709,20190611164443,9,+33630513012,transfert,20190611,164443,16549339434
+33458005709,20190611162542,91,+41795393049,transfert,20190611,162542,16549184005
+33458005709,20190611162530,101,+33549236458,incoming,20190611,162530,16549182947
+33458005709,20190611154653,56,+33666495386,incoming,20190611,154653,16548797737
+33458005709,20190611152550,159,+33688222647,incoming,20190611,152550,16548611001
+33458005709,20190611145618,247,+33666495386,incoming,20190611,145618,16548326293
+33458005709,20190611145926,26,+33663342878,transfert,20190611,145926,16548322196
+33458005709,20190611142406,275,+33223211200,incoming,20190611,142406,16547963649
+33458005709,20190611142712,44,+33663342878,transfert,20190611,142712,16547955935
+33458005709,20190611124156,80,+4790011754,transfert,20190611,124156,16547248920
+33458005709,20190611121724,5,+33666495386,transfert,20190611,121724,16547114187
+33458005709,20190611121325,4,+33666495386,transfert,20190611,121325,16547085229
+33458005709,20190611121230,12,+33666495386,transfert,20190611,121230,16547079635
+33458005709,20190611115836,3,+33630513012,transfert,20190611,115836,16546958377
+33458005709,20190611111215,17,+33663995593,transfert,20190611,111215,16546429175
+33458005709,20190611105621,42,+33609106798,incoming,20190611,105621,16546244764
+33458005709,20190611101201,83,+33253353161,incoming,20190611,101201,16545707481
+33458005709,20190611095016,186,anonymous,incoming,20190611,095016,16545443804
+33458005709,20190611092731,148,+33663342878,incoming,20190611,092731,16545154805
+33458005709,20190611092748,22,+33223211200,transfert,20190611,092748,16545134456
+33458005709,20190611092443,10,+33663342878,transfert,20190611,092443,16545093265
+33458005709,20190611090556,75,+33630513012,incoming,20190611,090556,16544880397
+33458005709,20190611085625,408,+33688222647,incoming,20190611,085625,16544831224
+33458005709,20190610163710,403,+594694937374,incoming,20190610,163710,16542414638
+33458005709,20190610103512,62,+33630513012,incoming,20190610,103512,16540975644
+33458005709,20190607164148,621,+33652507658,incoming,20190607,164148,16530200575
+33458005709,20190607163526,139,+33652507658,incoming,20190607,163526,16530074126
+33458005709,20190607162227,210,+33609106798,incoming,20190607,162227,16529973033
+33458005709,20190607162021,79,+33660492250,incoming,20190607,162021,16529933035
+33458005709,20190607155838,1288,+33660492250,incoming,20190607,155838,16529921274
+33458005709,20190607161356,4,+33652507658,transfert,20190607,161356,16529873686
+33458005709,20190607142755,48,anonymous,transfert,20190607,142755,16528878074
+33458005709,20190607093438,87,anonymous,incoming,20190607,093438,16526727464
+33458005709,20190607091330,187,anonymous,incoming,20190607,091330,16526568496
+33458005709,20190606171845,10,+33680573866,transfert,20190606,171845,16523872511
+33458005709,20190606164144,4,+33785150721,transfert,20190606,164144,16523554182
+33458005709,20190606160541,6,+33768695436,transfert,20190606,160541,16523211144
+33458005709,20190606123554,4,+33619562226,transfert,20190606,123554,16521694988
+33458005709,20190606113509,186,+33450695923,incoming,20190606,113509,16521285725
+33458005709,20190606105656,323,+33609106798,incoming,20190606,105656,16520939448
+33458005709,20190606091223,12,+33669906993,transfert,20190606,091223,16519857888
+33458005709,20190605172512,3,anonymous,transfert,20190605,172512,16517607637
+33458005709,20190605172213,0,+33661354281,miss,20190605,172213,16517584093
+33458005709,20190605171910,195,+33490733820,incoming,20190605,171910,16517583238
+33458005709,20190605172048,5,+33661354281,transfert,20190605,172048,16517574685
+33458005709,20190605171618,30,+33661354281,incoming,20190605,171618,16517540344
+33458005709,20190605165613,388,+33661354281,incoming,20190605,165613,16517424953
+33458005709,20190605165225,45,+33661354281,incoming,20190605,165225,16517340404
+33458005709,20190605163753,230,+33475752600,incoming,20190605,163753,16517233096
+33458005709,20190605161615,15,+33613161148,transfert,20190605,161615,16517008510
+33458005709,20190605151042,1147,anonymous,incoming,20190605,151042,16516585560
+33458005709,20190605145511,682,+33681374820,incoming,20190605,145511,16516371013
+33458005709,20190605143906,4,+33950384869,transfert,20190605,143906,16516088451
+33458005709,20190605142721,17,+33611881180,transfert,20190605,142721,16515980534
+33458005709,20190605142548,4,+590690619944,transfert,20190605,142548,16515963051
+33458005709,20190605142500,10,+590690619944,transfert,20190605,142500,16515960450
+33458005709,20190605111037,143,+33388180885,incoming,20190605,111037,16514667493
+33458005709,20190605105407,30,+33685708650,incoming,20190605,105407,16514461968
+33458005709,20190605104558,362,+33614024779,incoming,20190605,104558,16514431685
+33458005709,20190605102431,1053,anonymous,incoming,20190605,102431,16514327052
+33458005709,20190605103818,3,+33614024779,transfert,20190605,103818,16514292873
+33458005709,20190605101439,13,anonymous,transfert,20190605,101439,16514050154
+33458005709,20190605094341,49,+33679947970,incoming,20190605,094341,16513732011
+33458005709,20190604175505,3,+33686036353,transfert,20190604,175505,16511090113
+33458005709,20190604174823,4,+33608429394,transfert,20190604,174823,16511038103
+33458005709,20190604171644,13,+33545685100,transfert,20190604,171644,16510800099
+33458005709,20190604155012,96,+33614024779,incoming,20190604,155012,16509960224
+33458005709,20190604152011,1222,+33614024779,incoming,20190604,152011,16509843499
+33458005709,20190604150824,78,+33614024779,incoming,20190604,150824,16509529860
+33458005709,20190604145555,21,+33950384869,incoming,20190604,145555,16509386121
+33458005709,20190604143712,68,+33685915513,incoming,20190604,143712,16509184410
+33458005709,20190604121422,3,+33950384869,transfert,20190604,121422,16508255953
+33458005709,20190604114630,204,+33661354281,incoming,20190604,114630,16508054619
+33458005709,20190604114049,218,+33685915513,incoming,20190604,114049,16507999380
+33458005709,20190604110111,1094,+33649371808,incoming,20190604,110111,16507748028
+33458005709,20190604111030,4,+33685915513,transfert,20190604,111030,16507661364
+33458005709,20190604104658,440,+33685915513,incoming,20190604,104658,16507487834
+33458005709,20190604103915,272,+33649371808,incoming,20190604,103915,16507372159
+33458005709,20190604093316,7,+33620970453,transfert,20190604,093316,16506641771
+33458005709,20190604093227,3,+33686036353,transfert,20190604,093227,16506635280
+33458005709,20190604091525,50,+33620970453,incoming,20190604,091525,16506479233
+33458005709,20190604080941,3,+33613161148,transfert,20190604,080941,16506096412
+33458005709,20190604080853,10,+33613161148,transfert,20190604,080853,16506094616
+33458005709,20190603181012,5,+594694937374,transfert,20190603,181012,16504330380
+33458005709,20190603174750,132,+33623664277,incoming,20190603,174750,16504211141
+33458005709,20190603174041,42,+33685708650,incoming,20190603,174041,16504151534
+33458005709,20190603172058,60,+442075626753,incoming,20190603,172058,16504005823
+33458005709,20190603171634,47,+33607782670,incoming,20190603,171634,16503967841
+33458005709,20190603162911,139,+33668566059,incoming,20190603,162911,16503553086
+33458005709,20190603155737,592,+33607782670,incoming,20190603,155737,16503315940
+33458005709,20190603160343,3,+33685708650,transfert,20190603,160343,16503277844
+33458005709,20190603152652,202,+33628057575,incoming,20190603,152652,16502949069
+33458005709,20190603145842,469,+33628057575,incoming,20190603,145842,16502715941
+33458005709,20190603143357,13,+33628057575,transfert,20190603,143357,16502361501
+33458005709,20190603141255,7,+33661354281,transfert,20190603,141255,16502131556
+33458005709,20190603114657,77,+33681374820,incoming,20190603,114657,16501272832
+33458005709,20190603114503,94,+33476681768,incoming,20190603,114503,16501258566
+33458005709,20190603112126,129,+33755506479,incoming,20190603,112126,16501033743
+33458005709,20190603105043,1030,+33681374820,incoming,20190603,105043,16500853397
+33458005709,20190603094817,682,+33620970453,incoming,20190603,094817,16500070297
+33458005709,20190603094355,226,+33620970453,incoming,20190603,094355,16499941385