phoneLine,datetime,duration,callingNumber,nature,date,time,idkey
+33458005709,20200803085556,14,+33670368875,transfert,20200803,085556,18744543079
+33458005709,20200803090746,8,+33631547015,transfert,20200803,090746,18744624417
+33458005709,20200803095133,14,+33682641878,transfert,20200803,095133,18745042276
+33458005709,20200803095731,11,+33670368875,transfert,20200803,095731,18745100193
+33458005709,20200803102434,453,+33662816504,incoming,20200803,102434,18745469487
+33458005709,20200803104745,28,+33621108133,incoming,20200803,104745,18745640411
+33458005709,20200803111048,7,+33650556381,transfert,20200803,111048,18745880028
+33458005709,20200803111036,119,+33613611343,incoming,20200803,111036,18745892168
+33458005709,20200803113203,4,+33613611343,transfert,20200803,113203,18746087224
+33458005709,20200803142835,6,+33646052602,transfert,20200803,142835,18747104370
+33458005709,20200803143524,380,+33646052602,incoming,20200803,143524,18747219178
+33458005709,20200803144238,114,+33456648152,incoming,20200803,144238,18747245416
+33458005709,20200803152059,305,+33388592860,incoming,20200803,152059,18747632265
+33458005709,20200803153105,6,+33782960856,transfert,20200803,153105,18747681064
+33458005709,20200803165441,572,+441616606083,incoming,20200803,165441,18748436828
+33458005709,20200804102442,18,+33565704798,transfert,20200804,102442,18750156086
+33458005709,20200804102542,22,+33565704798,transfert,20200804,102542,18750168669
+33458005709,20200804102408,151,+33553672626,incoming,20200804,102408,18750175228
+33458005709,20200804142520,251,+46737704358,incoming,20200804,142520,18751784096
+33458005709,20200804160303,22,+33603217568,transfert,20200804,160303,18752572548
+33458005709,20200804160546,3,+33603217568,transfert,20200804,160546,18752590131
+33458005709,20200804162011,3,+33603217568,transfert,20200804,162011,18752708303
+33458005709,20200805092347,23,+33630909711,transfert,20200805,092347,18754169261
+33458005709,20200805102024,6,+33612366674,transfert,20200805,102024,18754667948
+33458005709,20200805105423,7,+33612366674,transfert,20200805,105423,18754997166
+33458005709,20200805105538,10,+33612366674,transfert,20200805,105538,18755007213
+33458005709,20200805105632,5,+33612366674,transfert,20200805,105632,18755013953
+33458005709,20200805110007,250,+33603217568,incoming,20200805,110007,18755084854
+33458005709,20200805112107,412,+33755506479,incoming,20200805,112107,18755301948
+33458005709,20200805115906,14,+33322389353,transfert,20200805,115906,18755570866
+33458005709,20200805144412,79,+33607119109,incoming,20200805,144412,18756394349
+33458005709,20200805145856,87,+33524332474,incoming,20200805,145856,18756507992
+33458005709,20200805150827,13,+41799119386,transfert,20200805,150827,18756576488
+33458005709,20200805151419,87,+41799119386,incoming,20200805,151419,18756633839
+33458005709,20200805154334,5,+33607119109,transfert,20200805,154334,18756850057
+33458005709,20200805155009,190,+33607119109,incoming,20200805,155009,18756919868
+33458005709,20200805163058,9,+33679430077,transfert,20200805,163058,18757209174
+33458005709,20200805163503,3,+33679430077,transfert,20200805,163503,18757238559
+33458005709,20200805170602,6,+33621684710,transfert,20200805,170602,18757460826
+33458005709,20200805170743,23,+33621684710,transfert,20200805,170743,18757473568
+33458005709,20200806111219,7,+33761607765,transfert,20200806,111219,18759506043
+33458005709,20200806111252,23,+4968318601555,transfert,20200806,111252,18759516909
+33458005709,20200806111342,5,+441616606083,transfert,20200806,111342,18759520778
+33458005709,20200806111356,22,+4968318601555,transfert,20200806,111356,18759524629
+33458005709,20200806112007,16,+4968318601555,transfert,20200806,112007,18759579617
+33458005709,20200806112608,599,+4968318601555,incoming,20200806,112608,18759716523
+33458005709,20200806143356,411,+33682525500,incoming,20200806,143356,18760706776
+33458005709,20200806154019,13,+33670975101,transfert,20200806,154019,18761174173
+33458005709,20200806164338,152,+441616606083,incoming,20200806,164338,18761662172
+33458005709,20200807103635,5,+33555361373,transfert,20200807,103635,18763494944
+33458005709,20200807110216,329,+33241612461,incoming,20200807,110216,18763765190
+33458005709,20200807110915,141,+33615948075,incoming,20200807,110915,18763803273
+33458005709,20200807112049,233,+33770994776,incoming,20200807,112049,18763915426
+33458005709,20200807113812,9,+33241612461,transfert,20200807,113812,18764036990
+33458005709,20200807142305,50,+33611174432,incoming,20200807,142305,18764828432
+33458005709,20200807152721,5,+33450393093,transfert,20200807,152721,18765304460
+33458005709,20200807160259,83,+33677119711,incoming,20200807,160259,18765579440
+33458005709,20200810092135,17,+33611174432,transfert,20200810,092135,18769120496
+33458005709,20200810095951,12,+33682525500,transfert,20200810,095951,18769447796
+33458005709,20200810100051,4,+33682525500,transfert,20200810,100051,18769452246
+33458005709,20200810101915,121,+33682525500,incoming,20200810,101915,18769642980
+33458005709,20200810102549,6,+33631444094,transfert,20200810,102549,18769689652
+33458005709,20200810103253,2,+33611174432,transfert,20200810,103253,18769757392
+33458005709,20200810105144,74,+33611174432,incoming,20200810,105144,18769949892
+33458005709,20200810105551,7,+33607826790,transfert,20200810,105551,18769980177
+33458005709,20200810150800,13,+33786264502,transfert,20200810,150800,18771633871
+33458005709,20200810153056,14,+33689608780,transfert,20200810,153056,18771822026
+33458005709,20200810153153,4,+33689608780,transfert,20200810,153153,18771827735
+33458005709,20200810153530,4,+33689608780,transfert,20200810,153530,18771854942
+33458005709,20200810162401,5,+33658898832,transfert,20200810,162401,18772224607
+33458005709,20200810163258,363,+33689608780,incoming,20200810,163258,18772330201
+33458005709,20200810165406,8,+33689608780,transfert,20200810,165406,18772434903
+33458005709,20200810165737,5,+33689608780,transfert,20200810,165737,18772458140
+33458005709,20200810170638,217,+33689608780,incoming,20200810,170638,18772537887
+33458005709,20200811092745,6,+33607119109,transfert,20200811,092745,18773593312
+33458005709,20200811104108,7,+33768695436,transfert,20200811,104108,18774234630
+33458005709,20200811114008,0,+33607119109,miss,20200811,114008,18774810496
+33458005709,20200811151050,5,+33615653940,transfert,20200811,151050,18776086508
+33458005709,20200811151715,2,+33615653940,transfert,20200811,151715,18776134938
+33458005709,20200811154208,8,+33553672626,transfert,20200811,154208,18776324830
+33458005709,20200812082119,6,+33620207887,transfert,20200812,082119,18777675789
+33458005709,20200812091809,244,+33646535582,incoming,20200812,091809,18777915134
+33458005709,20200812105151,88,+33646535582,incoming,20200812,105151,18778653844
+33458005709,20200812111809,5,+33608429394,transfert,20200812,111809,18778866899
+33458005709,20200812141704,6,+33777363881,transfert,20200812,141704,18779766691
+33458005709,20200812145514,211,+33660770402,incoming,20200812,145514,18780060103
+33458005709,20200812151956,9,+33698075434,transfert,20200812,151956,18780217799
+33458005709,20200812152032,6,+33679430077,transfert,20200812,152032,18780223144
+33458005709,20200812152932,3,+33679430077,transfert,20200812,152932,18780287195
+33458005709,20200812153950,9,+33678209793,transfert,20200812,153950,18780363367
+33458005709,20200812155944,4,+33679430077,transfert,20200812,155944,18780508399
+33458005709,20200812171336,340,+33616021813,incoming,20200812,171336,18781023400
+33458005709,20200812172337,6,+33616021813,transfert,20200812,172337,18781050146
+33458005709,20200812172421,6,+33616021813,transfert,20200812,172421,18781054160
+33458005709,20200812172505,5,+33616021813,transfert,20200812,172505,18781057857
+33458005709,20200812172727,4,+33616021813,transfert,20200812,172727,18781071600
+33458005709,20200812172809,10,+33616021813,transfert,20200812,172809,18781075955
+33458005709,20200812172852,4,+33616021813,transfert,20200812,172852,18781078095
+33458005709,20200812173005,4,+33616021813,transfert,20200812,173005,18781084961
+33458005709,20200812173043,5,+33616021813,transfert,20200812,173043,18781089359
+33458005709,20200812173120,8,+33616021813,transfert,20200812,173120,18781091214
+33458005709,20200812173200,4,+33616021813,transfert,20200812,173200,18781095386
+33458005709,20200812173237,53,+33616021813,incoming,20200812,173237,18781102216
+33458005709,20200812175045,4,+33616021813,transfert,20200812,175045,18781185215
+33458005709,20200812175135,2,+33616021813,transfert,20200812,175135,18781188761
+33458005709,20200812175514,6,+33616021813,transfert,20200812,175514,18781204115
+33458005709,20200812175553,10,+33616021813,transfert,20200812,175553,18781207383
+33458005709,20200812175650,4,+33616021813,transfert,20200812,175650,18781210551
+33458005709,20200812175731,5,+33616021813,transfert,20200812,175731,18781213179
+33458005709,20200812175826,4,+33616021813,transfert,20200812,175826,18781217390
+33458005709,20200813090840,104,+33631444094,incoming,20200813,090840,18781875622
+33458005709,20200813093405,19,+33778802136,transfert,20200813,093405,18782044101
+33458005709,20200813095022,4,+33616021813,transfert,20200813,095022,18782158967
+33458005709,20200813095132,3,+33616021813,transfert,20200813,095132,18782168990
+33458005709,20200813095515,249,+33616021813,incoming,20200813,095515,18782224421
+33458005709,20200813105549,151,+33609857038,incoming,20200813,105549,18782706797
+33458005709,20200813150612,9,+33631444094,transfert,20200813,150612,18784119217
+33458005709,20200813151559,6,+33646535582,transfert,20200813,151559,18784190071
+33458005709,20200813151629,7,+33623664277,transfert,20200813,151629,18784193714
+33458005709,20200813153534,10,+33631444094,transfert,20200813,153534,18784328340
+33458005709,20200813160715,5,+33609857038,transfert,20200813,160715,18784543949
+33458005709,20200813160759,5,+33609857038,transfert,20200813,160759,18784547954
+33458005709,20200813161342,9,+33609857038,transfert,20200813,161342,18784586519
+33458005709,20200813162952,6,+33613611343,transfert,20200813,162952,18784691257
+33458005709,20200813165603,24,+33663995593,transfert,20200813,165603,18784853226
+33458005709,20200814111920,4,+33689608780,transfert,20200814,111920,18786776601
+33458005709,20200814112511,6,+33769494028,transfert,20200814,112511,18786820026
+33458005709,20200814112002,338,+33689608780,incoming,20200814,112002,18786823567
+33458005709,20200814114944,20,+33686036353,transfert,20200814,114944,18787010055
+33458005709,20200814140941,120,+33609857038,incoming,20200814,140941,18787528482
+33458005709,20200814142947,9,+33686036353,transfert,20200814,142947,18787652856
+33458005709,20200814143457,6,+33679430077,transfert,20200814,143457,18787687112
+33458005709,20200814143935,463,+33679430077,incoming,20200814,143935,18787765040
+33458005709,20200814152559,10,anonymous,transfert,20200814,152559,18788020265
+33458005709,20200814154814,10,+33686184892,transfert,20200814,154814,18788152276
+33458005709,20200814154723,164,anonymous,incoming,20200814,154723,18788160806
+33458005709,20200814162018,7,+33613611343,transfert,20200814,162018,18788338311
+33458005709,20200814163256,6,+33613611343,transfert,20200814,163256,18788409449
+33458005709,20200814164740,13,+33603901744,transfert,20200814,164740,18788485036
+33458005709,20200814165505,18,+33670975101,transfert,20200814,165505,18788523578
+33458005709,20200814165841,5,+33603901744,transfert,20200814,165841,18788542761
+33458005709,20200814174401,3,+33670975101,transfert,20200814,174401,18788730934
+33458005709,20200817094408,5,+33685915513,transfert,20200817,094408,18791798230
+33458005709,20200817095937,5,+33631444094,transfert,20200817,095937,18791951013
+33458005709,20200817103320,63,+33613611343,incoming,20200817,103320,18792321498
+33458005709,20200817110750,11,+33685915513,transfert,20200817,110750,18792666633
+33458005709,20200817112841,52,+33631444094,incoming,20200817,112841,18792869209
+33458005709,20200817144307,7,+33662816504,transfert,20200817,144307,18794031891
+33458005709,20200817152522,241,anonymous,incoming,20200817,152522,18794443206
+33458005709,20200817155239,7,+33679534306,transfert,20200817,155239,18794635005
+33458005709,20200817170342,4,+33611174432,transfert,20200817,170342,18795159119
+33458005709,20200817172731,88,+33609763735,incoming,20200817,172731,18795310999
+33458005709,20200817175322,141,+33609763735,incoming,20200817,175322,18795452003
+33458005709,20200818084330,8,+46737704358,transfert,20200818,084330,18796034135
+33458005709,20200818093451,8,+33686787170,transfert,20200818,093451,18796375921
+33458005709,20200818095946,4,+33685915513,transfert,20200818,095946,18796592741
+33458005709,20200818100259,43,+33685915513,incoming,20200818,100259,18796626175
+33458005709,20200818100351,10,+33603901744,transfert,20200818,100351,18796629724
+33458005709,20200818102805,427,+46737704358,incoming,20200818,102805,18796939265
+33458005709,20200818112451,4,+33782960856,transfert,20200818,112451,18797419168
+33458005709,20200818113830,18,+33778802136,transfert,20200818,113830,18797553309
+33458005709,20200818112930,1391,+33670975101,incoming,20200818,112930,18797677124
+33458005709,20200818141026,13,+33638043975,transfert,20200818,141026,18798270171
+33458005709,20200818141050,8,+46737704358,transfert,20200818,141050,18798272729
+33458005709,20200818141130,7,+46737704358,transfert,20200818,141130,18798277078
+33458005709,20200818141209,5,+46737704358,transfert,20200818,141209,18798281448
+33458005709,20200818142413,5,+46737704358,transfert,20200818,142413,18798384496
+33458005709,20200818160651,185,+33773032703,incoming,20200818,160651,18799214432
+33458005709,20200818162138,2,+353872847733,incoming,20200818,162138,18799298389
+33458005709,20200818165559,10,+33322389353,transfert,20200818,165559,18799545925
+33458005709,20200819091308,5,+33322389353,transfert,20200819,091308,18800562907
+33458005709,20200819101416,24,+353872847733,transfert,20200819,101416,18801036472
+33458005709,20200819115110,14,+33681878470,transfert,20200819,115110,18801517095
+33458005709,20200819115208,3,+33681878470,transfert,20200819,115208,18801537012
+33458005709,20200819115859,21,+33767687702,transfert,20200819,115859,18801674439
+33458005709,20200819140759,12,+33631444094,transfert,20200819,140759,18802226241
+33458005709,20200819140639,174,+33681878470,incoming,20200819,140639,18802233350
+33458005709,20200819141444,37,+33767687702,incoming,20200819,141444,18802284752
+33458005709,20200819142707,116,+33666369524,incoming,20200819,142707,18802401781
+33458005709,20200819143242,259,+33666369524,incoming,20200819,143242,18802466237
+33458005709,20200819144131,12,+41324657010,transfert,20200819,144131,18802506621
+33458005709,20200819144905,10,+41225610707,transfert,20200819,144905,18802568246
+33458005709,20200819150516,70,+33767687702,incoming,20200819,150516,18802698693
+33458005709,20200819152127,410,+33638043975,incoming,20200819,152127,18802870131
+33458005709,20200819154709,7,+32475452525,transfert,20200819,154709,18803019829
+33458005709,20200819161153,75,+33556645445,incoming,20200819,161153,18803206653
+33458005709,20200819161942,206,+33613611343,incoming,20200819,161942,18803273257
+33458005709,20200819162648,5,+33607262077,transfert,20200819,162648,18803300866
+33458005709,20200819164147,848,+33767687702,incoming,20200819,164147,18803483186
+33458005709,20200819170429,514,+33767687702,incoming,20200819,170429,18803580329
+33458005709,20200819171852,122,+33767687702,incoming,20200819,171852,18803625875
+33458005709,20200819172416,23,+33767687702,incoming,20200819,172416,18803645159
+33458005709,20200820091455,15,+33607262077,transfert,20200820,091455,18804509602
+33458005709,20200820094659,7,+33615155959,transfert,20200820,094659,18804751907
+33458005709,20200820095258,12,+33607262077,transfert,20200820,095258,18804801686
+33458005709,20200820100046,5,+33615155959,transfert,20200820,100046,18804864262
+33458005709,20200820100641,100,+33664842295,incoming,20200820,100641,18804927084
+33458005709,20200820103433,5,+33667482284,transfert,20200820,103433,18805162675
+33458005709,20200820104726,4,+33615155959,transfert,20200820,104726,18805275121
+33458005709,20200820110949,4,+33607262077,transfert,20200820,110949,18805467719
+33458005709,20200820112350,3,+33607119109,transfert,20200820,112350,18805587398
+33458005709,20200820115131,4,+33615155959,transfert,20200820,115131,18805827301
+33458005709,20200820141426,256,+33387183400,incoming,20200820,141426,18806456824
+33458005709,20200820144626,43,+33664842295,incoming,20200820,144626,18806674331
+33458005709,20200820145828,181,+33633225994,incoming,20200820,145828,18806777804
+33458005709,20200820161633,5,+33666369524,transfert,20200820,161633,18807309839
+33458005709,20200820172801,2,+33607119109,transfert,20200820,172801,18807738045
+33458005709,20200820174138,8,+33556512413,transfert,20200820,174138,18807802297
+33458005709,20200820174233,0,+33556512413,miss,20200820,174233,18807805620
+33458005709,20200821091158,14,+33476681768,transfert,20200821,091158,18808500904
+33458005709,20200821095136,7,+33556512413,transfert,20200821,095136,18808771968
+33458005709,20200821095234,4,+33556512413,transfert,20200821,095234,18808776433
+33458005709,20200821095321,4,+33556512413,transfert,20200821,095321,18808784502
+33458005709,20200821095405,5,+33556512413,transfert,20200821,095405,18808787808
+33458005709,20200821095512,4,+33556512413,transfert,20200821,095512,18808797722
+33458005709,20200821095558,6,+33556512413,transfert,20200821,095558,18808803478
+33458005709,20200821145707,305,+33631444094,incoming,20200821,145707,18810617362
+33458005709,20200821150444,40,+33613611343,incoming,20200821,150444,18810640157
+33458005709,20200821150552,112,+33613611343,incoming,20200821,150552,18810654068
+33458005709,20200821151828,237,+41324657010,incoming,20200821,151828,18810761034
+33458005709,20200821152319,10,+33670380135,transfert,20200821,152319,18810768067
+33458005709,20200821154924,13,+33322389353,transfert,20200821,154924,18810948740
+33458005709,20200821165815,6,+33322389353,transfert,20200821,165815,18811356069
+33458005709,20200824080926,11,+33607303702,transfert,20200824,080926,18814018366
+33458005709,20200824092357,5,+33607303702,transfert,20200824,092357,18814398465
+33458005709,20200824093328,7,+33607303702,transfert,20200824,093328,18814488790
+33458005709,20200824104643,0,+32475452525,miss,20200824,104643,18815272032
+33458005709,20200824104655,4,+32475452525,transfert,20200824,104655,18815279052
+33458005709,20200824104927,6,+33556512413,transfert,20200824,104927,18815310619
+33458005709,20200824105014,3,+33556512413,transfert,20200824,105014,18815319195
+33458005709,20200824105124,7,+33385842116,transfert,20200824,105124,18815331762
+33458005709,20200824105058,173,+33556512413,incoming,20200824,105058,18815352232
+33458005709,20200824105425,74,+33254745426,incoming,20200824,105425,18815375793
+33458005709,20200824110200,146,+33556512413,incoming,20200824,110200,18815473203
+33458005709,20200824111408,5,+33385842116,transfert,20200824,111408,18815576689
+33458005709,20200824111826,239,+33609857038,incoming,20200824,111826,18815669303
+33458005709,20200824114302,10,+33638043975,transfert,20200824,114302,18815888054
+33458005709,20200824114354,5,+33638043975,transfert,20200824,114354,18815893084
+33458005709,20200824140020,6,+33638043975,transfert,20200824,140020,18816566195
+33458005709,20200824140103,5,+33638043975,transfert,20200824,140103,18816573816
+33458005709,20200824140236,8,+32471266839,transfert,20200824,140236,18816586682
+33458005709,20200824140440,5,+32471266839,transfert,20200824,140440,18816607821
+33458005709,20200824140736,3,+32471266839,transfert,20200824,140736,18816634647
+33458005709,20200824141852,62,+33638043975,incoming,20200824,141852,18816758055
+33458005709,20200824143811,7,+33680365505,transfert,20200824,143811,18816940397
+33458005709,20200824151110,7,+32475452525,transfert,20200824,151110,18817256042
+33458005709,20200824152204,193,+33609857038,incoming,20200824,152204,18817386085
+33458005709,20200824152610,82,+33385842116,incoming,20200824,152610,18817406069
+33458005709,20200824152952,4,+33772247422,transfert,20200824,152952,18817428206
+33458005709,20200824154240,21,+32475452525,transfert,20200824,154240,18817545357
+33458005709,20200824155054,27,+33638043975,incoming,20200824,155054,18817615913
+33458005709,20200824172201,10,+33627262678,transfert,20200824,172201,18818334228
+33458005709,20200824172250,7,+33627262678,transfert,20200824,172250,18818339483
+33458005709,20200824172340,6,+33627262678,transfert,20200824,172340,18818345407
+33458005709,20200824172439,5,+33638043975,transfert,20200824,172439,18818352549
+33458005709,20200824172515,4,+33627262678,transfert,20200824,172515,18818356567
+33458005709,20200824172630,6,+33627262678,transfert,20200824,172630,18818364368
+33458005709,20200824172928,6,+33627262678,transfert,20200824,172928,18818382509
+33458005709,20200824174146,0,+33627262678,miss,20200824,174146,18818449766
+33458005709,20200824174204,612,+33627262678,incoming,20200824,174204,18818503673
+33458005709,20200825095312,5,+33638043975,transfert,20200825,095312,18819548097
+33458005709,20200825095359,5,+33638043975,transfert,20200825,095359,18819557423
+33458005709,20200825095517,4,+33638043975,transfert,20200825,095517,18819570959
+33458005709,20200825102020,4,+33638043975,transfert,20200825,102020,18819838480
+33458005709,20200825102109,4,+33638043975,transfert,20200825,102109,18819846047
+33458005709,20200825103201,289,+32471266839,incoming,20200825,103201,18820009435
+33458005709,20200825111233,112,+33620155260,incoming,20200825,111233,18820404894
+33458005709,20200825112002,148,+33638043975,incoming,20200825,112002,18820489013
+33458005709,20200825112309,168,+33638043975,incoming,20200825,112309,18820523181
+33458005709,20200825114715,12,+33664842295,transfert,20200825,114715,18820750087
+33458005709,20200825140433,10,+33603385650,transfert,20200825,140433,18821401354
+33458005709,20200825140522,10,+33603385650,transfert,20200825,140522,18821407988
+33458005709,20200825144458,76,+33621108133,incoming,20200825,144458,18821800365
+33458005709,20200825144835,9,+33621108133,transfert,20200825,144835,18821827514
+33458005709,20200825145639,7,+33754326506,transfert,20200825,145639,18821900632
+33458005709,20200825145815,4,+33754326506,transfert,20200825,145815,18821915740
+33458005709,20200825150958,14,+33754326506,transfert,20200825,150958,18822025560
+33458005709,20200825150827,241,+33621108133,incoming,20200825,150827,18822044165
+33458005709,20200825151837,4,+33627262678,transfert,20200825,151837,18822104356
+33458005709,20200825151920,6,+33627262678,transfert,20200825,151920,18822109156
+33458005709,20200825152004,7,+33627262678,transfert,20200825,152004,18822115242
+33458005709,20200825152048,7,+33627262678,transfert,20200825,152048,18822121474
+33458005709,20200825152133,5,+33627262678,transfert,20200825,152133,18822129868
+33458005709,20200825152216,4,+33627262678,transfert,20200825,152216,18822133621
+33458005709,20200825152257,4,+33627262678,transfert,20200825,152257,18822141468
+33458005709,20200825152341,3,+33627262678,transfert,20200825,152341,18822146079
+33458005709,20200825152530,11,+33754326506,transfert,20200825,152530,18822166435
+33458005709,20200825152423,109,+33627262678,incoming,20200825,152423,18822167921
+33458005709,20200825153441,462,+33670380135,incoming,20200825,153441,18822310191
+33458005709,20200825165137,13,+32475452525,transfert,20200825,165137,18822897190
+33458005709,20200825170529,478,+33609857038,incoming,20200825,170529,18823053407
+33458005709,20200826142104,0,+33632457265,miss,20200826,142104,18826200550
+33458005709,20200826142820,4,+32471266839,transfert,20200826,142820,18826262842
+33458005709,20200826144751,14,+33241612461,transfert,20200826,144751,18826422131
+33458005709,20200826143332,886,+32471266839,incoming,20200826,143332,18826424296
+33458005709,20200826152501,14,+33686209242,transfert,20200826,152501,18826739163
+33458005709,20200826152646,8,+33686209242,transfert,20200826,152646,18826750861
+33458005709,20200826153127,7,+33686209242,transfert,20200826,153127,18826791270
+33458005709,20200826162746,11,+33621108133,transfert,20200826,162746,18827243138
+33458005709,20200826165820,15,+33686184892,transfert,20200826,165820,18827464383
+33458005709,20200826165957,5,+33621108133,transfert,20200826,165957,18827474450
+33458005709,20200827084008,6,+33767687702,transfert,20200827,084008,18828314065
+33458005709,20200827090144,9,+33767687702,transfert,20200827,090144,18828387617
+33458005709,20200827090304,11,+33675890059,transfert,20200827,090304,18828395928
+33458005709,20200827092037,186,+33658898832,incoming,20200827,092037,18828543813
+33458005709,20200827100809,11,+33675890059,transfert,20200827,100809,18828927884
+33458005709,20200827103304,194,+33621108133,incoming,20200827,103304,18829195400
+33458005709,20200827103838,108,+33478881427,incoming,20200827,103838,18829235699
+33458005709,20200827105857,9,+33618905573,transfert,20200827,105857,18829417618
+33458005709,20200827105620,361,+33675890059,incoming,20200827,105620,18829446992
+33458005709,20200827111745,7,+33686184892,transfert,20200827,111745,18829593627
+33458005709,20200827114315,357,+33767687702,incoming,20200827,114315,18829887172
+33458005709,20200827114859,5,+33609857038,transfert,20200827,114859,18829889126
+33458005709,20200827115522,11,+33651689373,transfert,20200827,115522,18829948813
+33458005709,20200827140254,12,+33651689373,transfert,20200827,140254,18830506752
+33458005709,20200827140455,10,+33651689373,transfert,20200827,140455,18830525931
+33458005709,20200827145602,4,+33651689373,transfert,20200827,145602,18830975975
+33458005709,20200827154029,0,+33673472122,miss,20200827,154029,18831360212
+33458005709,20200827155159,247,+33673472122,incoming,20200827,155159,18831491645
+33458005709,20200827163542,323,+33609857038,incoming,20200827,163542,18831856263
+33458005709,20200827171801,4,+33616021813,transfert,20200827,171801,18832138007
+33458005709,20200827172045,24,+4522916480,transfert,20200827,172045,18832155917
+33458005709,20200827172505,791,+4522916480,incoming,20200827,172505,18832253204
+33458005709,20200828102620,13,+33770608060,transfert,20200828,102620,18833592072
+33458005709,20200828110800,9,+33675890059,transfert,20200828,110800,18834012350
+33458005709,20200828111453,4,+33675890059,transfert,20200828,111453,18834074235
+33458005709,20200828113516,6,+33622712457,transfert,20200828,113516,18834276479
+33458005709,20200828113843,6,+33254745426,transfert,20200828,113843,18834312574
+33458005709,20200828115455,5,+33636370566,transfert,20200828,115455,18834462888
+33458005709,20200828115540,5,+33636370566,transfert,20200828,115540,18834467102
+33458005709,20200828115622,4,+33636370566,transfert,20200828,115622,18834471865
+33458005709,20200828115703,3,+33636370566,transfert,20200828,115703,18834478515
+33458005709,20200828115741,4,+33636370566,transfert,20200828,115741,18834483369
+33458005709,20200828115824,6,+33636370566,transfert,20200828,115824,18834491406
+33458005709,20200828115910,5,+33636370566,transfert,20200828,115910,18834495062
+33458005709,20200828115951,20,+33636370566,transfert,20200828,115951,18834502153
+33458005709,20200828144140,9,+33621108133,transfert,20200828,144140,18835341808
+33458005709,20200828145501,9,+33682599061,transfert,20200828,145501,18835457265
+33458005709,20200828152331,97,+33607119109,incoming,20200828,152331,18835706076
+33458005709,20200828153323,3,+33621108133,transfert,20200828,153323,18835775719
+33458005709,20200828153944,6,+33627262678,transfert,20200828,153944,18835828299
+33458005709,20200828154029,4,+33627262678,transfert,20200828,154029,18835832384
+33458005709,20200828154111,4,+33627262678,transfert,20200828,154111,18835838021
+33458005709,20200828154152,4,+33627262678,transfert,20200828,154152,18835844153
+33458005709,20200828161017,14,+33673472122,transfert,20200828,161017,18836069401
+33458005709,20200828163320,10,+33680616588,transfert,20200828,163320,18836236536
+33458005709,20200828163622,5,+33680616588,transfert,20200828,163622,18836255386
+33458005709,20200828161103,1645,+33673472122,incoming,20200828,161103,18836268191
+33458005709,20200828165732,7,+33621108133,transfert,20200828,165732,18836396452
+33458005709,20200831080840,10,+33651689373,transfert,20200831,080840,18838935625
+33458005709,20200831083431,3,+32471266839,transfert,20200831,083431,18839005494
+33458005709,20200831083601,3,+32471266839,transfert,20200831,083601,18839010947
+33458005709,20200831091301,13,+33238700026,transfert,20200831,091301,18839242644
+33458005709,20200831094607,5,+33651521445,transfert,20200831,094607,18839579164
+33458005709,20200831094825,5,+33651521445,transfert,20200831,094825,18839601190
+33458005709,20200831101049,2,+32471266839,transfert,20200831,101049,18839851726
+33458005709,20200831103534,188,+33613191229,incoming,20200831,103534,18840177759
+33458005709,20200831105837,20,+4976215107607,transfert,20200831,105837,18840416478
+33458005709,20200831105814,198,+33686209242,incoming,20200831,105814,18840447761
+33458005709,20200831113737,10,+33231357259,transfert,20200831,113737,18840869900
+33458005709,20200831115335,4,+33627262678,transfert,20200831,115335,18841039909
+33458005709,20200831115430,6,+33627262678,transfert,20200831,115430,18841047637
+33458005709,20200831140412,5,+32471266839,transfert,20200831,140412,18841709202
+33458005709,20200831145710,182,+33231357259,incoming,20200831,145710,18842310195
+33458005709,20200831150050,91,+33674711762,incoming,20200831,150050,18842331689
+33458005709,20200831150827,15,+33674711762,transfert,20200831,150827,18842404782
+33458005709,20200831151310,173,+33674711762,incoming,20200831,151310,18842480088
+33458005709,20200831164122,5,+32471266839,transfert,20200831,164122,18843306127
+33458005709,20200831164425,10,+33238700026,transfert,20200831,164425,18843334230
+33458005709,20200831171424,5,+33615155959,transfert,20200831,171424,18843571009
+33458001003,20200807113856,99,+33241612461,incoming,20200807,113856,18764056078
+33458005707,20200803094917,13,+33650844269,transfert,20200803,094917,18745018812
+33458005707,20200803095827,222,+33670368875,incoming,20200803,095827,18745143606
+33458005707,20200803102306,5,+33662816504,transfert,20200803,102306,18745374510
+33458005707,20200803102834,11,+33636808097,transfert,20200803,102834,18745432791
+33458005707,20200803104126,382,+33467466651,incoming,20200803,104126,18745637282
+33458005707,20200803111338,277,+33324380920,incoming,20200803,111338,18745947965
+33458005707,20200803113327,381,+33636808097,incoming,20200803,113327,18746162312
+33458005707,20200803141754,496,+33670463435,incoming,20200803,141754,18747079036
+33458005707,20200803144533,153,+33636808097,incoming,20200803,144533,18747278767
+33458005707,20200803153159,2,+33782960856,transfert,20200803,153159,18747688180
+33458005707,20200803153455,9,+33782960856,transfert,20200803,153455,18747715400
+33458005707,20200803154054,596,+33782960856,incoming,20200803,154054,18747843918
+33458005707,20200803155003,24,+3548574143,transfert,20200803,155003,18747844713
+33458005707,20200803155801,24,+3548574143,transfert,20200803,155801,18747909248
+33458005707,20200803161209,9,+3548574143,transfert,20200803,161209,18748028121
+33458005707,20200803163835,8,+441616606083,transfert,20200803,163835,18748243126
+33458005707,20200803165757,9,+3548574143,transfert,20200803,165757,18748394038
+33458005707,20200804092424,10,+33476966300,transfert,20200804,092424,18749583328
+33458005707,20200804092846,4,+33476966300,transfert,20200804,092846,18749620791
+33458005707,20200804094108,6,+33660770402,transfert,20200804,094108,18749731979
+33458005707,20200804101026,4,+33660770402,transfert,20200804,101026,18750009997
+33458005707,20200804102317,9,+33553672626,transfert,20200804,102317,18750143694
+33458005707,20200804102644,14,+33565704798,transfert,20200804,102644,18750179142
+33458005707,20200804102434,298,+33660770402,incoming,20200804,102434,18750199650
+33458005707,20200804110501,12,+33663995593,transfert,20200804,110501,18750550174
+33458005707,20200804112250,8,+33663995593,transfert,20200804,112250,18750723116
+33458005707,20200804113453,11,+33663995593,transfert,20200804,113453,18750839418
+33458005707,20200804113800,14,+33663995593,transfert,20200804,113800,18750867327
+33458005707,20200804152237,23,+3226201950,transfert,20200804,152237,18752236634
+33458005707,20200804155420,6,+33663995593,transfert,20200804,155420,18752497140
+33458005707,20200804162056,5,+33603217568,transfert,20200804,162056,18752714751
+33458005707,20200804170757,11,+33609643595,transfert,20200804,170757,18753071264
+33458005707,20200804172032,7,+3226201950,transfert,20200804,172032,18753149831
+33458005707,20200804172749,6,+33660770402,transfert,20200804,172749,18753195924
+33458005707,20200804173329,0,+33663995593,miss,20200804,173329,18753227763
+33458005707,20200804173356,6,+33663995593,transfert,20200804,173356,18753232253
+33458005707,20200804172912,383,+33628266715,incoming,20200804,172912,18753236980
+33458005707,20200804175646,4,+33660770402,transfert,20200804,175646,18753352920
+33458005707,20200805095103,18,+33778802136,transfert,20200805,095103,18754392930
+33458005707,20200805095335,5,+33778802136,transfert,20200805,095335,18754412644
+33458005707,20200805095946,6,+33612366674,transfert,20200805,095946,18754465124
+33458005707,20200805101935,6,+33612366674,transfert,20200805,101935,18754658564
+33458005707,20200805105104,5,+33660770402,transfert,20200805,105104,18754961295
+33458005707,20200805110112,3,+33660770402,transfert,20200805,110112,18755057959
+33458005707,20200805111121,24,+41319100136,transfert,20200805,111121,18755153352
+33458005707,20200805140350,10,+33640707840,transfert,20200805,140350,18756057381
+33458005707,20200805141723,6,+33640707840,transfert,20200805,141723,18756170357
+33458005707,20200805142642,3,+33640707840,transfert,20200805,142642,18756247120
+33458005707,20200805164806,23,+33621684710,transfert,20200805,164806,18757336729
+33458005707,20200805165121,23,+33772247422,transfert,20200805,165121,18757360603
+33458005707,20200805165331,7,+33772247422,transfert,20200805,165331,18757375638
+33458005707,20200805165529,12,+33621684710,transfert,20200805,165529,18757389894
+33458005707,20200805170648,5,+33621684710,transfert,20200805,170648,18757464608
+33458005707,20200806110240,289,+4369917600606,incoming,20200806,110240,18759456256
+33458005707,20200806111418,4,+441616606083,transfert,20200806,111418,18759525443
+33458005707,20200806111309,243,+33761607765,incoming,20200806,111309,18759548055
+33458005707,20200806111814,200,+33616021813,incoming,20200806,111814,18759589300
+33458005707,20200806112148,85,+33616021813,incoming,20200806,112148,18759602920
+33458005707,20200806114419,252,+33761607765,incoming,20200806,114419,18759824294
+33458005707,20200806135429,14,anonymous,transfert,20200806,135429,18760353585
+33458005707,20200806141341,11,+3242758419,transfert,20200806,141341,18760491861
+33458005707,20200806141518,11,+3242758419,transfert,20200806,141518,18760505455
+33458005707,20200806141700,7,+3242758419,transfert,20200806,141700,18760518904
+33458005707,20200806151125,0,+33476234343,miss,20200806,151125,18760946140
+33458005707,20200806155218,106,+33519762294,incoming,20200806,155218,18761274661
+33458005707,20200807103522,13,+33555361373,transfert,20200807,103522,18763485654
+33458005707,20200807105123,40,+33615653940,incoming,20200807,105123,18763629517
+33458005707,20200807111620,6,+33663995593,transfert,20200807,111620,18763844780
+33458005707,20200807112740,5,+33663995593,transfert,20200807,112740,18763945022
+33458005707,20200807113021,4,+33476234343,transfert,20200807,113021,18763969860
+33458005707,20200807113416,6,+33660770402,transfert,20200807,113416,18764005334
+33458005707,20200807113531,13,+33476234343,transfert,20200807,113531,18764013392
+33458005707,20200807152629,597,+41225610707,incoming,20200807,152629,18765370395
+33458005707,20200810104103,50,+33677225208,incoming,20200810,104103,18769846607
+33458005707,20200810104731,0,+33611174432,miss,20200810,104731,18769899225
+33458005707,20200810150900,4,+33786264502,transfert,20200810,150900,18771642150
+33458005707,20200810152314,9,+33467466651,transfert,20200810,152314,18771760756
+33458005707,20200810160808,6,+33616021813,transfert,20200810,160808,18772111741
+33458005707,20200810160949,104,+33616021813,incoming,20200810,160949,18772134300
+33458005707,20200810162451,8,+33658898832,transfert,20200810,162451,18772231798
+33458005707,20200810170940,206,+33609857038,incoming,20200810,170940,18772553752
+33458005707,20200811091813,5,+33663995593,transfert,20200811,091813,18773527337
+33458005707,20200811101436,208,+33467466651,incoming,20200811,101436,18774015003
+33458005707,20200811104248,121,+33768695436,incoming,20200811,104248,18774266593
+33458005707,20200811114202,0,+33621855207,miss,20200811,114202,18774824897
+33458005707,20200811114114,91,+33607119109,incoming,20200811,114114,18774829823
+33458005707,20200811144054,6,+33615653940,transfert,20200811,144054,18775856032
+33458005707,20200811150157,4,+33615653940,transfert,20200811,150157,18776017476
+33458005707,20200811150248,11,+33615653940,transfert,20200811,150248,18776023193
+33458005707,20200811151003,5,+33615653940,transfert,20200811,151003,18776080319
+33458005707,20200811151635,2,+33615653940,transfert,20200811,151635,18776130760
+33458005707,20200811154054,98,+33615653940,incoming,20200811,154054,18776322240
+33458005707,20200811154253,14,+33553672626,transfert,20200811,154253,18776330820
+33458005707,20200811155900,5,+33609857038,transfert,20200811,155900,18776452511
+33458005707,20200811161549,14,+33609857038,transfert,20200811,161549,18776578412
+33458005707,20200811165025,8,+33609857038,transfert,20200811,165025,18776810282
+33458005707,20200811173637,32,+33609857038,incoming,20200811,173637,18777077851
+33458005707,20200811175831,3,+33609857038,transfert,20200811,175831,18777176653
+33458005707,20200812082156,7,+33620207887,transfert,20200812,082156,18777676500
+33458005707,20200812093410,23,+966563668258,transfert,20200812,093410,18778005850
+33458005707,20200812100138,95,+33664026989,incoming,20200812,100138,18778221928
+33458005707,20200812102150,280,+33615653940,incoming,20200812,102150,18778422817
+33458005707,20200812111427,97,+966595466635,incoming,20200812,111427,18778849969
+33458005707,20200812111542,7,+33630513012,transfert,20200812,111542,18778851586
+33458005707,20200812111856,206,+33608429394,incoming,20200812,111856,18778899988
+33458005707,20200812113004,131,+33608429394,incoming,20200812,113004,18778985158
+33458005707,20200812140348,14,+33603435324,transfert,20200812,140348,18779669137
+33458005707,20200812145430,3,+33660770402,transfert,20200812,145430,18780033973
+33458005707,20200812162526,21,+33663995593,transfert,20200812,162526,18780693737
+33458005707,20200812171244,9,+33616021813,transfert,20200812,171244,18780988225
+33458005707,20200812172930,3,+33616021813,transfert,20200812,172930,18781081011
+33458005707,20200813095057,4,+33616021813,transfert,20200813,095057,18782166037
+33458005707,20200813105513,3,+33609857038,transfert,20200813,105513,18782680791
+33458005707,20200813113453,139,+33467466651,incoming,20200813,113453,18783023455
+33458005707,20200814084550,11,+41225610707,transfert,20200814,084550,18785723894
+33458005707,20200814090358,5,+41225610707,transfert,20200814,090358,18785776828
+33458005707,20200814112808,11,+33769494028,transfert,20200814,112808,18786846617
+33458005707,20200814112854,5,+33769494028,transfert,20200814,112854,18786850622
+33458005707,20200814143044,2,+33686036353,transfert,20200814,143044,18787657697
+33458005707,20200814154926,4,+33686184892,transfert,20200814,154926,18788159846
+33458005707,20200814155935,0,+33686184892,miss,20200814,155935,18788217631
+33458005707,20200814163309,10,+33630513012,transfert,20200814,163309,18788409884
+33458005707,20200814165559,6,+33670975101,transfert,20200814,165559,18788528316
+33458005707,20200817104910,171,+33616021813,incoming,20200817,104910,18792502548
+33458005707,20200817144359,421,+33662816504,incoming,20200817,144359,18794102483
+33458005707,20200817150136,126,+33616021813,incoming,20200817,150136,18794218880
+33458005707,20200817155659,534,+33679534306,incoming,20200817,155659,18794740412
+33458005707,20200817161235,148,+33630513012,incoming,20200817,161235,18794812867
+33458005707,20200817170436,105,+33611174432,incoming,20200817,170436,18795174626
+33458005707,20200818093537,381,+33686787170,incoming,20200818,093537,18796434778
+33458005707,20200818112810,9,+33254745426,transfert,20200818,112810,18797450173
+33458005707,20200818112532,298,+33782960856,incoming,20200818,112532,18797470916
+33458005707,20200818150243,1059,+33673472122,incoming,20200818,150243,18798835294
+33458005707,20200819094409,502,+33670380135,incoming,20200819,094409,18800848171
+33458005707,20200819111248,856,+33444052972,incoming,20200819,111248,18801381429
+33458005707,20200819115557,177,+594694279542,incoming,20200819,115557,18801692768
+33458005707,20200819140845,528,+33631444094,incoming,20200819,140845,18802302299
+33458005707,20200819144947,124,+41225610707,incoming,20200819,144947,18802589496
+33458005707,20200819154817,512,+32475452525,incoming,20200819,154817,18803090401
+33458005707,20200820093428,111,+33476133181,incoming,20200820,093428,18804664330
+33458005707,20200820100938,84,+33630513012,incoming,20200820,100938,18804952461
+33458005707,20200820103521,0,+33667482284,miss,20200820,103521,18805167239
+33458005707,20200820111034,186,+33607262077,incoming,20200820,111034,18805492668
+33458005707,20200820145616,14,+33633225994,transfert,20200820,145616,18806743113
+33458005707,20200820145702,5,+33633225994,transfert,20200820,145702,18806746162
+33458005707,20200820145742,9,+33633225994,transfert,20200820,145742,18806751898
+33458005707,20200821091415,761,+33476681768,incoming,20200821,091415,18808594247
+33458005707,20200821100450,211,+33556512413,incoming,20200821,100450,18808897800
+33458005707,20200821145623,4,+33631444094,transfert,20200821,145623,18810580007
+33458005707,20200821145004,478,+33623058242,incoming,20200821,145004,18810588585
+33458005707,20200821150824,322,+33623058242,incoming,20200821,150824,18810698070
+33458005707,20200821171302,1225,+33644720693,incoming,20200821,171302,18811517104
+33458005707,20200824093625,294,+33607303702,incoming,20200824,093625,18814559650
+33458005707,20200824103209,43,+33630513012,incoming,20200824,103209,18815117677
+33458005707,20200824104524,64,+32475452525,incoming,20200824,104524,18815268153
+33458005707,20200824140816,24,+32471266839,transfert,20200824,140816,18816644990
+33458005707,20200824143856,262,+33680365505,incoming,20200824,143856,18816987781
+33458005707,20200824145730,829,+33601013915,incoming,20200824,145730,18817252304
+33458005707,20200824152832,23,+33772247422,transfert,20200824,152832,18817420809
+33458005707,20200824153044,4,+33772247422,transfert,20200824,153044,18817435718
+33458005707,20200824172432,5,+33627262678,transfert,20200824,172432,18818351262
+33458005707,20200824171651,669,+33663995593,incoming,20200824,171651,18818370590
+33458005707,20200825094036,22,+33609763735,incoming,20200825,094036,18819429614
+33458005707,20200825101803,75,+33476234334,incoming,20200825,101803,18819818987
+33458005707,20200825111138,115,+33680365505,incoming,20200825,111138,18820399033
+33458005707,20200825112104,40,+33658142959,incoming,20200825,112104,18820480497
+33458005707,20200825145730,6,+33754326506,transfert,20200825,145730,18821909772
+33458005707,20200825145858,3,+33754326506,transfert,20200825,145858,18821924111
+33458005707,20200825151050,4,+33754326506,transfert,20200825,151050,18822030291
+33458005707,20200825152618,24,+33754326506,transfert,20200825,152618,18822174910
+33458005707,20200825175645,114,+33781771928,incoming,20200825,175645,18823314687
+33458005707,20200826085105,0,+33685305415,miss,20200826,085105,18823854628
+33458005707,20200826101937,76,+31880045000,incoming,20200826,101937,18824576010
+33458005707,20200826102247,209,+33658142959,incoming,20200826,102247,18824633237
+33458005707,20200826102812,149,+31880045000,incoming,20200826,102812,18824675837
+33458005707,20200826110814,49,+33658142959,incoming,20200826,110814,18825064512
+33458005707,20200826113641,141,+33685305415,incoming,20200826,113641,18825357376
+33458005707,20200826142511,138,+41919600101,incoming,20200826,142511,18826253527
+33458005707,20200826145233,9,+32491515162,transfert,20200826,145233,18826457918
+33458005707,20200826145051,164,+33241612461,incoming,20200826,145051,18826462952
+33458005707,20200826152600,5,+33686209242,transfert,20200826,152600,18826745106
+33458005707,20200826161201,66,+33658142959,incoming,20200826,161201,18827125520
+33458005707,20200826162428,100,+966595466635,incoming,20200826,162428,18827225001
+33458005707,20200826164833,91,+33658142959,incoming,20200826,164833,18827402339
+33458005707,20200827082720,6,+33251797721,transfert,20200827,082720,18828281133
+33458005707,20200827084454,12,+33235525600,transfert,20200827,084454,18828328571
+33458005707,20200827084700,4,+33235525600,transfert,20200827,084700,18828333265
+33458005707,20200827085914,31,+41919600101,incoming,20200827,085914,18828373389
+33458005707,20200827091152,654,+33251797721,incoming,20200827,091152,18828534712
+33458005707,20200827092350,305,+41919600101,incoming,20200827,092350,18828581510
+33458005707,20200827093244,1,+33235525600,transfert,20200827,093244,18828614229
+33458005707,20200827105946,309,+33618905573,incoming,20200827,105946,18829472846
+33458005707,20200827111832,460,+33686184892,incoming,20200827,111832,18829671812
+33458005707,20200827113725,10,+41796233904,transfert,20200827,113725,18829783597
+33458005707,20200827113821,0,+41796233904,miss,20200827,113821,18829788908
+33458005707,20200827140544,6,+33651689373,transfert,20200827,140544,18830532869
+33458005707,20200827140434,111,+33251797721,incoming,20200827,140434,18830535671
+33458005707,20200827151646,173,+32491515162,incoming,20200827,151646,18831181983
+33458005707,20200827153133,286,+33616021813,incoming,20200827,153133,18831324802
+33458005707,20200827160531,425,+33616021813,incoming,20200827,160531,18831628582
+33458005707,20200827170014,54,+33616021813,incoming,20200827,170014,18832033262
+33458005707,20200827170103,338,+33603435324,incoming,20200827,170103,18832068594
+33458005707,20200827171724,5,+33616021813,transfert,20200827,171724,18832133762
+33458005707,20200827172120,219,+33616021813,incoming,20200827,172120,18832179097
+33458005707,20200827173111,601,+33608106241,incoming,20200827,173111,18832267897
+33458005707,20200828085622,289,+33670319106,incoming,20200828,085622,18832906088
+33458005707,20200828092923,47,+33609763735,incoming,20200828,092923,18833093969
+33458005707,20200828093132,56,+41919600101,incoming,20200828,093132,18833112660
+33458005707,20200828110944,295,+33675890059,incoming,20200828,110944,18834070024
+33458005707,20200828113611,591,+33622712457,incoming,20200828,113611,18834378505
+33458005707,20200828143449,139,+33666304317,incoming,20200828,143449,18835297236
+33458005707,20200828154236,229,+33627262678,incoming,20200828,154236,18835877473
+33458005707,20200828164123,14,+33623421310,transfert,20200828,164123,18836291529
+33458005707,20200828164326,4,+33623421310,transfert,20200828,164326,18836304408
+33458005707,20200831093605,13,+33623421310,transfert,20200831,093605,18839474659
+33458005707,20200831094914,3,+33651521445,transfert,20200831,094914,18839613675
+33458005707,20200831103619,7,+33645015395,transfert,20200831,103619,18840154530
+33458005707,20200831110609,57,+33651764818,incoming,20200831,110609,18840505201
+33458005707,20200831111043,259,+33645015395,incoming,20200831,111043,18840603831
+33458005707,20200831163856,162,+33519762294,incoming,20200831,163856,18843303201
+33458005707,20200831171531,102,+33615155959,incoming,20200831,171531,18843590137
+33458005708,20200804181742,4,+447940062132,transfert,20200804,181742,18753438722
+33458005730,20200803085556,14,+33670368875,transfert,20200803,085556,18744542899
+33458005730,20200803090746,8,+33631547015,transfert,20200803,090746,18744624562
+33458005730,20200803094917,13,+33650844269,transfert,20200803,094917,18745018902
+33458005730,20200803095133,14,+33682641878,transfert,20200803,095133,18745042370
+33458005730,20200803095731,11,+33670368875,transfert,20200803,095731,18745100546
+33458005730,20200803095827,222,+33670368875,transfert,20200803,095827,18745143419
+33458005730,20200803102306,5,+33662816504,transfert,20200803,102306,18745376123
+33458005730,20200803102834,11,+33636808097,transfert,20200803,102834,18745432627
+33458005730,20200803102434,453,+33662816504,transfert,20200803,102434,18745469302
+33458005730,20200803104126,382,+33467466651,transfert,20200803,104126,18745635759
+33458005730,20200803104745,28,+33621108133,transfert,20200803,104745,18745640217
+33458005730,20200803111048,7,+33650556381,transfert,20200803,111048,18745879322
+33458005730,20200803111036,119,+33613611343,transfert,20200803,111036,18745891601
+33458005730,20200803113203,4,+33613611343,transfert,20200803,113203,18746087823
+33458005730,20200803113327,381,+33636808097,transfert,20200803,113327,18746162561
+33458005730,20200803141754,496,+33670463435,transfert,20200803,141754,18747078352
+33458005730,20200803142835,6,+33646052602,transfert,20200803,142835,18747104558
+33458005730,20200803143524,380,+33646052602,transfert,20200803,143524,18747219110
+33458005730,20200803144238,114,+33456648152,transfert,20200803,144238,18747245151
+33458005730,20200803144533,153,+33636808097,transfert,20200803,144533,18747278813
+33458005730,20200803152059,305,+33388592860,transfert,20200803,152059,18747632300
+33458005730,20200803153105,6,+33782960856,transfert,20200803,153105,18747680262
+33458005730,20200803153159,2,+33782960856,transfert,20200803,153159,18747687998
+33458005730,20200803153455,9,+33782960856,transfert,20200803,153455,18747715881
+33458005730,20200803154054,596,+33782960856,transfert,20200803,154054,18747844170
+33458005730,20200803155003,24,+3548574143,transfert,20200803,155003,18747844780
+33458005730,20200803155801,24,+3548574143,transfert,20200803,155801,18747909257
+33458005730,20200803161209,9,+3548574143,transfert,20200803,161209,18748028304
+33458005730,20200803163835,8,+441616606083,transfert,20200803,163835,18748243178
+33458005730,20200803165757,9,+3548574143,transfert,20200803,165757,18748394263
+33458005730,20200803165440,572,+441616606083,transfert,20200803,165440,18748437772
+33458005730,20200804094108,6,+33660770402,transfert,20200804,094108,18749732739
+33458005730,20200804101026,4,+33660770402,transfert,20200804,101026,18750009611
+33458005730,20200804102317,9,+33553672626,transfert,20200804,102317,18750145798
+33458005730,20200804102442,18,+33565704798,transfert,20200804,102442,18750157308
+33458005730,20200804102542,22,+33565704798,transfert,20200804,102542,18750168352
+33458005730,20200804102408,151,+33553672626,transfert,20200804,102408,18750174835
+33458005730,20200804102644,14,+33565704798,transfert,20200804,102644,18750178355
+33458005730,20200804102434,298,+33660770402,transfert,20200804,102434,18750199263
+33458005730,20200804110501,12,+33663995593,transfert,20200804,110501,18750549705
+33458005730,20200804112250,8,+33663995593,transfert,20200804,112250,18750723363
+33458005730,20200804113453,11,+33663995593,transfert,20200804,113453,18750839324
+33458005730,20200804113800,14,+33663995593,transfert,20200804,113800,18750868724
+33458005730,20200804142520,251,+46737704358,transfert,20200804,142520,18751783674
+33458005730,20200804152237,23,+3226201950,transfert,20200804,152237,18752236608
+33458005730,20200804155420,6,+33663995593,transfert,20200804,155420,18752497512
+33458005730,20200804160303,22,+33603217568,transfert,20200804,160303,18752572697
+33458005730,20200804160546,3,+33603217568,transfert,20200804,160546,18752590173
+33458005730,20200804162011,3,+33603217568,transfert,20200804,162011,18752708206
+33458005730,20200804162056,5,+33603217568,transfert,20200804,162056,18752714624
+33458005730,20200804170757,11,+33609643595,transfert,20200804,170757,18753071234
+33458005730,20200804172032,7,+3226201950,transfert,20200804,172032,18753149874
+33458005730,20200804172749,6,+33660770402,transfert,20200804,172749,18753195757
+33458005730,20200804173329,0,+33663995593,transfert,20200804,173329,18753227454
+33458005730,20200804173356,6,+33663995593,transfert,20200804,173356,18753231993
+33458005730,20200804172911,383,+33628266715,transfert,20200804,172911,18753237846
+33458005730,20200804175646,4,+33660770402,transfert,20200804,175646,18753352885
+33458005730,20200805092347,23,+33630909711,transfert,20200805,092347,18754169107
+33458005730,20200805095103,18,+33778802136,transfert,20200805,095103,18754393101
+33458005730,20200805095335,5,+33778802136,transfert,20200805,095335,18754412775
+33458005730,20200805095946,6,+33612366674,transfert,20200805,095946,18754465359
+33458005730,20200805101935,6,+33612366674,transfert,20200805,101935,18754658550
+33458005730,20200805102024,6,+33612366674,transfert,20200805,102024,18754667965
+33458005730,20200805105104,5,+33660770402,transfert,20200805,105104,18754960767
+33458005730,20200805105423,7,+33612366674,transfert,20200805,105423,18754996778
+33458005730,20200805105538,10,+33612366674,transfert,20200805,105538,18755007269
+33458005730,20200805105632,5,+33612366674,transfert,20200805,105632,18755013530
+33458005730,20200805110112,3,+33660770402,transfert,20200805,110112,18755057597
+33458005730,20200805110007,250,+33603217568,transfert,20200805,110007,18755085712
+33458005730,20200805111121,24,+41319100136,transfert,20200805,111121,18755153195
+33458005730,20200805112107,412,+33755506479,transfert,20200805,112107,18755302269
+33458005730,20200805115906,14,+33322389353,transfert,20200805,115906,18755570717
+33458005730,20200805140350,10,+33640707840,transfert,20200805,140350,18756057423
+33458005730,20200805141723,6,+33640707840,transfert,20200805,141723,18756170296
+33458005730,20200805142642,3,+33640707840,transfert,20200805,142642,18756247108
+33458005730,20200805145856,87,+33524332474,transfert,20200805,145856,18756507598
+33458005730,20200805150827,13,+41799119386,transfert,20200805,150827,18756576379
+33458005730,20200805151419,87,+41799119386,transfert,20200805,151419,18756633799
+33458005730,20200805163058,9,+33679430077,transfert,20200805,163058,18757208963
+33458005730,20200805163503,3,+33679430077,transfert,20200805,163503,18757238629
+33458005730,20200805165121,23,+33772247422,transfert,20200805,165121,18757360765
+33458005730,20200805170602,6,+33621684710,transfert,20200805,170602,18757461081
+33458005730,20200805170648,5,+33621684710,transfert,20200805,170648,18757464500
+33458005730,20200805170742,23,+33621684710,transfert,20200805,170742,18757473414
+33458005730,20200806110240,289,+4369917600606,transfert,20200806,110240,18759456311
+33458005730,20200806111219,7,+33761607765,transfert,20200806,111219,18759506700
+33458005730,20200806111252,23,+4968318601555,transfert,20200806,111252,18759516748
+33458005730,20200806111342,5,+441616606083,transfert,20200806,111342,18759520842
+33458005730,20200806111356,22,+4968318601555,transfert,20200806,111356,18759524807
+33458005730,20200806111418,4,+441616606083,transfert,20200806,111418,18759525774
+33458005730,20200806111309,243,+33761607765,transfert,20200806,111309,18759547743
+33458005730,20200806112007,16,+4968318601555,transfert,20200806,112007,18759579380
+33458005730,20200806111814,200,+33616021813,transfert,20200806,111814,18759589673
+33458005730,20200806112148,85,+33616021813,transfert,20200806,112148,18759602860
+33458005730,20200806112608,599,+4968318601555,transfert,20200806,112608,18759716477
+33458005730,20200806114418,252,+33761607765,transfert,20200806,114418,18759825532
+33458005730,20200806141341,11,+3242758419,transfert,20200806,141341,18760491888
+33458005730,20200806141518,11,+3242758419,transfert,20200806,141518,18760505427
+33458005730,20200806141700,7,+3242758419,transfert,20200806,141700,18760518251
+33458005730,20200806143356,411,+33682525500,transfert,20200806,143356,18760706700
+33458005730,20200806151125,0,+33476234343,transfert,20200806,151125,18760946067
+33458005730,20200806154019,13,+33670975101,transfert,20200806,154019,18761174089
+33458005730,20200806155218,106,+33519762294,transfert,20200806,155218,18761274559
+33458005730,20200806164338,152,+441616606083,transfert,20200806,164338,18761661832
+33458005730,20200807103635,5,+33555361373,transfert,20200807,103635,18763495190
+33458005730,20200807105123,40,+33615653940,transfert,20200807,105123,18763629095
+33458005730,20200807110216,329,+33241612461,transfert,20200807,110216,18763764475
+33458005730,20200807110915,141,+33615948075,transfert,20200807,110915,18763803331
+33458005730,20200807111620,6,+33663995593,transfert,20200807,111620,18763844619
+33458005730,20200807112049,233,+33770994776,transfert,20200807,112049,18763915272
+33458005730,20200807112740,5,+33663995593,transfert,20200807,112740,18763945567
+33458005730,20200807113021,4,+33476234343,transfert,20200807,113021,18763969985
+33458005730,20200807113416,6,+33660770402,transfert,20200807,113416,18764005421
+33458005730,20200807113531,13,+33476234343,transfert,20200807,113531,18764013407
+33458005730,20200807113812,9,+33241612461,transfert,20200807,113812,18764037264
+33458005730,20200807142305,50,+33611174432,transfert,20200807,142305,18764828592
+33458005730,20200807152721,5,+33450393093,transfert,20200807,152721,18765304636
+33458005730,20200807160259,83,+33677119711,transfert,20200807,160259,18765579531
+33458005730,20200810092135,17,+33611174432,transfert,20200810,092135,18769120673
+33458005730,20200810100051,4,+33682525500,transfert,20200810,100051,18769451940
+33458005730,20200810101915,121,+33682525500,transfert,20200810,101915,18769643215
+33458005730,20200810102549,6,+33631444094,transfert,20200810,102549,18769690002
+33458005730,20200810103253,2,+33611174432,transfert,20200810,103253,18769756932
+33458005730,20200810104103,50,+33677225208,transfert,20200810,104103,18769847137
+33458005730,20200810104731,0,+33611174432,transfert,20200810,104731,18769898801
+33458005730,20200810105144,74,+33611174432,transfert,20200810,105144,18769949601
+33458005730,20200810105551,7,+33607826790,transfert,20200810,105551,18769980079
+33458005730,20200810150800,13,+33786264502,transfert,20200810,150800,18771633638
+33458005730,20200810150900,4,+33786264502,transfert,20200810,150900,18771641796
+33458005730,20200810152314,9,+33467466651,transfert,20200810,152314,18771761408
+33458005730,20200810153056,14,+33689608780,transfert,20200810,153056,18771821994
+33458005730,20200810153153,4,+33689608780,transfert,20200810,153153,18771827537
+33458005730,20200810153530,4,+33689608780,transfert,20200810,153530,18771854808
+33458005730,20200810160808,6,+33616021813,transfert,20200810,160808,18772111748
+33458005730,20200810160948,104,+33616021813,transfert,20200810,160948,18772133838
+33458005730,20200810162401,5,+33658898832,transfert,20200810,162401,18772224706
+33458005730,20200810162451,8,+33658898832,transfert,20200810,162451,18772231825
+33458005730,20200810163258,363,+33689608780,transfert,20200810,163258,18772330497
+33458005730,20200810165406,8,+33689608780,transfert,20200810,165406,18772434988
+33458005730,20200810165737,5,+33689608780,transfert,20200810,165737,18772457996
+33458005730,20200810170638,217,+33689608780,transfert,20200810,170638,18772537907
+33458005730,20200810170940,206,+33609857038,transfert,20200810,170940,18772553644
+33458005730,20200811091813,5,+33663995593,transfert,20200811,091813,18773527207
+33458005730,20200811101436,208,+33467466651,transfert,20200811,101436,18774015122
+33458005730,20200811104108,7,+33768695436,transfert,20200811,104108,18774234719
+33458005730,20200811104248,121,+33768695436,transfert,20200811,104248,18774266911
+33458005730,20200811114202,0,+33621855207,transfert,20200811,114202,18774826441
+33458005730,20200811114114,91,+33607119109,transfert,20200811,114114,18774830508
+33458005730,20200811144054,6,+33615653940,transfert,20200811,144054,18775855921
+33458005730,20200811150157,4,+33615653940,transfert,20200811,150157,18776017522
+33458005730,20200811150248,11,+33615653940,transfert,20200811,150248,18776023139
+33458005730,20200811151003,5,+33615653940,transfert,20200811,151003,18776080022
+33458005730,20200811151050,5,+33615653940,transfert,20200811,151050,18776086464
+33458005730,20200811151635,2,+33615653940,transfert,20200811,151635,18776130749
+33458005730,20200811151715,2,+33615653940,transfert,20200811,151715,18776135147
+33458005730,20200811154054,98,+33615653940,transfert,20200811,154054,18776322112
+33458005730,20200811154208,8,+33553672626,transfert,20200811,154208,18776324756
+33458005730,20200811154253,14,+33553672626,transfert,20200811,154253,18776330921
+33458005730,20200811155900,5,+33609857038,transfert,20200811,155900,18776452620
+33458005730,20200811161549,14,+33609857038,transfert,20200811,161549,18776578593
+33458005730,20200811165025,8,+33609857038,transfert,20200811,165025,18776810256
+33458005730,20200811173636,32,+33609857038,transfert,20200811,173636,18777077728
+33458005730,20200811175831,3,+33609857038,transfert,20200811,175831,18777176600
+33458005730,20200812082119,6,+33620207887,transfert,20200812,082119,18777675739
+33458005730,20200812082156,7,+33620207887,transfert,20200812,082156,18777676446
+33458005730,20200812091809,244,+33646535582,transfert,20200812,091809,18777914501
+33458005730,20200812093410,23,+966563668258,transfert,20200812,093410,18778005897
+33458005730,20200812102150,280,+33615653940,transfert,20200812,102150,18778423242
+33458005730,20200812105151,88,+33646535582,transfert,20200812,105151,18778653820
+33458005730,20200812111427,97,+966595466635,transfert,20200812,111427,18778849922
+33458005730,20200812111542,7,+33630513012,transfert,20200812,111542,18778851147
+33458005730,20200812111809,5,+33608429394,transfert,20200812,111809,18778867216
+33458005730,20200812111856,206,+33608429394,transfert,20200812,111856,18778899701
+33458005730,20200812113004,131,+33608429394,transfert,20200812,113004,18778985143
+33458005730,20200812140348,14,+33603435324,transfert,20200812,140348,18779669134
+33458005730,20200812141704,6,+33777363881,transfert,20200812,141704,18779766529
+33458005730,20200812145430,3,+33660770402,transfert,20200812,145430,18780033809
+33458005730,20200812145514,211,+33660770402,transfert,20200812,145514,18780060194
+33458005730,20200812151956,9,+33698075434,transfert,20200812,151956,18780217814
+33458005730,20200812152032,6,+33679430077,transfert,20200812,152032,18780223163
+33458005730,20200812152932,3,+33679430077,transfert,20200812,152932,18780287231
+33458005730,20200812153950,9,+33678209793,transfert,20200812,153950,18780363591
+33458005730,20200812155944,4,+33679430077,transfert,20200812,155944,18780508359
+33458005730,20200812162526,21,+33663995593,transfert,20200812,162526,18780693715
+33458005730,20200812171244,9,+33616021813,transfert,20200812,171244,18780988452
+33458005730,20200812171336,340,+33616021813,transfert,20200812,171336,18781023388
+33458005730,20200812172337,6,+33616021813,transfert,20200812,172337,18781050115
+33458005730,20200812172421,6,+33616021813,transfert,20200812,172421,18781054224
+33458005730,20200812172505,5,+33616021813,transfert,20200812,172505,18781057716
+33458005730,20200812172727,4,+33616021813,transfert,20200812,172727,18781071543
+33458005730,20200812172809,10,+33616021813,transfert,20200812,172809,18781076020
+33458005730,20200812172851,4,+33616021813,transfert,20200812,172851,18781077938
+33458005730,20200812172930,3,+33616021813,transfert,20200812,172930,18781080972
+33458005730,20200812173005,4,+33616021813,transfert,20200812,173005,18781085004
+33458005730,20200812173043,5,+33616021813,transfert,20200812,173043,18781089409
+33458005730,20200812173120,8,+33616021813,transfert,20200812,173120,18781091173
+33458005730,20200812173200,4,+33616021813,transfert,20200812,173200,18781095473
+33458005730,20200812173237,53,+33616021813,transfert,20200812,173237,18781102207
+33458005730,20200812175045,4,+33616021813,transfert,20200812,175045,18781185097
+33458005730,20200812175134,2,+33616021813,transfert,20200812,175134,18781188617
+33458005730,20200812175514,6,+33616021813,transfert,20200812,175514,18781204131
+33458005730,20200812175553,10,+33616021813,transfert,20200812,175553,18781207371
+33458005730,20200812175650,4,+33616021813,transfert,20200812,175650,18781210559
+33458005730,20200812175731,5,+33616021813,transfert,20200812,175731,18781213286
+33458005730,20200812175826,4,+33616021813,transfert,20200812,175826,18781217385
+33458005730,20200813090840,104,+33631444094,transfert,20200813,090840,18781875625
+33458005730,20200813093405,19,+33778802136,transfert,20200813,093405,18782044475
+33458005730,20200813095022,4,+33616021813,transfert,20200813,095022,18782158656
+33458005730,20200813095057,4,+33616021813,transfert,20200813,095057,18782165993
+33458005730,20200813095132,3,+33616021813,transfert,20200813,095132,18782170261
+33458005730,20200813095515,249,+33616021813,transfert,20200813,095515,18782224614
+33458005730,20200813105513,2,+33609857038,transfert,20200813,105513,18782680565
+33458005730,20200813105549,151,+33609857038,transfert,20200813,105549,18782706763
+33458005730,20200813113453,139,+33467466651,transfert,20200813,113453,18783023801
+33458005730,20200813150612,9,+33631444094,transfert,20200813,150612,18784119245
+33458005730,20200813151559,6,+33646535582,transfert,20200813,151559,18784189769
+33458005730,20200813151629,7,+33623664277,transfert,20200813,151629,18784193768
+33458005730,20200813153534,10,+33631444094,transfert,20200813,153534,18784328251
+33458005730,20200813160715,5,+33609857038,transfert,20200813,160715,18784544026
+33458005730,20200813160759,5,+33609857038,transfert,20200813,160759,18784547981
+33458005730,20200813161342,9,+33609857038,transfert,20200813,161342,18784586579
+33458005730,20200813162952,6,+33613611343,transfert,20200813,162952,18784691294
+33458005730,20200813165603,24,+33663995593,transfert,20200813,165603,18784853170
+33458005730,20200814084549,11,+41225610707,transfert,20200814,084549,18785724023
+33458005730,20200814090358,5,+41225610707,transfert,20200814,090358,18785776624
+33458005730,20200814111920,4,+33689608780,transfert,20200814,111920,18786777211
+33458005730,20200814112511,6,+33769494028,transfert,20200814,112511,18786820044
+33458005730,20200814112002,338,+33689608780,transfert,20200814,112002,18786822737
+33458005730,20200814112808,11,+33769494028,transfert,20200814,112808,18786846048
+33458005730,20200814112854,5,+33769494028,transfert,20200814,112854,18786850765
+33458005730,20200814140941,120,+33609857038,transfert,20200814,140941,18787528519
+33458005730,20200814143044,2,+33686036353,transfert,20200814,143044,18787657672
+33458005730,20200814143457,6,+33679430077,transfert,20200814,143457,18787687099
+33458005730,20200814143935,463,+33679430077,transfert,20200814,143935,18787765088
+33458005730,20200814154814,10,+33686184892,transfert,20200814,154814,18788152530
+33458005730,20200814154926,4,+33686184892,transfert,20200814,154926,18788159837
+33458005730,20200814155935,0,+33686184892,transfert,20200814,155935,18788217565
+33458005730,20200814162018,7,+33613611343,transfert,20200814,162018,18788338256
+33458005730,20200814163256,6,+33613611343,transfert,20200814,163256,18788409351
+33458005730,20200814163309,10,+33630513012,transfert,20200814,163309,18788409787
+33458005730,20200814164740,13,+33603901744,transfert,20200814,164740,18788485001
+33458005730,20200814165505,18,+33670975101,transfert,20200814,165505,18788523553
+33458005730,20200814165559,6,+33670975101,transfert,20200814,165559,18788528153
+33458005730,20200814165841,5,+33603901744,transfert,20200814,165841,18788542951
+33458005730,20200814174401,3,+33670975101,transfert,20200814,174401,18788730989
+33458005730,20200817094408,5,+33685915513,transfert,20200817,094408,18791797929
+33458005730,20200817095937,5,+33631444094,transfert,20200817,095937,18791950597
+33458005730,20200817103320,63,+33613611343,transfert,20200817,103320,18792321846
+33458005730,20200817104909,171,+33616021813,transfert,20200817,104909,18792503392
+33458005730,20200817110750,11,+33685915513,transfert,20200817,110750,18792666260
+33458005730,20200817112841,52,+33631444094,transfert,20200817,112841,18792868263
+33458005730,20200817144307,7,+33662816504,transfert,20200817,144307,18794031907
+33458005730,20200817144359,421,+33662816504,transfert,20200817,144359,18794102378
+33458005730,20200817150136,126,+33616021813,transfert,20200817,150136,18794219084
+33458005730,20200817155239,7,+33679534306,transfert,20200817,155239,18794635063
+33458005730,20200817155659,534,+33679534306,transfert,20200817,155659,18794739977
+33458005730,20200817161235,148,+33630513012,transfert,20200817,161235,18794812883
+33458005730,20200817170342,4,+33611174432,transfert,20200817,170342,18795159160
+33458005730,20200817170436,105,+33611174432,transfert,20200817,170436,18795174669
+33458005730,20200817172731,88,+33609763735,transfert,20200817,172731,18795311015
+33458005730,20200817175322,141,+33609763735,transfert,20200817,175322,18795452048
+33458005730,20200818084330,8,+46737704358,transfert,20200818,084330,18796034073
+33458005730,20200818093451,8,+33686787170,transfert,20200818,093451,18796375633
+33458005730,20200818093537,381,+33686787170,transfert,20200818,093537,18796435208
+33458005730,20200818095946,4,+33685915513,transfert,20200818,095946,18796592705
+33458005730,20200818100259,43,+33685915513,transfert,20200818,100259,18796626162
+33458005730,20200818100351,10,+33603901744,transfert,20200818,100351,18796629577
+33458005730,20200818102805,427,+46737704358,transfert,20200818,102805,18796940009
+33458005730,20200818112451,4,+33782960856,transfert,20200818,112451,18797419179
+33458005730,20200818112810,9,+33254745426,transfert,20200818,112810,18797450222
+33458005730,20200818112532,298,+33782960856,transfert,20200818,112532,18797469451
+33458005730,20200818113830,18,+33778802136,transfert,20200818,113830,18797552991
+33458005730,20200818112930,1392,+33670975101,transfert,20200818,112930,18797676560
+33458005730,20200818141026,13,+33638043975,transfert,20200818,141026,18798270791
+33458005730,20200818141050,8,+46737704358,transfert,20200818,141050,18798272861
+33458005730,20200818141130,7,+46737704358,transfert,20200818,141130,18798277194
+33458005730,20200818141209,5,+46737704358,transfert,20200818,141209,18798281568
+33458005730,20200818142413,5,+46737704358,transfert,20200818,142413,18798384349
+33458005730,20200818150243,1059,+33673472122,transfert,20200818,150243,18798835251
+33458005730,20200818160651,185,+33773032703,transfert,20200818,160651,18799214816
+33458005730,20200818162138,2,+353872847733,transfert,20200818,162138,18799298450
+33458005730,20200818165559,10,+33322389353,transfert,20200818,165559,18799545840
+33458005730,20200819091308,5,+33322389353,transfert,20200819,091308,18800562974
+33458005730,20200819094409,502,+33670380135,transfert,20200819,094409,18800846859
+33458005730,20200819101416,24,+353872847733,transfert,20200819,101416,18801036722
+33458005730,20200819111248,856,+33444052972,transfert,20200819,111248,18801381434
+33458005730,20200819115110,14,+33681878470,transfert,20200819,115110,18801514785
+33458005730,20200819115208,3,+33681878470,transfert,20200819,115208,18801542903
+33458005730,20200819115557,177,+594694279542,transfert,20200819,115557,18801669610
+33458005730,20200819115858,21,+33767687702,transfert,20200819,115858,18801674847
+33458005730,20200819140759,12,+33631444094,transfert,20200819,140759,18802226309
+33458005730,20200819140639,174,+33681878470,transfert,20200819,140639,18802233264
+33458005730,20200819141444,37,+33767687702,transfert,20200819,141444,18802284829
+33458005730,20200819140845,528,+33631444094,transfert,20200819,140845,18802302490
+33458005730,20200819142707,116,+33666369524,transfert,20200819,142707,18802401551
+33458005730,20200819143242,259,+33666369524,transfert,20200819,143242,18802465880
+33458005730,20200819144131,12,+41324657010,transfert,20200819,144131,18802506436
+33458005730,20200819144905,10,+41225610707,transfert,20200819,144905,18802568424
+33458005730,20200819144947,124,+41225610707,transfert,20200819,144947,18802589577
+33458005730,20200819150516,70,+33767687702,transfert,20200819,150516,18802698575
+33458005730,20200819152127,410,+33638043975,transfert,20200819,152127,18802870331
+33458005730,20200819154709,7,+32475452525,transfert,20200819,154709,18803019723
+33458005730,20200819154817,512,+32475452525,transfert,20200819,154817,18803090167
+33458005730,20200819161153,75,+33556645445,transfert,20200819,161153,18803206465
+33458005730,20200819161942,206,+33613611343,transfert,20200819,161942,18803273168
+33458005730,20200819162647,5,+33607262077,transfert,20200819,162647,18803300741
+33458005730,20200819164147,848,+33767687702,transfert,20200819,164147,18803483696
+33458005730,20200819170429,514,+33767687702,transfert,20200819,170429,18803580416
+33458005730,20200819171852,122,+33767687702,transfert,20200819,171852,18803625915
+33458005730,20200819172416,23,+33767687702,transfert,20200819,172416,18803645295
+33458005730,20200820091455,15,+33607262077,transfert,20200820,091455,18804509362
+33458005730,20200820093427,111,+33476133181,transfert,20200820,093427,18804663193
+33458005730,20200820094659,7,+33615155959,transfert,20200820,094659,18804752361
+33458005730,20200820095258,12,+33607262077,transfert,20200820,095258,18804802051
+33458005730,20200820100046,5,+33615155959,transfert,20200820,100046,18804863809
+33458005730,20200820100641,100,+33664842295,transfert,20200820,100641,18804926917
+33458005730,20200820100938,84,+33630513012,transfert,20200820,100938,18804953160
+33458005730,20200820103433,5,+33667482284,transfert,20200820,103433,18805162558
+33458005730,20200820103521,0,+33667482284,transfert,20200820,103521,18805167702
+33458005730,20200820104726,4,+33615155959,transfert,20200820,104726,18805274916
+33458005730,20200820110949,4,+33607262077,transfert,20200820,110949,18805467506
+33458005730,20200820111034,186,+33607262077,transfert,20200820,111034,18805492467
+33458005730,20200820115131,4,+33615155959,transfert,20200820,115131,18805827142
+33458005730,20200820141426,256,+33387183400,transfert,20200820,141426,18806456797
+33458005730,20200820144626,43,+33664842295,transfert,20200820,144626,18806674255
+33458005730,20200820145616,14,+33633225994,transfert,20200820,145616,18806743022
+33458005730,20200820145702,5,+33633225994,transfert,20200820,145702,18806745991
+33458005730,20200820145742,9,+33633225994,transfert,20200820,145742,18806752004
+33458005730,20200820145828,181,+33633225994,transfert,20200820,145828,18806778005
+33458005730,20200820161633,5,+33666369524,transfert,20200820,161633,18807309881
+33458005730,20200820174138,8,+33556512413,transfert,20200820,174138,18807802248
+33458005730,20200820174232,0,+33556512413,transfert,20200820,174232,18807805770
+33458005730,20200821091158,14,+33476681768,transfert,20200821,091158,18808500756
+33458005730,20200821091415,761,+33476681768,transfert,20200821,091415,18808594294
+33458005730,20200821095136,7,+33556512413,transfert,20200821,095136,18808772131
+33458005730,20200821095234,4,+33556512413,transfert,20200821,095234,18808776354
+33458005730,20200821095321,4,+33556512413,transfert,20200821,095321,18808784542
+33458005730,20200821095405,5,+33556512413,transfert,20200821,095405,18808787653
+33458005730,20200821095512,4,+33556512413,transfert,20200821,095512,18808797880
+33458005730,20200821095558,6,+33556512413,transfert,20200821,095558,18808803480
+33458005730,20200821100450,211,+33556512413,transfert,20200821,100450,18808898206
+33458005730,20200821145623,4,+33631444094,transfert,20200821,145623,18810580034
+33458005730,20200821145004,478,+33623058242,transfert,20200821,145004,18810588384
+33458005730,20200821145707,305,+33631444094,transfert,20200821,145707,18810617457
+33458005730,20200821150444,40,+33613611343,transfert,20200821,150444,18810640150
+33458005730,20200821150552,112,+33613611343,transfert,20200821,150552,18810653917
+33458005730,20200821150824,322,+33623058242,transfert,20200821,150824,18810698140
+33458005730,20200821151828,237,+41324657010,transfert,20200821,151828,18810760998
+33458005730,20200821152319,10,+33670380135,transfert,20200821,152319,18810767989
+33458005730,20200821154924,13,+33322389353,transfert,20200821,154924,18810948362
+33458005730,20200821165815,6,+33322389353,transfert,20200821,165815,18811356113
+33458005730,20200821171302,1225,+33644720693,transfert,20200821,171302,18811517146
+33458005730,20200824080926,11,+33607303702,transfert,20200824,080926,18814018478
+33458005730,20200824092357,5,+33607303702,transfert,20200824,092357,18814398131
+33458005730,20200824093328,7,+33607303702,transfert,20200824,093328,18814489126
+33458005730,20200824093625,294,+33607303702,transfert,20200824,093625,18814559444
+33458005730,20200824103209,43,+33630513012,transfert,20200824,103209,18815117225
+33458005730,20200824104524,64,+32475452525,transfert,20200824,104524,18815267613
+33458005730,20200824104643,0,+32475452525,transfert,20200824,104643,18815272012
+33458005730,20200824104655,4,+32475452525,transfert,20200824,104655,18815278967
+33458005730,20200824104927,6,+33556512413,transfert,20200824,104927,18815309580
+33458005730,20200824105014,3,+33556512413,transfert,20200824,105014,18815319141
+33458005730,20200824105124,7,+33385842116,transfert,20200824,105124,18815331320
+33458005730,20200824105058,173,+33556512413,transfert,20200824,105058,18815351418
+33458005730,20200824105425,74,+33254745426,transfert,20200824,105425,18815375572
+33458005730,20200824110200,146,+33556512413,transfert,20200824,110200,18815471884
+33458005730,20200824111408,5,+33385842116,transfert,20200824,111408,18815575158
+33458005730,20200824111826,239,+33609857038,transfert,20200824,111826,18815669699
+33458005730,20200824114302,10,+33638043975,transfert,20200824,114302,18815887372
+33458005730,20200824114354,5,+33638043975,transfert,20200824,114354,18815893100
+33458005730,20200824140020,6,+33638043975,transfert,20200824,140020,18816566658
+33458005730,20200824140103,5,+33638043975,transfert,20200824,140103,18816573500
+33458005730,20200824140236,8,+32471266839,transfert,20200824,140236,18816586869
+33458005730,20200824140440,5,+32471266839,transfert,20200824,140440,18816607953
+33458005730,20200824140736,3,+32471266839,transfert,20200824,140736,18816633819
+33458005730,20200824140816,24,+32471266839,transfert,20200824,140816,18816644330
+33458005730,20200824141852,62,+33638043975,transfert,20200824,141852,18816757658
+33458005730,20200824143811,7,+33680365505,transfert,20200824,143811,18816940448
+33458005730,20200824143856,262,+33680365505,transfert,20200824,143856,18816987648
+33458005730,20200824145730,829,+33601013915,transfert,20200824,145730,18817252233
+33458005730,20200824151110,7,+32475452525,transfert,20200824,151110,18817255993
+33458005730,20200824152204,193,+33609857038,transfert,20200824,152204,18817386293
+33458005730,20200824152610,82,+33385842116,transfert,20200824,152610,18817405987
+33458005730,20200824152832,23,+33772247422,transfert,20200824,152832,18817420591
+33458005730,20200824152952,4,+33772247422,transfert,20200824,152952,18817428090
+33458005730,20200824153044,4,+33772247422,transfert,20200824,153044,18817435211
+33458005730,20200824154240,21,+32475452525,transfert,20200824,154240,18817545495
+33458005730,20200824155054,27,+33638043975,transfert,20200824,155054,18817616125
+33458005730,20200824172200,10,+33627262678,transfert,20200824,172200,18818333707
+33458005730,20200824172250,7,+33627262678,transfert,20200824,172250,18818339516
+33458005730,20200824172340,6,+33627262678,transfert,20200824,172340,18818345476
+33458005730,20200824172432,5,+33627262678,transfert,20200824,172432,18818351323
+33458005730,20200824172439,5,+33638043975,transfert,20200824,172439,18818352488
+33458005730,20200824172515,4,+33627262678,transfert,20200824,172515,18818356506
+33458005730,20200824172630,6,+33627262678,transfert,20200824,172630,18818364351
+33458005730,20200824171651,669,+33663995593,transfert,20200824,171651,18818370474
+33458005730,20200824172928,6,+33627262678,transfert,20200824,172928,18818382986
+33458005730,20200824174146,0,+33627262678,transfert,20200824,174146,18818449758
+33458005730,20200824174204,612,+33627262678,transfert,20200824,174204,18818503728
+33458005730,20200825094036,22,+33609763735,transfert,20200825,094036,18819429937
+33458005730,20200825095312,5,+33638043975,transfert,20200825,095312,18819547921
+33458005730,20200825095359,5,+33638043975,transfert,20200825,095359,18819557698
+33458005730,20200825095517,4,+33638043975,transfert,20200825,095517,18819570869
+33458005730,20200825102020,4,+33638043975,transfert,20200825,102020,18819838329
+33458005730,20200825102109,4,+33638043975,transfert,20200825,102109,18819845772
+33458005730,20200825103201,289,+32471266839,transfert,20200825,103201,18820010276
+33458005730,20200825111138,115,+33680365505,transfert,20200825,111138,18820399460
+33458005730,20200825111233,112,+33620155260,transfert,20200825,111233,18820404257
+33458005730,20200825112104,40,+33658142959,transfert,20200825,112104,18820481044
+33458005730,20200825112002,148,+33638043975,transfert,20200825,112002,18820490139
+33458005730,20200825112309,168,+33638043975,transfert,20200825,112309,18820523245
+33458005730,20200825114715,12,+33664842295,transfert,20200825,114715,18820749773
+33458005730,20200825140433,10,+33603385650,transfert,20200825,140433,18821401367
+33458005730,20200825140522,10,+33603385650,transfert,20200825,140522,18821407392
+33458005730,20200825144458,76,+33621108133,transfert,20200825,144458,18821799797
+33458005730,20200825144835,9,+33621108133,transfert,20200825,144835,18821827140
+33458005730,20200825145639,7,+33754326506,transfert,20200825,145639,18821900507
+33458005730,20200825145730,6,+33754326506,transfert,20200825,145730,18821909875
+33458005730,20200825145815,4,+33754326506,transfert,20200825,145815,18821915726
+33458005730,20200825145858,3,+33754326506,transfert,20200825,145858,18821923682
+33458005730,20200825150958,14,+33754326506,transfert,20200825,150958,18822025417
+33458005730,20200825151050,4,+33754326506,transfert,20200825,151050,18822030232
+33458005730,20200825150827,241,+33621108133,transfert,20200825,150827,18822044734
+33458005730,20200825151837,4,+33627262678,transfert,20200825,151837,18822104095
+33458005730,20200825151920,6,+33627262678,transfert,20200825,151920,18822109051
+33458005730,20200825152004,7,+33627262678,transfert,20200825,152004,18822115091
+33458005730,20200825152048,7,+33627262678,transfert,20200825,152048,18822121223
+33458005730,20200825152133,5,+33627262678,transfert,20200825,152133,18822129879
+33458005730,20200825152216,4,+33627262678,transfert,20200825,152216,18822133507
+33458005730,20200825152257,4,+33627262678,transfert,20200825,152257,18822141602
+33458005730,20200825152341,3,+33627262678,transfert,20200825,152341,18822146294
+33458005730,20200825152530,11,+33754326506,transfert,20200825,152530,18822166028
+33458005730,20200825152423,109,+33627262678,transfert,20200825,152423,18822168149
+33458005730,20200825152618,24,+33754326506,transfert,20200825,152618,18822174572
+33458005730,20200825153441,462,+33670380135,transfert,20200825,153441,18822309711
+33458005730,20200825165136,13,+32475452525,transfert,20200825,165136,18822896852
+33458005730,20200825170529,478,+33609857038,transfert,20200825,170529,18823053567
+33458005730,20200825175645,114,+33781771928,transfert,20200825,175645,18823314654
+33458005730,20200826101937,76,+31880045000,transfert,20200826,101937,18824576170
+33458005730,20200826102247,209,+33658142959,transfert,20200826,102247,18824633429
+33458005730,20200826102812,149,+31880045000,transfert,20200826,102812,18824676319
+33458005730,20200826110814,50,+33658142959,transfert,20200826,110814,18825064761
+33458005730,20200826142103,0,+33632457265,transfert,20200826,142103,18826199530
+33458005730,20200826142511,138,+41919600101,transfert,20200826,142511,18826253540
+33458005730,20200826142820,4,+32471266839,transfert,20200826,142820,18826262944
+33458005730,20200826144751,14,+33241612461,transfert,20200826,144751,18826422080
+33458005730,20200826143332,886,+32471266839,transfert,20200826,143332,18826424387
+33458005730,20200826145233,9,+32491515162,transfert,20200826,145233,18826457855
+33458005730,20200826145051,164,+33241612461,transfert,20200826,145051,18826462110
+33458005730,20200826152501,14,+33686209242,transfert,20200826,152501,18826738979
+33458005730,20200826152600,5,+33686209242,transfert,20200826,152600,18826745534
+33458005730,20200826152646,8,+33686209242,transfert,20200826,152646,18826750905
+33458005730,20200826153127,7,+33686209242,transfert,20200826,153127,18826790863
+33458005730,20200826161201,66,+33658142959,transfert,20200826,161201,18827125366
+33458005730,20200826162428,100,+966595466635,transfert,20200826,162428,18827225732
+33458005730,20200826162746,11,+33621108133,transfert,20200826,162746,18827243253
+33458005730,20200826164833,91,+33658142959,transfert,20200826,164833,18827402421
+33458005730,20200826165820,15,+33686184892,transfert,20200826,165820,18827464582
+33458005730,20200826165957,5,+33621108133,transfert,20200826,165957,18827474072
+33458005730,20200827082720,6,+33251797721,transfert,20200827,082720,18828281119
+33458005730,20200827084008,6,+33767687702,transfert,20200827,084008,18828314055
+33458005730,20200827084454,12,+33235525600,transfert,20200827,084454,18828328522
+33458005730,20200827084700,4,+33235525600,transfert,20200827,084700,18828333178
+33458005730,20200827085914,31,+41919600101,transfert,20200827,085914,18828373420
+33458005730,20200827090144,9,+33767687702,transfert,20200827,090144,18828387440
+33458005730,20200827090304,11,+33675890059,transfert,20200827,090304,18828396127
+33458005730,20200827091152,654,+33251797721,transfert,20200827,091152,18828534736
+33458005730,20200827092037,186,+33658898832,transfert,20200827,092037,18828542772
+33458005730,20200827092350,305,+41919600101,transfert,20200827,092350,18828581237
+33458005730,20200827093244,1,+33235525600,transfert,20200827,093244,18828614585
+33458005730,20200827103304,194,+33621108133,transfert,20200827,103304,18829195524
+33458005730,20200827103837,108,+33478881427,transfert,20200827,103837,18829237921
+33458005730,20200827105857,9,+33618905573,transfert,20200827,105857,18829417522
+33458005730,20200827105946,309,+33618905573,transfert,20200827,105946,18829473288
+33458005730,20200827111745,7,+33686184892,transfert,20200827,111745,18829593593
+33458005730,20200827111831,460,+33686184892,transfert,20200827,111831,18829671327
+33458005730,20200827113725,10,+41796233904,transfert,20200827,113725,18829783376
+33458005730,20200827113821,0,+41796233904,transfert,20200827,113821,18829788663
+33458005730,20200827114315,357,+33767687702,transfert,20200827,114315,18829886912
+33458005730,20200827114859,5,+33609857038,transfert,20200827,114859,18829888915
+33458005730,20200827115522,11,+33651689373,transfert,20200827,115522,18829948835
+33458005730,20200827140254,12,+33651689373,transfert,20200827,140254,18830506857
+33458005730,20200827140455,10,+33651689373,transfert,20200827,140455,18830525518
+33458005730,20200827140544,6,+33651689373,transfert,20200827,140544,18830532942
+33458005730,20200827140434,111,+33251797721,transfert,20200827,140434,18830535465
+33458005730,20200827145602,4,+33651689373,transfert,20200827,145602,18830975756
+33458005730,20200827151646,173,+32491515162,transfert,20200827,151646,18831181625
+33458005730,20200827153133,286,+33616021813,transfert,20200827,153133,18831324768
+33458005730,20200827154029,0,+33673472122,transfert,20200827,154029,18831360288
+33458005730,20200827155159,247,+33673472122,transfert,20200827,155159,18831491481
+33458005730,20200827160531,425,+33616021813,transfert,20200827,160531,18831628630
+33458005730,20200827163542,323,+33609857038,transfert,20200827,163542,18831856335
+33458005730,20200827170014,54,+33616021813,transfert,20200827,170014,18832033095
+33458005730,20200827170103,338,+33603435324,transfert,20200827,170103,18832068939
+33458005730,20200827171724,5,+33616021813,transfert,20200827,171724,18832133495
+33458005730,20200827171801,4,+33616021813,transfert,20200827,171801,18832138082
+33458005730,20200827172045,24,+4522916480,transfert,20200827,172045,18832155815
+33458005730,20200827172120,219,+33616021813,transfert,20200827,172120,18832179100
+33458005730,20200827172505,791,+4522916480,transfert,20200827,172505,18832253275
+33458005730,20200827173111,601,+33608106241,transfert,20200827,173111,18832267904
+33458005730,20200828092923,47,+33609763735,transfert,20200828,092923,18833094151
+33458005730,20200828093132,56,+41919600101,transfert,20200828,093132,18833113201
+33458005730,20200828102620,13,+33770608060,transfert,20200828,102620,18833592454
+33458005730,20200828110944,295,+33675890059,transfert,20200828,110944,18834069482
+33458005730,20200828113516,6,+33622712457,transfert,20200828,113516,18834276615
+33458005730,20200828113843,6,+33254745426,transfert,20200828,113843,18834312493
+33458005730,20200828113611,591,+33622712457,transfert,20200828,113611,18834378295
+33458005730,20200828115455,5,+33636370566,transfert,20200828,115455,18834462697
+33458005730,20200828115540,5,+33636370566,transfert,20200828,115540,18834466763
+33458005730,20200828115622,4,+33636370566,transfert,20200828,115622,18834471980
+33458005730,20200828115703,3,+33636370566,transfert,20200828,115703,18834478620
+33458005730,20200828115741,4,+33636370566,transfert,20200828,115741,18834483439
+33458005730,20200828115824,6,+33636370566,transfert,20200828,115824,18834491797
+33458005730,20200828115910,5,+33636370566,transfert,20200828,115910,18834495634
+33458005730,20200828115951,20,+33636370566,transfert,20200828,115951,18834501650
+33458005730,20200828143449,139,+33666304317,transfert,20200828,143449,18835297606
+33458005730,20200828144140,9,+33621108133,transfert,20200828,144140,18835341826
+33458005730,20200828145501,9,+33682599061,transfert,20200828,145501,18835457468
+33458005730,20200828153323,3,+33621108133,transfert,20200828,153323,18835775469
+33458005730,20200828153944,6,+33627262678,transfert,20200828,153944,18835828305
+33458005730,20200828154029,4,+33627262678,transfert,20200828,154029,18835832353
+33458005730,20200828154111,4,+33627262678,transfert,20200828,154111,18835837839
+33458005730,20200828154152,4,+33627262678,transfert,20200828,154152,18835844245
+33458005730,20200828154236,230,+33627262678,transfert,20200828,154236,18835877728
+33458005730,20200828161017,14,+33673472122,transfert,20200828,161017,18836069322
+33458005730,20200828163320,10,+33680616588,transfert,20200828,163320,18836236497
+33458005730,20200828163622,5,+33680616588,transfert,20200828,163622,18836255314
+33458005730,20200828161103,1645,+33673472122,transfert,20200828,161103,18836268090
+33458005730,20200828164123,14,+33623421310,transfert,20200828,164123,18836291552
+33458005730,20200828164326,4,+33623421310,transfert,20200828,164326,18836304306
+33458005730,20200828165732,7,+33621108133,transfert,20200828,165732,18836396400
+33458005730,20200831080840,10,+33651689373,transfert,20200831,080840,18838935602
+33458005730,20200831083431,3,+32471266839,transfert,20200831,083431,18839005452
+33458005730,20200831083601,3,+32471266839,transfert,20200831,083601,18839011118
+33458005730,20200831091300,13,+33238700026,transfert,20200831,091300,18839242862
+33458005730,20200831093605,13,+33623421310,transfert,20200831,093605,18839476351
+33458005730,20200831094607,5,+33651521445,transfert,20200831,094607,18839578917
+33458005730,20200831094825,5,+33651521445,transfert,20200831,094825,18839601476
+33458005730,20200831094914,3,+33651521445,transfert,20200831,094914,18839613792
+33458005730,20200831101049,2,+32471266839,transfert,20200831,101049,18839852408
+33458005730,20200831103619,7,+33645015395,transfert,20200831,103619,18840154594
+33458005730,20200831103534,188,+33613191229,transfert,20200831,103534,18840177796
+33458005730,20200831105837,20,+4976215107607,transfert,20200831,105837,18840418571
+33458005730,20200831105814,198,+33686209242,transfert,20200831,105814,18840446788
+33458005730,20200831110608,57,+33651764818,transfert,20200831,110608,18840505972
+33458005730,20200831111043,259,+33645015395,transfert,20200831,111043,18840605340
+33458005730,20200831113737,10,+33231357259,transfert,20200831,113737,18840869022
+33458005730,20200831115335,4,+33627262678,transfert,20200831,115335,18841040007
+33458005730,20200831115430,6,+33627262678,transfert,20200831,115430,18841048851
+33458005730,20200831140412,5,+32471266839,transfert,20200831,140412,18841709964
+33458005730,20200831145710,182,+33231357259,transfert,20200831,145710,18842308580
+33458005730,20200831150050,91,+33674711762,transfert,20200831,150050,18842331198
+33458005730,20200831150827,15,+33674711762,transfert,20200831,150827,18842405190
+33458005730,20200831151310,173,+33674711762,transfert,20200831,151310,18842479742
+33458005730,20200831163856,162,+33519762294,transfert,20200831,163856,18843303437
+33458005730,20200831164122,5,+32471266839,transfert,20200831,164122,18843306117
+33458005730,20200831164425,10,+33238700026,transfert,20200831,164425,18843334118
+33458005730,20200831171424,5,+33615155959,transfert,20200831,171424,18843570629
+33458005730,20200831171531,102,+33615155959,transfert,20200831,171531,18843590086
+33458001861,20200814142642,69,+33476844790,transfert,20200814,142642,18787636803
+33458001861,20200817114411,29,+33476960350,incoming,20200817,114411,18793012388
+33458001861,20200827100613,22,+33456141963,incoming,20200827,100613,18828909952
+33458001861,20200831161924,0,+33609061958,miss,20200831,161924,18843110493