phoneLine,datetime,duration,callingNumber,nature,date,time,idkey
+33458005730,20190131182751,11,+33662417762,transfert,20190131,182751,15826212032
+33458005730,20190131174938,86,+33662417762,transfert,20190131,174938,15826052917
+33458005730,20190131174830,57,+33673075997,transfert,20190131,174830,15826043676
+33458005730,20190131172501,445,+33629752313,transfert,20190131,172501,15825932405
+33458005730,20190131170606,1004,+33616742583,transfert,20190131,170606,15825861241
+33458005730,20190131171919,7,+33662417762,transfert,20190131,171919,15825836784
+33458005730,20190131170927,12,+33629752313,transfert,20190131,170927,15825770380
+33458005730,20190131170834,6,+33629752313,transfert,20190131,170834,15825764508
+33458005730,20190131165125,378,+33629752313,transfert,20190131,165125,15825686050
+33458005730,20190131165439,21,+33666755659,transfert,20190131,165439,15825666359
+33458005730,20190131154500,12,+352621797979,transfert,20190131,154500,15825040562
+33458005730,20190131150812,631,+33662417762,transfert,20190131,150812,15824798555
+33458005730,20190131141607,314,+33235529394,transfert,20190131,141607,15824280423
+33458005730,20190131120043,115,+33952026925,transfert,20190131,120043,15823594146
+33458005730,20190131115943,9,+33952026925,transfert,20190131,115943,15823576582
+33458005730,20190131114714,481,+33681541196,transfert,20190131,114714,15823537515
+33458005730,20190131114549,40,+33662417762,transfert,20190131,114549,15823459790
+33458005730,20190131114316,60,+491755744217,transfert,20190131,114316,15823440170
+33458005730,20190131114003,207,+33662417762,transfert,20190131,114003,15823432850
+33458005730,20190131114235,3,+491755744217,transfert,20190131,114235,15823426815
+33458005730,20190131113453,66,+33602475303,transfert,20190131,113453,15823358541
+33458005730,20190131113204,60,+33661568014,transfert,20190131,113204,15823332985
+33458005730,20190131113127,12,+33661568014,transfert,20190131,113127,15823320167
+33458005730,20190131113113,13,+33662417762,transfert,20190131,113113,15823319615
+33458005730,20190131112713,247,+491755744217,transfert,20190131,112713,15823319291
+33458005730,20190131112825,58,+33681541196,transfert,20190131,112825,15823297397
+33458005730,20190131112152,331,+33134133933,transfert,20190131,112152,15823279109
+33458005730,20190131112628,3,+491755744217,transfert,20190131,112628,15823273407
+33458005730,20190131102201,596,+491755744217,transfert,20190131,102201,15822746115
+33458005730,20190131091628,131,+33164727800,transfert,20190131,091628,15822062228
+33458005730,20190130161232,58,+33358931697,transfert,20190130,161232,15819152255
+33458005730,20190130161039,87,+33952026925,transfert,20190130,161039,15819138391
+33458005730,20190130160939,5,+33952026925,transfert,20190130,160939,15819121617
+33458005730,20190130145839,317,+33666973566,transfert,20190130,145839,15818536918
+33458005730,20190130144227,344,+33603827717,transfert,20190130,144227,15818399825
+33458005730,20190130141013,28,+33603827717,transfert,20190130,141013,15818065950
+33458005730,20190130134332,114,+33662417762,transfert,20190130,134332,15817896098
+33458005730,20190130122925,4,+33782210622,transfert,20190130,122925,15817607493
+33458005730,20190130122801,43,+33782210622,transfert,20190130,122801,15817604080
+33458005730,20190130104430,578,+33388180885,transfert,20190130,104430,15816841403
+33458005730,20190130091249,1437,+33681878470,transfert,20190130,091249,15816159176
+33458005730,20190129170450,4,+33681264060,transfert,20190129,170450,15813329073
+33458005730,20190129165945,4,+33681264060,transfert,20190129,165945,15813286433
+33458005730,20190129165743,13,+33681264060,transfert,20190129,165743,15813267478
+33458005730,20190129162657,182,+33545685100,transfert,20190129,162657,15813018677
+33458005730,20190129161249,272,+33662417762,transfert,20190129,161249,15812905611
+33458005730,20190129161447,12,+33545685100,transfert,20190129,161447,15812883587
+33458005730,20190129161352,5,+33545685100,transfert,20190129,161352,15812873046
+33458005730,20190129160913,13,+33545685100,transfert,20190129,160913,15812823327
+33458005730,20190129160406,9,+33662417762,transfert,20190129,160406,15812774756
+33458005730,20190129160201,4,+33662417762,transfert,20190129,160201,15812751411
+33458005730,20190129160043,5,+33662417762,transfert,20190129,160043,15812739134
+33458005730,20190129153633,466,+33235529559,transfert,20190129,153633,15812583463
+33458005730,20190129152348,634,+33155123960,transfert,20190129,152348,15812497274
+33458005730,20190129142640,1204,+33476824067,transfert,20190129,142640,15812072652
+33458005730,20190129143632,37,+33650598919,transfert,20190129,143632,15811987170
+33458005730,20190129140737,5,+33476824067,transfert,20190129,140737,15811739654
+33458005730,20190129113355,326,+33680012144,transfert,20190129,113355,15810942434
+33458005730,20190129110109,187,+33611174432,transfert,20190129,110109,15810606338
+33458005730,20190129093333,11,+33688509146,transfert,20190129,093333,15809755606
+33458005730,20190128164729,587,+33344663029,transfert,20190128,164729,15807025738
+33458005730,20190128165450,95,+33688509146,transfert,20190128,165450,15807019244
+33458005730,20190128163933,522,+33662417762,transfert,20190128,163933,15806947326
+33458005730,20190128164625,8,+33344663029,transfert,20190128,164625,15806932955
+33458005730,20190128162954,0,+33662417762,transfert,20190128,162954,15806781103
+33458005730,20190128161946,207,+33603827717,transfert,20190128,161946,15806722982
+33458005730,20190128154200,75,+33688509146,transfert,20190128,154200,15806351813
+33458005730,20190128143915,485,+33682442395,transfert,20190128,143915,15805848132
+33458005730,20190128144226,61,+33666973566,transfert,20190128,144226,15805815322
+33458005730,20190128142027,164,+33673460704,transfert,20190128,142027,15805633558
+33458005730,20190128141457,157,+33673460704,transfert,20190128,141457,15805581268
+33458005730,20190128115902,96,+332037,transfert,20190128,115902,15804765522
+33458005730,20190128114705,374,+33666973566,transfert,20190128,114705,15804718554
+33458005730,20190128113224,582,anonymous,transfert,20190128,113224,15804611043
+33458005730,20190128112656,80,anonymous,transfert,20190128,112656,15804484765
+33458005730,20190128112200,265,+393331677703,transfert,20190128,112200,15804469888
+33458005730,20190128112450,4,anonymous,transfert,20190128,112450,15804455910
+33458005730,20190128112357,13,anonymous,transfert,20190128,112357,15804452276
+33458005730,20190128100915,28,+33616315110,transfert,20190128,100915,15803708754
+33458005730,20190126131551,46,+212661066662,transfert,20190126,131551,15796738199
+33458005730,20190125171452,534,+33666973566,transfert,20190125,171452,15793618940
+33458005730,20190125171208,77,+33666973566,transfert,20190125,171208,15793559877
+33458005730,20190125170053,5,+33630563947,transfert,20190125,170053,15793481802
+33458005730,20190125163211,50,+41213458031,transfert,20190125,163211,15793265913
+33458005730,20190125155735,363,+33177726610,transfert,20190125,155735,15793013340
+33458005730,20190125154342,208,+33603827717,transfert,20190125,154342,15792875203
+33458005730,20190125151553,923,+33660980186,transfert,20190125,151553,15792743202
+33458005730,20190125152138,136,+33672892028,transfert,20190125,152138,15792684336
+33458005730,20190125152048,7,+33672892028,transfert,20190125,152048,15792661540
+33458005730,20190125140000,695,+491755744217,transfert,20190125,140000,15792057403
+33458005730,20190125135905,21,+491755744217,transfert,20190125,135905,15791952236
+33458005730,20190125123537,11,+491755744217,transfert,20190125,123537,15791636671
+33458005730,20190125123437,10,+491755744217,transfert,20190125,123437,15791632614
+33458005730,20190125112853,4,+33666973566,transfert,20190125,112853,15791160413
+33458005730,20190125111448,253,+33666973566,transfert,20190125,111448,15791071631
+33458005730,20190125111605,60,+33688026645,transfert,20190125,111605,15791048884
+33458005730,20190125111519,7,+33688026645,transfert,20190125,111519,15791039746
+33458005730,20190125110952,201,+33549348936,transfert,20190125,110952,15791014456
+33458005730,20190125111232,4,+33666973566,transfert,20190125,111232,15791014260
+33458005730,20190125111011,10,+491755744217,transfert,20190125,111011,15790994529
+33458005730,20190125110055,12,+33666973566,transfert,20190125,110055,15790906941
+33458005730,20190125105410,12,+33545685100,transfert,20190125,105410,15790845117
+33458005730,20190125103316,5,+33666973566,transfert,20190125,103316,15790632093
+33458005730,20190124182715,5,+33666973566,transfert,20190124,182715,15788170923
+33458005730,20190124172734,498,+32474216283,transfert,20190124,172734,15787870892
+33458005730,20190124164953,1652,+33387750909,transfert,20190124,164953,15787741806
+33458005730,20190124171344,0,+33344663029,transfert,20190124,171344,15787716421
+33458005730,20190124162102,226,anonymous,transfert,20190124,162102,15787271663
+33458005730,20190124161008,223,+33777840647,transfert,20190124,161008,15787175877
+33458005730,20190124153800,771,+33467274907,transfert,20190124,153800,15786967018
+33458005730,20190124153249,141,+33494089800,transfert,20190124,153249,15786828907
+33458005730,20190124152337,396,+33494089800,transfert,20190124,152337,15786786154
+33458005730,20190124145543,673,+33951112402,transfert,20190124,145543,15786596225
+33458005730,20190124141254,0,+33611729232,transfert,20190124,141254,15786106954
+33458005730,20190124135509,58,+33620465637,transfert,20190124,135509,15785982811
+33458005730,20190124135455,0,+33650598919,transfert,20190124,135455,15785976092
+33458005730,20190124135059,3,+33620465637,transfert,20190124,135059,15785958693
+33458005730,20190124084901,14,+33777840647,transfert,20190124,084901,15783639897
+33458005730,20190123181647,12,+33611174432,transfert,20190123,181647,15781587011
+33458005730,20190123174630,14,+33660037122,transfert,20190123,174630,15781413408
+33458005730,20190123164844,21,+33660037122,transfert,20190123,164844,15780967993
+33458005730,20190123163811,398,+33680573866,transfert,20190123,163811,15780931631
+33458005730,20190123151518,362,+33613611343,transfert,20190123,151518,15780184314
+33458005730,20190123143524,5,+33476512223,transfert,20190123,143524,15779753040
+33458005730,20190123142901,6,+33155123960,transfert,20190123,142901,15779689055
+33458005730,20190123140851,13,+33155123960,transfert,20190123,140851,15779496183
+33458005730,20190123140632,89,+33611174432,transfert,20190123,140632,15779484527
+33458005730,20190123140555,2,+33611174432,transfert,20190123,140555,15779468308
+33458005730,20190123140252,12,+33611174432,transfert,20190123,140252,15779438483
+33458005730,20190123140202,17,+33611174432,transfert,20190123,140202,15779433481
+33458005730,20190123120929,46,+33607559403,transfert,20190123,120929,15778840852
+33458005730,20190123112234,32,+33660037122,transfert,20190123,112234,15778424019
+33458005730,20190123111144,632,+33652625195,transfert,20190123,111144,15778416344
+33458005730,20190123110451,355,+33241679568,transfert,20190123,110451,15778301445
+33458005730,20190123101612,83,+33607426837,transfert,20190123,101612,15777758098
+33458005730,20190123095432,215,+33652130669,transfert,20190123,095432,15777543100
+33458005730,20190123093810,262,+33688026645,transfert,20190123,093810,15777382993
+33458005730,20190123092644,594,+33549348936,transfert,20190123,092644,15777327140
+33458005730,20190122164224,12,+33633963065,transfert,20190122,164224,15774170912
+33458005730,20190122163555,13,+33620465637,transfert,20190122,163555,15774111978
+33458005730,20190122163408,5,+33660037122,transfert,20190122,163408,15774099467
+33458005730,20190122161655,21,+33494089935,transfert,20190122,161655,15773928894
+33458005730,20190122161546,11,+33494089935,transfert,20190122,161546,15773914346
+33458005730,20190122161435,14,+33494089935,transfert,20190122,161435,15773902454
+33458005730,20190122154422,4,+33761607765,transfert,20190122,154422,15773615942
+33458005730,20190122152815,10,+33761607765,transfert,20190122,152815,15773465164
+33458005730,20190122122554,57,+33761274463,transfert,20190122,122554,15772227912
+33458005730,20190122103347,859,+33666973566,transfert,20190122,103347,15771316042
+33458005730,20190122103149,7,+33666973566,transfert,20190122,103149,15771150658
+33458005730,20190121180155,606,+33611174432,transfert,20190121,180155,15768404509
+33458005730,20190121175823,218,+33666973566,transfert,20190121,175823,15768359691
+33458005730,20190121171508,479,+33613100765,transfert,20190121,171508,15768130957
+33458005730,20190121171338,435,+33611174432,transfert,20190121,171338,15768113669
+33458005730,20190121171227,7,+33613100765,transfert,20190121,171227,15768051705
+33458005730,20190121170304,91,+33389327494,transfert,20190121,170304,15767983660
+33458005730,20190121165125,165,+590690290862,transfert,20190121,165125,15767896437
+33458005730,20190121160645,47,anonymous,transfert,20190121,160645,15767472959
+33458005730,20190121154222,870,+33607559403,transfert,20190121,154222,15767369532
+33458005730,20190121152955,1300,+33625646044,transfert,20190121,152955,15767313204
+33458005730,20190121154743,5,anonymous,transfert,20190121,154743,15767281769
+33458005730,20190121154238,5,+33549348936,transfert,20190121,154238,15767233308
+33458005730,20190121153518,7,+33549348936,transfert,20190121,153518,15767168078
+33458005730,20190121152637,8,+33549348936,transfert,20190121,152637,15767086114
+33458005730,20190121144157,3,anonymous,transfert,20190121,144157,15766666637
+33458005730,20190121143919,13,+41792505008,transfert,20190121,143919,15766642910
+33458005730,20190121142845,106,anonymous,transfert,20190121,142845,15766547922
+33458005730,20190121141504,99,+41792505008,transfert,20190121,141504,15766416410
+33458005730,20190121124916,10,+590690290862,transfert,20190121,124916,15765927681
+33458005730,20190121121413,34,+33607559403,transfert,20190121,121413,15765764728
+33458005730,20190121115626,4,+33467068029,transfert,20190121,115626,15765635454
+33458005730,20190121115631,11,+33761274463,transfert,20190121,115631,15765634079
+33458005730,20190121114516,641,+33673195931,transfert,20190121,114516,15765626521
+33458005730,20190121114210,68,+41792505008,transfert,20190121,114210,15765503833
+33458005730,20190121112952,620,anonymous,transfert,20190121,112952,15765472775
+33458005730,20190121113423,83,+33616315110,transfert,20190121,113423,15765433796
+33458005730,20190121113159,48,+33476234331,transfert,20190121,113159,15765404712
+33458005730,20190121112822,50,+33761274463,transfert,20190121,112822,15765371524
+33458005730,20190121110819,276,+33389423108,transfert,20190121,110819,15765208352
+33458005730,20190119101630,19,+33673195931,transfert,20190119,101630,15756886114
+33458005730,20190118170255,332,+33607559403,transfert,20190118,170255,15753997559
+33458005730,20190118163055,266,+33607457078,transfert,20190118,163055,15753731695
+33458005730,20190118161525,274,+33607559403,transfert,20190118,161525,15753610200
+33458005730,20190118151249,491,+33688765823,transfert,20190118,151249,15753136419
+33458005730,20190118151104,72,+33688765823,transfert,20190118,151104,15753069836
+33458005730,20190118145620,142,+33620465637,transfert,20190118,145620,15752951021
+33458005730,20190118145212,251,+33607559403,transfert,20190118,145212,15752928696
+33458005730,20190118145514,20,+33620465637,transfert,20190118,145514,15752923841
+33458005730,20190118142313,271,+33344878486,transfert,20190118,142313,15752675532
+33458005730,20190118142528,4,+33688765823,transfert,20190118,142528,15752659035
+33458005730,20190118142406,11,+33688765823,transfert,20190118,142406,15752645873
+33458005730,20190118141715,228,+33677119711,transfert,20190118,141715,15752614263
+33458005730,20190118130644,84,+33607559403,transfert,20190118,130644,15752237714
+33458005730,20190118130431,13,+33620465637,transfert,20190118,130431,15752227168
+33458005730,20190118102531,379,+41792505008,transfert,20190118,102531,15751105819
+33458005730,20190118102640,11,+212661380143,transfert,20190118,102640,15751056989
+33458005730,20190118101949,36,+212661380143,transfert,20190118,101949,15750994750
+33458005730,20190118101031,133,+212661380130,transfert,20190118,101031,15750925428
+33458005730,20190118092652,234,+33660959720,transfert,20190118,092652,15750550488
+33458005730,20190117174240,908,+33633342444,transfert,20190117,174240,15748466763
+33458005730,20190117161649,58,+33607457078,transfert,20190117,161649,15747692890
+33458005730,20190117154050,371,+33607457078,transfert,20190117,154050,15747405224
+33458005730,20190117153527,211,+33761607765,transfert,20190117,153527,15747335802
+33458005730,20190117151041,287,+33247400650,transfert,20190117,151041,15747119366
+33458005730,20190117150334,233,+33688432460,transfert,20190117,150334,15747052663
+33458005730,20190117134518,138,+33613100765,transfert,20190117,134518,15746398474
+33458005730,20190117132534,9,+33613100765,transfert,20190117,132534,15746317497
+33458005730,20190117115536,177,+33613100765,transfert,20190117,115536,15745968723
+33458005730,20190117105348,928,+33686654727,transfert,20190117,105348,15745535904
+33458005730,20190117105357,122,+33658898832,transfert,20190117,105357,15745408253
+33458005730,20190117092852,461,+33761607765,transfert,20190117,092852,15744686077
+33458005730,20190117091052,433,+33385355897,transfert,20190117,091052,15744527321
+33458005730,20190116172203,803,+41788784966,transfert,20190116,172203,15742208546
+33458005730,20190116173054,5,+33951155165,transfert,20190116,173054,15742182545
+33458005730,20190116172652,5,+33951155165,transfert,20190116,172652,15742161366
+33458005730,20190116170636,685,+33614635562,transfert,20190116,170636,15742095360
+33458005730,20190116171523,7,+33559122057,transfert,20190116,171523,15742079877
+33458005730,20190116162244,624,+33648350528,transfert,20190116,162244,15741738612
+33458005730,20190116154115,70,+33660959720,transfert,20190116,154115,15741286878
+33458005730,20190116110148,83,+33963563740,transfert,20190116,110148,15739193535
+33458005730,20190116091352,75,+33633963065,transfert,20190116,091352,15738167531
+33458005730,20190116090550,131,+33673460704,transfert,20190116,090550,15738106668
+33458005730,20190116084733,5,+33673460704,transfert,20190116,084733,15737982230
+33458005730,20190115154444,65,+33607772042,transfert,20190115,154444,15734684843
+33458005730,20190115150206,1406,+33679442085,transfert,20190115,150206,15734502618
+33458005730,20190115151226,139,+33615621185,transfert,20190115,151226,15734385867
+33458005730,20190115144632,232,+33781868224,transfert,20190115,144632,15734151758
+33458005730,20190115142237,1090,+33247361275,transfert,20190115,142237,15734059455
+33458005730,20190115133307,3,+33642572544,transfert,20190115,133307,15733546326
+33458005730,20190115133035,5,+33642572544,transfert,20190115,133035,15733537049
+33458005730,20190115120609,2,+33184234160,transfert,20190115,120609,15733173255
+33458005730,20190115103232,40,+212660107523,transfert,20190115,103232,15732257972
+33458005730,20190115095021,14,+212660107523,transfert,20190115,095021,15731834215
+33458005730,20190115093006,804,+33472350027,transfert,20190115,093006,15731751782
+33458005730,20190115093155,519,+33607826790,transfert,20190115,093155,15731717022
+33458005730,20190115091610,539,+33607826790,transfert,20190115,091610,15731569148
+33458005730,20190115090627,7,+421915427855,transfert,20190115,090627,15731414227
+33458005730,20190115090439,12,+421915427855,transfert,20190115,090439,15731401736
+33458005730,20190115083456,2,+33223211200,transfert,20190115,083456,15731255447
+33458005730,20190114175640,104,+33607457078,transfert,20190114,175640,15729221412
+33458005730,20190114173438,543,+33642572544,transfert,20190114,173438,15729134599
+33458005730,20190114172424,658,+33607457078,transfert,20190114,172424,15729081575
+33458005730,20190114171803,292,+33607457078,transfert,20190114,171803,15728994656
+33458005730,20190114165613,5,+33615621185,transfert,20190114,165613,15728779380
+33458005730,20190114165521,3,+33615621185,transfert,20190114,165521,15728771780
+33458005730,20190114160126,325,+33549348936,transfert,20190114,160126,15728323223
+33458005730,20190114152507,302,+33549348936,transfert,20190114,152507,15727962624
+33458005730,20190114152419,11,+33549348936,transfert,20190114,152419,15727914852
+33458005730,20190114151548,529,+33688453907,transfert,20190114,151548,15727913315
+33458005730,20190114152038,11,+33549348936,transfert,20190114,152038,15727884024
+33458005730,20190114151457,5,+33688453907,transfert,20190114,151457,15727825363
+33458005730,20190114144505,306,+33777840647,transfert,20190114,144505,15727572422
+33458005730,20190114144358,15,+33777840647,transfert,20190114,144358,15727514331
+33458005730,20190114124345,35,+33777840647,transfert,20190114,124345,15726764645
+33458005730,20190114113141,104,+33615621185,transfert,20190114,113141,15726240152
+33458005730,20190114103717,338,+33660959720,transfert,20190114,103717,15725704633
+33458005730,20190114095952,94,+33676559014,transfert,20190114,095952,15725263965
+33458005730,20190111185241,10,+33632730833,transfert,20190111,185241,15715904041
+33458005730,20190111162134,222,+33607457078,transfert,20190111,162134,15715068330
+33458005730,20190111161732,131,+33607457078,transfert,20190111,161732,15715022935
+33458005730,20190111160613,387,+33761274463,transfert,20190111,160613,15714959863
+33458005730,20190111152828,180,+33603827717,transfert,20190111,152828,15714609776
+33458005730,20190111144243,339,+32473708856,transfert,20190111,144243,15714201200
+33458005730,20190111140728,104,+33326050528,transfert,20190111,140728,15713823714
+33458005730,20190111134552,14,+32473708856,transfert,20190111,134552,15713677007
+33458005730,20190111113157,44,+33615621185,transfert,20190111,113157,15712891618
+33458005730,20190111113105,12,+33615621185,transfert,20190111,113105,15712880668
+33458005730,20190111110813,190,+33559929876,transfert,20190111,110813,15712658660
+33458005730,20190111100518,326,+33223211200,transfert,20190111,100518,15712198399
+33458005730,20190111085657,7,+33680170143,transfert,20190111,085657,15711602097
+33458005730,20190111082757,10,+33223211200,transfert,20190111,082757,15711487408
+33458005730,20190110164959,285,+33627475961,transfert,20190110,164959,15709144626
+33458005730,20190110114740,143,+33642572544,transfert,20190110,114740,15706886547
+33458005730,20190110110817,100,+33603827717,transfert,20190110,110817,15706488817
+33458005730,20190110105727,4,+33603827717,transfert,20190110,105727,15706371598
+33458005730,20190110104722,4,+33771073981,transfert,20190110,104722,15706280220
+33458005730,20190110103659,25,+33603827717,transfert,20190110,103659,15706180994
+33458005730,20190110092541,699,+33494974430,transfert,20190110,092541,15705621455
+33458005730,20190109172425,64,+33182885649,transfert,20190109,172425,15703303424
+33458005730,20190109165928,371,anonymous,transfert,20190109,165928,15703149171
+33458005730,20190109164128,1050,+33643105860,transfert,20190109,164128,15703097225
+33458005730,20190109161928,197,+33603827717,transfert,20190109,161928,15702790311
+33458005730,20190109155750,44,+33603827717,transfert,20190109,155750,15702568243
+33458005730,20190109145621,170,+33680914862,transfert,20190109,145621,15702031326
+33458005730,20190109143803,826,+33241867000,transfert,20190109,143803,15701963484
+33458005730,20190109140710,314,+33762121922,transfert,20190109,140710,15701609229
+33458005730,20190109133648,0,+33762121922,transfert,20190109,133648,15701403217
+33458005730,20190109132732,0,+33762121922,transfert,20190109,132732,15701363158
+33458005730,20190109132427,7,+33762121922,transfert,20190109,132427,15701353182
+33458005730,20190109122833,3,+33762121922,transfert,20190109,122833,15701132795
+33458005730,20190109115955,54,+33762121922,transfert,20190109,115955,15700982181
+33458005730,20190109115527,195,+33615621185,transfert,20190109,115527,15700966544
+33458005730,20190109114500,355,+33681374820,transfert,20190109,114500,15700887287
+33458005730,20190109114502,67,+33762121922,transfert,20190109,114502,15700834774
+33458005730,20190109111650,259,+33675128643,transfert,20190109,111650,15700595078
+33458005730,20190109103033,237,+33676559014,transfert,20190109,103033,15700130309
+33458005730,20190109102533,118,+33320258550,transfert,20190109,102533,15700068588
+33458005730,20190109101550,378,+212661196611,transfert,20190109,101550,15700018289
+33458005730,20190108165136,288,+33762121922,transfert,20190108,165136,15696963770
+33458005730,20190108165441,12,+33607826790,transfert,20190108,165441,15696951398
+33458005730,20190108164723,221,+33607826790,transfert,20190108,164723,15696907425
+33458005730,20190108160032,393,+332037,transfert,20190108,160032,15696503255
+33458005730,20190108160111,73,+33762121922,transfert,20190108,160111,15696459886
+33458005730,20190108141100,107,+33972396622,transfert,20190108,141100,15695400389
+33458005730,20190108140033,362,+33650556381,transfert,20190108,140033,15695342939
+33458005730,20190108135041,5,+33650556381,transfert,20190108,135041,15695236013
+33458005730,20190108123523,201,+33240695444,transfert,20190108,123523,15694931326
+33458005730,20190108122643,11,+33972396622,transfert,20190108,122643,15694882474
+33458005730,20190108122116,125,+33240695444,transfert,20190108,122116,15694863846
+33458005730,20190108120834,61,+33240695444,transfert,20190108,120834,15694783549
+33458005730,20190108115828,300,+212660107523,transfert,20190108,115828,15694735686
+33458005730,20190108113359,117,+33615621185,transfert,20190108,113359,15694460214
+33458005730,20190108111656,339,+33549099122,transfert,20190108,111656,15694316630
+33458005730,20190108111812,5,+33640546113,transfert,20190108,111812,15694273702
+33458005730,20190108111534,62,+33326050528,transfert,20190108,111534,15694252639
+33458005730,20190108105430,330,+33164727800,transfert,20190108,105430,15694067836
+33458005730,20190108100937,274,+33389423108,transfert,20190108,100937,15693557223
+33458005730,20190107171444,358,+33607457078,transfert,20190107,171444,15690548942
+33458005730,20190107170548,498,+33673075997,transfert,20190107,170548,15690498846
+33458005730,20190107165649,99,+33762121922,transfert,20190107,165649,15690369596
+33458005730,20190107161706,631,+14158684317,transfert,20190107,161706,15690079665
+33458005730,20190107145901,55,+41799459951,transfert,20190107,145901,15689245490
+33458005730,20190107143305,28,+41799459951,transfert,20190107,143305,15688984848
+33458005730,20190107143226,5,+41799459951,transfert,20190107,143226,15688976007
+33458005730,20190107130811,739,+33686260094,transfert,20190107,130811,15688444886
+33458005730,20190107114819,286,+33777840647,transfert,20190107,114819,15687992030
+33458005730,20190107110417,545,+393331677703,transfert,20190107,110417,15687579448
+33458005730,20190104162223,704,+33626508177,transfert,20190104,162223,15676292065
+33458005730,20190104105529,599,+33963554288,transfert,20190104,105529,15674067748
+33458005730,20190104102730,82,+33623387341,transfert,20190104,102730,15673712055
+33458005730,20190104100704,38,+33676432999,transfert,20190104,100704,15673518700
+33458005730,20190104100611,11,+33676432999,transfert,20190104,100611,15673508041
+33458005730,20190104100310,48,+33617165916,transfert,20190104,100310,15673482330
+33458005730,20190104090416,90,+33951918755,transfert,20190104,090416,15673007737
+33458005730,20190103161740,67,+33160062843,transfert,20190103,161740,15670254936
+33458005730,20190103161748,12,+33951918755,transfert,20190103,161748,15670253644
+33458005730,20190103161405,4,+33651002529,transfert,20190103,161405,15670221707
+33458005730,20190103152544,1114,+33160062843,transfert,20190103,152544,15669965443
+33458005730,20190103151119,467,+33619304118,transfert,20190103,151119,15669769835
+33458005730,20190103104453,642,+33613238103,transfert,20190103,104453,15667959802
+33458005730,20190102152923,595,+33623387341,transfert,20190102,152923,15663412226
+33458005730,20190102102822,357,+33611174432,transfert,20190102,102822,15661081210
+33458005730,20190102095216,180,+41796233904,transfert,20190102,095216,15660697712
+33458005730,20190102094011,278,+33651521445,transfert,20190102,094011,15660602517
+33458005709,20190131174830,57,+33673075997,incoming,20190131,174830,15826043642
+33458005709,20190131165439,21,+33666755659,incoming,20190131,165439,15825666363
+33458005709,20190131154500,12,+352621797979,transfert,20190131,154500,15825040508
+33458005709,20190131120043,115,+33952026925,incoming,20190131,120043,15823594252
+33458005709,20190131114714,481,+33681541196,incoming,20190131,114714,15823537397
+33458005709,20190131114316,60,+491755744217,incoming,20190131,114316,15823440921
+33458005709,20190131113453,66,+33602475303,incoming,20190131,113453,15823358231
+33458005709,20190131113204,60,+33661568014,incoming,20190131,113204,15823332084
+33458005709,20190131112825,58,+33681541196,incoming,20190131,112825,15823296847
+33458005709,20190131112628,3,+491755744217,transfert,20190131,112628,15823272484
+33458005709,20190131102201,596,+491755744217,incoming,20190131,102201,15822746278
+33458005709,20190130161039,87,+33952026925,incoming,20190130,161039,15819138497
+33458005709,20190130145839,317,+33666973566,incoming,20190130,145839,15818536837
+33458005709,20190130144227,344,+33603827717,incoming,20190130,144227,15818399828
+33458005709,20190130141013,28,+33603827717,transfert,20190130,141013,15818065959
+33458005709,20190130122801,43,+33782210622,transfert,20190130,122801,15817604097
+33458005709,20190130104430,578,+33388180885,incoming,20190130,104430,15816846717
+33458005709,20190129170450,4,+33681264060,transfert,20190129,170450,15813329139
+33458005709,20190129165743,13,+33681264060,transfert,20190129,165743,15813267535
+33458005709,20190129162657,182,+33545685100,incoming,20190129,162657,15813018755
+33458005709,20190129161352,5,+33545685100,transfert,20190129,161352,15812872798
+33458005709,20190129160913,13,+33545685100,transfert,20190129,160913,15812823692
+33458005709,20190129153747,393,+33458005707,incoming,20190129,153747,15812584331
+33458005709,20190129153721,7,+33458005707,incoming,20190129,153721,15812525507
+33458005709,20190129143632,37,+33650598919,incoming,20190129,143632,15811987161
+33458005709,20190129113355,326,+33680012144,incoming,20190129,113355,15810941611
+33458005709,20190129110109,187,+33611174432,incoming,20190129,110109,15810606267
+33458005709,20190128164729,587,+33344663029,incoming,20190128,164729,15807025876
+33458005709,20190128161946,207,+33603827717,incoming,20190128,161946,15806722909
+33458005709,20190128144226,61,+33666973566,incoming,20190128,144226,15805814984
+33458005709,20190128142027,164,+33673460704,incoming,20190128,142027,15805633187
+33458005709,20190128141457,157,+33673460704,incoming,20190128,141457,15805581226
+33458005709,20190128114705,374,+33666973566,incoming,20190128,114705,15804696979
+33458005709,20190128113224,582,anonymous,incoming,20190128,113224,15804620392
+33458005709,20190128112731,0,+33458005707,miss,20190128,112731,15804479824
+33458005709,20190128112200,265,+393331677703,incoming,20190128,112200,15804470438
+33458005709,20190128112450,4,anonymous,transfert,20190128,112450,15804455794
+33458005709,20190128112357,13,anonymous,transfert,20190128,112357,15804452099
+33458005709,20190125171452,534,+33666973566,incoming,20190125,171452,15793618951
+33458005709,20190125171208,77,+33666973566,incoming,20190125,171208,15793559334
+33458005709,20190125155735,363,+33177726610,incoming,20190125,155735,15793013346
+33458005709,20190125154343,208,+33603827717,incoming,20190125,154343,15792873482
+33458005709,20190125151553,923,+33660980186,incoming,20190125,151553,15792743282
+33458005709,20190125152048,7,+33672892028,transfert,20190125,152048,15792661509
+33458005709,20190125140000,695,+491755744217,incoming,20190125,140000,15792057388
+33458005709,20190125125315,5,+33388722822,transfert,20190125,125315,15791698369
+33458005709,20190125123537,11,+491755744217,transfert,20190125,123537,15791636645
+33458005709,20190125115701,6,+33388722822,transfert,20190125,115701,15791426685
+33458005709,20190125112626,182,+33688026645,incoming,20190125,112626,15791161855
+33458005709,20190125112853,4,+33666973566,transfert,20190125,112853,15791159482
+33458005709,20190125112758,6,+33675890059,transfert,20190125,112758,15791150571
+33458005709,20190125112721,4,+33675890059,transfert,20190125,112721,15791143752
+33458005709,20190125111448,253,+33666973566,incoming,20190125,111448,15791072071
+33458005709,20190125111519,7,+33688026645,transfert,20190125,111519,15791039851
+33458005709,20190125110952,201,+33549348936,incoming,20190125,110952,15791013692
+33458005709,20190125105049,840,+33675890059,incoming,20190125,105049,15790941258
+33458005709,20190125105410,12,+33545685100,transfert,20190125,105410,15790844525
+33458005709,20190124182943,5,+33247400650,transfert,20190124,182943,15788181827
+33458005709,20190124181921,12,+33613100765,transfert,20190124,181921,15788134889
+33458005709,20190124171344,0,+33344663029,miss,20190124,171344,15787716391
+33458005709,20190124164030,128,+33613100765,incoming,20190124,164030,15787439721
+33458005709,20190124162102,226,anonymous,incoming,20190124,162102,15787274972
+33458005709,20190124161008,223,+33777840647,incoming,20190124,161008,15787176011
+33458005709,20190124153249,141,+33494089800,incoming,20190124,153249,15786828818
+33458005709,20190124152337,396,+33494089800,incoming,20190124,152337,15786786037
+33458005709,20190124145543,673,+33951112402,incoming,20190124,145543,15786596109
+33458005709,20190124141254,0,+33611729232,miss,20190124,141254,15786107055
+33458005709,20190124140511,12,+33613100765,transfert,20190124,140511,15786049080
+33458005709,20190124135509,58,+33620465637,incoming,20190124,135509,15785982668
+33458005709,20190124135059,3,+33620465637,transfert,20190124,135059,15785958567
+33458005709,20190124084901,14,+33777840647,transfert,20190124,084901,15783639660
+33458005709,20190123181647,12,+33611174432,transfert,20190123,181647,15781587035
+33458005709,20190123174630,14,+33660037122,incoming,20190123,174630,15781413286
+33458005709,20190123164844,21,+33660037122,incoming,20190123,164844,15780967950
+33458005709,20190123163811,398,+33680573866,incoming,20190123,163811,15780931558
+33458005709,20190123151518,362,+33613611343,incoming,20190123,151518,15780184545
+33458005709,20190123140632,89,+33611174432,incoming,20190123,140632,15779484574
+33458005709,20190123140252,12,+33611174432,transfert,20190123,140252,15779438386
+33458005709,20190123120929,46,+33607559403,transfert,20190123,120929,15778840953
+33458005709,20190123112234,32,+33660037122,incoming,20190123,112234,15778424069
+33458005709,20190123111144,632,+33652625195,incoming,20190123,111144,15778415876
+33458005709,20190123110451,355,+33241679568,incoming,20190123,110451,15778301752
+33458005709,20190123101612,83,+33607426837,incoming,20190123,101612,15777759183
+33458005709,20190123095432,215,+33652130669,incoming,20190123,095432,15777542916
+33458005709,20190123093810,262,+33688026645,incoming,20190123,093810,15777382883
+33458005709,20190123092645,594,+33549348936,incoming,20190123,092645,15777323385
+33458005709,20190122170840,178,+33613100765,incoming,20190122,170840,15774439774
+33458005709,20190122170526,149,+33782298799,incoming,20190122,170526,15774405661
+33458005709,20190122170531,4,+33613100765,transfert,20190122,170531,15774391109
+33458005709,20190122170447,12,+33613100765,transfert,20190122,170447,15774386425
+33458005709,20190122165727,9,+33613100765,transfert,20190122,165727,15774318268
+33458005709,20190122164224,12,+33633963065,transfert,20190122,164224,15774170919
+33458005709,20190122163555,13,+33620465637,transfert,20190122,163555,15774112182
+33458005709,20190122161159,502,+33143976716,incoming,20190122,161159,15773956591
+33458005709,20190122161655,21,+33494089935,transfert,20190122,161655,15773928673
+33458005709,20190122161435,14,+33494089935,transfert,20190122,161435,15773902349
+33458005709,20190122161151,0,+33684086723,miss,20190122,161151,15773870703
+33458005709,20190122154422,4,+33761607765,transfert,20190122,154422,15773615829
+33458005709,20190122152815,10,+33761607765,transfert,20190122,152815,15773465187
+33458005709,20190122140539,242,+33675890059,incoming,20190122,140539,15772737586
+33458005709,20190122140448,11,+33675890059,transfert,20190122,140448,15772700409
+33458005709,20190122122554,57,+33761274463,transfert,20190122,122554,15772227878
+33458005709,20190122113409,64,+41792505008,incoming,20190122,113409,15771812439
+33458005709,20190122102110,297,+41792505008,incoming,20190122,102110,15771093873
+33458005709,20190122101843,10,+41792505008,transfert,20190122,101843,15771027046
+33458005709,20190122094325,121,+41792505008,incoming,20190122,094325,15770687259
+33458005709,20190121171508,479,+33613100765,incoming,20190121,171508,15768130847
+33458005709,20190121171227,7,+33613100765,transfert,20190121,171227,15768051655
+33458005709,20190121162758,461,+33688026645,incoming,20190121,162758,15767726827
+33458005709,20190121160645,47,anonymous,incoming,20190121,160645,15767473042
+33458005709,20190121154222,870,+33607559403,incoming,20190121,154222,15767369336
+33458005709,20190121154743,5,anonymous,transfert,20190121,154743,15767282466
+33458005709,20190121152638,8,+33549348936,transfert,20190121,152638,15767084381
+33458005709,20190121144157,3,anonymous,transfert,20190121,144157,15766666736
+33458005709,20190121143919,13,+41792505008,transfert,20190121,143919,15766642838
+33458005709,20190121142845,106,anonymous,incoming,20190121,142845,15766547821
+33458005709,20190121141504,99,+41792505008,incoming,20190121,141504,15766416481
+33458005709,20190121121413,34,+33607559403,transfert,20190121,121413,15765764654
+33458005709,20190121115627,4,+33467068029,transfert,20190121,115627,15765635861
+33458005709,20190121115631,11,+33761274463,transfert,20190121,115631,15765634336
+33458005709,20190121114516,641,+33673195931,incoming,20190121,114516,15765627205
+33458005709,20190121114210,68,+41792505008,incoming,20190121,114210,15765503960
+33458005709,20190121112952,620,anonymous,incoming,20190121,112952,15765472978
+33458005709,20190121112822,50,+33761274463,transfert,20190121,112822,15765371977
+33458005709,20190121110819,276,+33389423108,incoming,20190121,110819,15765207957
+33458005709,20190119101630,19,+33673195931,transfert,20190119,101630,15756886122
+33458005709,20190118170255,332,+33607559403,incoming,20190118,170255,15753997692
+33458005709,20190118163055,266,+33607457078,incoming,20190118,163055,15753731532
+33458005709,20190118161525,274,+33607559403,incoming,20190118,161525,15753610060
+33458005709,20190118151249,491,+33688765823,incoming,20190118,151249,15753136015
+33458005709,20190118151104,72,+33688765823,incoming,20190118,151104,15753069559
+33458005709,20190118145620,142,+33620465637,incoming,20190118,145620,15752950838
+33458005709,20190118145212,251,+33607559403,incoming,20190118,145212,15752928547
+33458005709,20190118145514,20,+33620465637,transfert,20190118,145514,15752923967
+33458005709,20190118142313,271,+33344878486,incoming,20190118,142313,15752675129
+33458005709,20190118142528,4,+33688765823,transfert,20190118,142528,15752658806
+33458005709,20190118142406,11,+33688765823,transfert,20190118,142406,15752645585
+33458005709,20190118141715,228,+33677119711,incoming,20190118,141715,15752614007
+33458005709,20190118130644,84,+33607559403,transfert,20190118,130644,15752237723
+33458005709,20190118130431,13,+33620465637,transfert,20190118,130431,15752227162
+33458005709,20190118102531,379,+41792505008,incoming,20190118,102531,15751105552
+33458005709,20190118092652,234,+33660959720,incoming,20190118,092652,15750550292
+33458005709,20190117161649,58,+33607457078,incoming,20190117,161649,15747692913
+33458005709,20190117154050,371,+33607457078,incoming,20190117,154050,15747405241
+33458005709,20190117153527,211,+33761607765,incoming,20190117,153527,15747335756
+33458005709,20190117134518,138,+33613100765,incoming,20190117,134518,15746398465
+33458005709,20190117132534,9,+33613100765,transfert,20190117,132534,15746317474
+33458005709,20190117115536,177,+33613100765,incoming,20190117,115536,15745968617
+33458005709,20190117105357,122,+33658898832,incoming,20190117,105357,15745408148
+33458005709,20190117092852,461,+33761607765,incoming,20190117,092852,15744685971
+33458005709,20190116164028,114,+33458005707,incoming,20190116,164028,15741822297
+33458005709,20190116164024,0,+33458005707,miss,20190116,164024,15741804812
+33458005709,20190116154115,70,+33660959720,incoming,20190116,154115,15741286632
+33458005709,20190116090550,131,+33673460704,incoming,20190116,090550,15738107242
+33458005709,20190116084733,5,+33673460704,transfert,20190116,084733,15737982239
+33458005709,20190115151226,139,+33615621185,incoming,20190115,151226,15734385971
+33458005709,20190115142238,1090,+33247361275,incoming,20190115,142238,15734058315
+33458005709,20190115140814,556,+33685123326,incoming,20190115,140814,15733820174
+33458005709,20190115135735,66,+33685123326,transfert,20190115,135735,15733659847
+33458005709,20190115133036,5,+33642572544,transfert,20190115,133036,15733537171
+33458005709,20190115115349,146,+33458005707,incoming,20190115,115349,15733092324
+33458005709,20190115115344,0,+33458005707,miss,20190115,115344,15733068243
+33458005709,20190115112522,517,+33607559403,incoming,20190115,112522,15732872585
+33458005709,20190115110158,427,+33675890059,incoming,20190115,110158,15732618518
+33458005709,20190115105210,534,+33685123326,incoming,20190115,105210,15732536954
+33458005709,20190115093155,519,+33607826790,incoming,20190115,093155,15731716948
+33458005709,20190115091610,539,+33607826790,incoming,20190115,091610,15731568867
+33458005709,20190115090627,7,+421915427855,transfert,20190115,090627,15731414255
+33458005709,20190115090439,12,+421915427855,transfert,20190115,090439,15731399953
+33458005709,20190115083456,2,+33223211200,transfert,20190115,083456,15731255544
+33458005709,20190114175640,104,+33607457078,incoming,20190114,175640,15729221455
+33458005709,20190114172424,658,+33607457078,incoming,20190114,172424,15729081491
+33458005709,20190114171803,292,+33607457078,incoming,20190114,171803,15728994581
+33458005709,20190114165614,5,+33615621185,transfert,20190114,165614,15728778700
+33458005709,20190114165521,3,+33615621185,transfert,20190114,165521,15728771725
+33458005709,20190114152419,11,+33549348936,transfert,20190114,152419,15727914695
+33458005709,20190114152038,11,+33549348936,transfert,20190114,152038,15727883585
+33458005709,20190114151457,5,+33688453907,transfert,20190114,151457,15727825210
+33458005709,20190114144505,306,+33777840647,incoming,20190114,144505,15727572411
+33458005709,20190114144358,15,+33777840647,transfert,20190114,144358,15727513723
+33458005709,20190114124345,35,+33777840647,transfert,20190114,124345,15726764689
+33458005709,20190114113141,104,+33615621185,incoming,20190114,113141,15726240216
+33458005709,20190114103717,338,+33660959720,incoming,20190114,103717,15725704569
+33458005709,20190111185241,10,+33632730833,transfert,20190111,185241,15715904063
+33458005709,20190111172242,1,+33241679568,incoming,20190111,172242,15715496103
+33458005709,20190111162134,222,+33607457078,incoming,20190111,162134,15715068463
+33458005709,20190111161732,131,+33607457078,incoming,20190111,161732,15715023094
+33458005709,20190111160613,387,+33761274463,incoming,20190111,160613,15714959814
+33458005709,20190111152828,180,+33603827717,incoming,20190111,152828,15714609730
+33458005709,20190111113157,44,+33615621185,incoming,20190111,113157,15712892187
+33458005709,20190111113105,12,+33615621185,transfert,20190111,113105,15712879917
+33458005709,20190111110813,190,+33559929876,incoming,20190111,110813,15712669855
+33458005709,20190111100518,326,+33223211200,incoming,20190111,100518,15712197906
+33458005709,20190111085657,7,+33680170143,transfert,20190111,085657,15711602104
+33458005709,20190111082757,10,+33223211200,transfert,20190111,082757,15711487409
+33458005709,20190110164959,285,+33627475961,incoming,20190110,164959,15709144753
+33458005709,20190110110817,100,+33603827717,incoming,20190110,110817,15706488776
+33458005709,20190110105727,4,+33603827717,transfert,20190110,105727,15706372000
+33458005709,20190110104722,4,+33771073981,transfert,20190110,104722,15706279871
+33458005709,20190110103659,25,+33603827717,transfert,20190110,103659,15706181089
+33458005709,20190109165928,371,anonymous,incoming,20190109,165928,15703149181
+33458005709,20190109161928,197,+33603827717,incoming,20190109,161928,15702790812
+33458005709,20190109155750,44,+33603827717,transfert,20190109,155750,15702568083
+33458005709,20190109145621,170,+33680914862,incoming,20190109,145621,15702031382
+33458005709,20190109143803,826,+33241867000,incoming,20190109,143803,15701963498
+33458005709,20190109140710,314,+33762121922,incoming,20190109,140710,15701609334
+33458005709,20190109133648,0,+33762121922,miss,20190109,133648,15701403119
+33458005709,20190109132732,0,+33762121922,miss,20190109,132732,15701363176
+33458005709,20190109132427,7,+33762121922,transfert,20190109,132427,15701353181
+33458005709,20190109122833,3,+33762121922,transfert,20190109,122833,15701132800
+33458005709,20190109115955,54,+33762121922,incoming,20190109,115955,15700982242
+33458005709,20190109115527,195,+33615621185,incoming,20190109,115527,15700966596
+33458005709,20190109114502,67,+33762121922,incoming,20190109,114502,15700835283
+33458005709,20190109111650,259,+33675128643,incoming,20190109,111650,15700595195
+33458005709,20190109103033,237,+33676559014,incoming,20190109,103033,15700130476
+33458005709,20190109081946,4,+33675890059,transfert,20190109,081946,15699211428
+33458005709,20190108165136,288,+33762121922,incoming,20190108,165136,15696963646
+33458005709,20190108165441,12,+33607826790,transfert,20190108,165441,15696951631
+33458005709,20190108164723,221,+33607826790,incoming,20190108,164723,15696907738
+33458005709,20190108160111,73,+33762121922,incoming,20190108,160111,15696460334
+33458005709,20190108141100,107,+33972396622,incoming,20190108,141100,15695400461
+33458005709,20190108140033,362,+33650556381,incoming,20190108,140033,15695342967
+33458005709,20190108135041,5,+33650556381,transfert,20190108,135041,15695235992
+33458005709,20190108122643,11,+33972396622,transfert,20190108,122643,15694882471
+33458005709,20190108111812,5,+33640546113,transfert,20190108,111812,15694273898
+33458005709,20190108100937,274,+33389423108,incoming,20190108,100937,15693557289
+33458005709,20190107171444,358,+33607457078,incoming,20190107,171444,15690548753
+33458005709,20190107161706,631,+14158684317,incoming,20190107,161706,15690080292
+33458005709,20190107145901,55,+41799459951,incoming,20190107,145901,15689245618
+33458005709,20190107143305,28,+41799459951,incoming,20190107,143305,15688984687
+33458005709,20190107114819,286,+33777840647,incoming,20190107,114819,15687992552
+33458005709,20190107110430,121,+33675890059,incoming,20190107,110430,15687509089
+33458005709,20190107105924,285,+33675890059,incoming,20190107,105924,15687491072
+33458005709,20190107105347,0,+33675890059,miss,20190107,105347,15687373050
+33458005709,20190104104337,1047,+33458005707,incoming,20190104,104337,15674023725
+33458005709,20190104102730,82,+33623387341,incoming,20190104,102730,15673712244
+33458005709,20190104100725,11,+33458005707,incoming,20190104,100725,15673520716
+33458005709,20190104100632,0,+33458005707,miss,20190104,100632,15673506408
+33458005709,20190104090416,90,+33951918755,incoming,20190104,090416,15673007804
+33458005709,20190103161740,67,+33160062843,incoming,20190103,161740,15670255040
+33458005709,20190103161748,12,+33951918755,transfert,20190103,161748,15670253531
+33458005709,20190103161405,4,+33651002529,transfert,20190103,161405,15670222247
+33458005709,20190103152544,1114,+33160062843,incoming,20190103,152544,15669965645
+33458005709,20190103104453,642,+33613238103,incoming,20190103,104453,15667959744
+33458005709,20190102152923,595,+33623387341,incoming,20190102,152923,15663412348
+33458005709,20190102102822,357,+33611174432,incoming,20190102,102822,15661081689
+33458005709,20190102094011,278,+33651521445,incoming,20190102,094011,15660602579
+33458005707,20190131182751,11,+33662417762,transfert,20190131,182751,15826212021
+33458005707,20190131174938,86,+33662417762,incoming,20190131,174938,15826052939
+33458005707,20190131172501,445,+33629752313,incoming,20190131,172501,15825932347
+33458005707,20190131170606,1004,+33616742583,incoming,20190131,170606,15825861530
+33458005707,20190131171919,7,+33662417762,transfert,20190131,171919,15825836839
+33458005707,20190131170927,12,+33629752313,transfert,20190131,170927,15825770292
+33458005707,20190131170834,6,+33629752313,transfert,20190131,170834,15825764425
+33458005707,20190131165125,378,+33629752313,incoming,20190131,165125,15825686097
+33458005707,20190131150812,631,+33662417762,incoming,20190131,150812,15824798739
+33458005707,20190131141607,314,+33235529394,incoming,20190131,141607,15824280502
+33458005707,20190131115943,9,+33952026925,transfert,20190131,115943,15823576480
+33458005707,20190131114550,40,+33662417762,incoming,20190131,114550,15823457777
+33458005707,20190131114003,207,+33662417762,incoming,20190131,114003,15823433460
+33458005707,20190131114235,3,+491755744217,transfert,20190131,114235,15823427189
+33458005707,20190131113127,12,+33661568014,transfert,20190131,113127,15823320359
+33458005707,20190131112713,247,+491755744217,incoming,20190131,112713,15823319753
+33458005707,20190131113113,13,+33662417762,transfert,20190131,113113,15823319369
+33458005707,20190131113014,7,+33662417762,transfert,20190131,113014,15823309462
+33458005707,20190131112152,331,+33134133933,incoming,20190131,112152,15823279216
+33458005707,20190131091628,131,+33164727800,incoming,20190131,091628,15822061797
+33458005707,20190130161232,58,+33358931697,incoming,20190130,161232,15819152350
+33458005707,20190130160939,5,+33952026925,transfert,20190130,160939,15819121435
+33458005707,20190130140738,40,+33688509146,incoming,20190130,140738,15818045267
+33458005707,20190130134332,114,+33662417762,incoming,20190130,134332,15817896067
+33458005707,20190130122925,4,+33782210622,transfert,20190130,122925,15817607466
+33458005707,20190130091250,1437,+33681878470,incoming,20190130,091250,15816157752
+33458005707,20190129165945,4,+33681264060,transfert,20190129,165945,15813285516
+33458005707,20190129161249,272,+33662417762,incoming,20190129,161249,15812905808
+33458005707,20190129161447,12,+33545685100,transfert,20190129,161447,15812883493
+33458005707,20190129160406,9,+33662417762,transfert,20190129,160406,15812774978
+33458005707,20190129160201,4,+33662417762,transfert,20190129,160201,15812751215
+33458005707,20190129160043,5,+33662417762,transfert,20190129,160043,15812739246
+33458005707,20190129155610,75,+33760660845,incoming,20190129,155610,15812703514
+33458005707,20190129153633,466,+33235529559,incoming,20190129,153633,15812583563
+33458005707,20190129152348,634,+33155123960,incoming,20190129,152348,15812497278
+33458005707,20190129142640,1204,+33476824067,incoming,20190129,142640,15812072992
+33458005707,20190129140737,5,+33476824067,transfert,20190129,140737,15811739900
+33458005707,20190129093333,11,+33688509146,transfert,20190129,093333,15809754966
+33458005707,20190129093233,12,+33688509146,transfert,20190129,093233,15809745263
+33458005707,20190128165450,95,+33688509146,incoming,20190128,165450,15807019201
+33458005707,20190128163933,522,+33662417762,incoming,20190128,163933,15806947393
+33458005707,20190128164625,8,+33344663029,transfert,20190128,164625,15806932673
+33458005707,20190128162954,0,+33662417762,miss,20190128,162954,15806781203
+33458005707,20190128154200,75,+33688509146,incoming,20190128,154200,15806351894
+33458005707,20190128143915,485,+33682442395,incoming,20190128,143915,15805847944
+33458005707,20190128115902,96,+332037,incoming,20190128,115902,15804769243
+33458005707,20190128112656,80,anonymous,incoming,20190128,112656,15804484712
+33458005707,20190128100915,28,+33616315110,incoming,20190128,100915,15803710287
+33458005707,20190126131551,46,+212661066662,transfert,20190126,131551,15796738210
+33458005707,20190125170053,5,+33630563947,transfert,20190125,170053,15793481809
+33458005707,20190125163211,50,+41213458031,transfert,20190125,163211,15793265784
+33458005707,20190125152138,136,+33672892028,incoming,20190125,152138,15792684489
+33458005707,20190125135905,21,+491755744217,incoming,20190125,135905,15791952165
+33458005707,20190125123437,10,+491755744217,transfert,20190125,123437,15791632612
+33458005707,20190125111605,60,+33688026645,incoming,20190125,111605,15791048662
+33458005707,20190125105627,998,+33545685100,incoming,20190125,105627,15791017455
+33458005707,20190125111232,4,+33666973566,transfert,20190125,111232,15791014607
+33458005707,20190125111011,10,+491755744217,transfert,20190125,111011,15790994536
+33458005707,20190125110056,12,+33666973566,transfert,20190125,110056,15790904051
+33458005707,20190125103316,5,+33666973566,transfert,20190125,103316,15790632035
+33458005707,20190125094109,108,+33630481676,incoming,20190125,094109,15790139036
+33458005707,20190124182715,5,+33666973566,transfert,20190124,182715,15788170936
+33458005707,20190124172734,498,+32474216283,incoming,20190124,172734,15787870869
+33458005707,20190124172809,3,+33344663029,transfert,20190124,172809,15787818451
+33458005707,20190124164953,1652,+33387750909,incoming,20190124,164953,15787741974
+33458005707,20190124171414,8,+33344663029,transfert,20190124,171414,15787721147
+33458005707,20190124153800,771,+33467274907,incoming,20190124,153800,15786967159
+33458005707,20190124135455,0,+33650598919,miss,20190124,135455,15785976038
+33458005707,20190123143524,5,+33476512223,transfert,20190123,143524,15779753243
+33458005707,20190123142901,6,+33155123960,transfert,20190123,142901,15779689026
+33458005707,20190123140851,13,+33155123960,transfert,20190123,140851,15779496071
+33458005707,20190123140555,2,+33611174432,transfert,20190123,140555,15779468156
+33458005707,20190123140203,17,+33611174432,transfert,20190123,140203,15779432508
+33458005707,20190122163408,5,+33660037122,transfert,20190122,163408,15774099428
+33458005707,20190122161546,11,+33494089935,transfert,20190122,161546,15773914054
+33458005707,20190122103347,859,+33666973566,incoming,20190122,103347,15771316921
+33458005707,20190122103149,7,+33666973566,transfert,20190122,103149,15771150093
+33458005707,20190121180155,606,+33611174432,incoming,20190121,180155,15768404488
+33458005707,20190121175823,218,+33666973566,incoming,20190121,175823,15768359762
+33458005707,20190121171338,435,+33611174432,incoming,20190121,171338,15768113795
+33458005707,20190121171816,4,+33603827717,transfert,20190121,171816,15768098293
+33458005707,20190121170304,91,+33389327494,incoming,20190121,170304,15767983617
+33458005707,20190121165125,165,+590690290862,incoming,20190121,165125,15767896457
+33458005707,20190121160115,848,+33603827717,incoming,20190121,160115,15767549252
+33458005707,20190121152955,1300,+33625646044,incoming,20190121,152955,15767312870
+33458005707,20190121154238,5,+33549348936,transfert,20190121,154238,15767233048
+33458005707,20190121153518,7,+33549348936,transfert,20190121,153518,15767167920
+33458005707,20190121153015,4,+33603827717,transfert,20190121,153015,15767118595
+33458005707,20190121151621,4,+33603827717,transfert,20190121,151621,15766991858
+33458005707,20190121150929,4,+33603827717,transfert,20190121,150929,15766925489
+33458005707,20190121145438,6,+33603827717,transfert,20190121,145438,15766786260
+33458005707,20190121124916,10,+590690290862,transfert,20190121,124916,15765927672
+33458005707,20190121113423,83,+33616315110,incoming,20190121,113423,15765434269
+33458005707,20190121113159,48,+33476234331,incoming,20190121,113159,15765404478
+33458005707,20190121103820,97,+33676194613,incoming,20190121,103820,15764854513
+33458005707,20190121093410,291,+33603827717,incoming,20190121,093410,15764210873
+33458005707,20190118183930,3,+33603827717,transfert,20190118,183930,15754512873
+33458005707,20190118102640,11,+212661380143,transfert,20190118,102640,15751056818
+33458005707,20190118101949,36,+212661380143,incoming,20190118,101949,15750994513
+33458005707,20190118101031,133,+212661380130,incoming,20190118,101031,15750925382
+33458005707,20190117174240,908,+33633342444,incoming,20190117,174240,15748466829
+33458005707,20190117151041,287,+33247400650,incoming,20190117,151041,15747119012
+33458005707,20190117150334,233,+33688432460,incoming,20190117,150334,15747052929
+33458005707,20190117105348,928,+33686654727,incoming,20190117,105348,15745535841
+33458005707,20190117091052,433,+33385355897,incoming,20190117,091052,15744526797
+33458005707,20190116172203,803,+41788784966,incoming,20190116,172203,15742208592
+33458005707,20190116173054,5,+33951155165,transfert,20190116,173054,15742182502
+33458005707,20190116172652,5,+33951155165,transfert,20190116,172652,15742161325
+33458005707,20190116170636,685,+33614635562,incoming,20190116,170636,15742095387
+33458005707,20190116171523,7,+33559122057,transfert,20190116,171523,15742079855
+33458005707,20190116171306,9,+33559122057,transfert,20190116,171306,15742062411
+33458005707,20190116163947,152,+33559929876,incoming,20190116,163947,15741821026
+33458005707,20190116162244,624,+33648350528,incoming,20190116,162244,15741738802
+33458005707,20190116123051,20,+212660107523,transfert,20190116,123051,15739931249
+33458005707,20190116110148,83,+33963563740,incoming,20190116,110148,15739193964
+33458005707,20190116091352,75,+33633963065,incoming,20190116,091352,15738167668
+33458005707,20190115154444,65,+33607772042,incoming,20190115,154444,15734684954
+33458005707,20190115150206,1406,+33679442085,incoming,20190115,150206,15734502350
+33458005707,20190115144632,232,+33781868224,incoming,20190115,144632,15734151702
+33458005707,20190115142837,442,+33662185381,incoming,20190115,142837,15734013399
+33458005707,20190115140621,486,+33662185381,incoming,20190115,140621,15733791005
+33458005707,20190115133307,3,+33642572544,transfert,20190115,133307,15733546313
+33458005707,20190115120609,2,+33184234160,transfert,20190115,120609,15733173306
+33458005707,20190115115218,230,+33603827717,incoming,20190115,115218,15733092315
+33458005707,20190115111742,153,+33603827717,incoming,20190115,111742,15732730354
+33458005707,20190115111213,4,+33603827717,transfert,20190115,111213,15732658101
+33458005707,20190115103232,40,+212660107523,transfert,20190115,103232,15732258049
+33458005707,20190115102653,398,+33603827717,incoming,20190115,102653,15732256770
+33458005707,20190115095021,14,+212660107523,transfert,20190115,095021,15731834125
+33458005707,20190115093006,804,+33472350027,incoming,20190115,093006,15731751722
+33458005707,20190114173438,543,+33642572544,incoming,20190114,173438,15729134529
+33458005707,20190114162819,248,+33603827717,incoming,20190114,162819,15728566115
+33458005707,20190114160126,325,+33549348936,incoming,20190114,160126,15728323191
+33458005707,20190114152507,302,+33549348936,incoming,20190114,152507,15727962515
+33458005707,20190114151548,529,+33688453907,incoming,20190114,151548,15727913239
+33458005707,20190114115127,4,+33603827717,transfert,20190114,115127,15726424366
+33458005707,20190114095952,94,+33676559014,incoming,20190114,095952,15725264204
+33458005707,20190114091841,123,+33761362121,incoming,20190114,091841,15724851481
+33458005707,20190111144243,339,+32473708856,incoming,20190111,144243,15714201146
+33458005707,20190111140728,104,+33326050528,incoming,20190111,140728,15713823475
+33458005707,20190111134552,14,+32473708856,transfert,20190111,134552,15713676992
+33458005707,20190110114740,143,+33642572544,incoming,20190110,114740,15706887164
+33458005707,20190110094120,299,+33299206020,incoming,20190110,094120,15705701479
+33458005707,20190110092541,699,+33494974430,incoming,20190110,092541,15705620920
+33458005707,20190109172425,64,+33182885649,incoming,20190109,172425,15703303448
+33458005707,20190109164128,1050,+33643105860,incoming,20190109,164128,15703097113
+33458005707,20190109144933,1191,+33476580988,incoming,20190109,144933,15702125815
+33458005707,20190109114500,355,+33681374820,incoming,20190109,114500,15700887382
+33458005707,20190109102533,118,+33320258550,incoming,20190109,102533,15700068600
+33458005707,20190109101550,378,+212661196611,incoming,20190109,101550,15700017630
+33458005707,20190108165452,42,+332037,incoming,20190108,165452,15696954815
+33458005707,20190108160032,393,+332037,incoming,20190108,160032,15696503200
+33458005707,20190108123523,201,+33240695444,incoming,20190108,123523,15694931297
+33458005707,20190108122116,125,+33240695444,incoming,20190108,122116,15694863818
+33458005707,20190108120834,61,+33240695444,incoming,20190108,120834,15694783778
+33458005707,20190108115828,300,+212660107523,incoming,20190108,115828,15694735709
+33458005707,20190108115411,106,+33476408272,incoming,20190108,115411,15694657612
+33458005707,20190108113359,117,+33615621185,incoming,20190108,113359,15694459985
+33458005707,20190108111656,339,+33549099122,incoming,20190108,111656,15694316324
+33458005707,20190108111534,62,+33326050528,incoming,20190108,111534,15694251431
+33458005707,20190108105430,330,+33164727800,incoming,20190108,105430,15694067604
+33458005707,20190107172339,270,+33389327494,incoming,20190107,172339,15690604375
+33458005707,20190107170548,498,+33673075997,incoming,20190107,170548,15690499180
+33458005707,20190107170803,5,+33389327494,transfert,20190107,170803,15690454729
+33458005707,20190107165649,99,+33762121922,incoming,20190107,165649,15690369662
+33458005707,20190107143226,5,+41799459951,transfert,20190107,143226,15688976112
+33458005707,20190107130811,739,+33686260094,incoming,20190107,130811,15688444858
+33458005707,20190107110417,545,+393331677703,incoming,20190107,110417,15687579259
+33458005707,20190104162223,704,+33626508177,incoming,20190104,162223,15676292186
+33458005707,20190104105529,599,+33963554288,incoming,20190104,105529,15674067666
+33458005707,20190104104310,1068,+33457740084,incoming,20190104,104310,15674024553
+33458005707,20190104104133,10,+33457740084,transfert,20190104,104133,15673837354
+33458005707,20190104100704,38,+33676432999,incoming,20190104,100704,15673517600
+33458005707,20190104100611,11,+33676432999,transfert,20190104,100611,15673507845
+33458005707,20190104100310,48,+33617165916,incoming,20190104,100310,15673482770
+33458005707,20190104095907,142,+33761362121,incoming,20190104,095907,15673458505
+33458005707,20190104090451,73,+33457740084,incoming,20190104,090451,15673010315
+33458005707,20190103152015,117,+33673460704,incoming,20190103,152015,15669794816
+33458005707,20190103151119,467,+33619304118,incoming,20190103,151119,15669769975
+33458005707,20190102095216,180,+41796233904,incoming,20190102,095216,15660696680
+33458005708,20190111103125,2286,+33684638546,incoming,20190111,103125,15712652026