phoneLine,datetime,duration,callingNumber,nature,date,time,idkey
+33458005730,20190831094003,106,+33673470543,transfert,20190831,094003,17024549949
+33458005730,20190831093731,11,+33673470543,transfert,20190831,093731,17024529183
+33458005730,20190830171941,44,+33559350793,transfert,20190830,171941,17021682851
+33458005730,20190830164530,4,+33603693302,transfert,20190830,164530,17021426146
+33458005730,20190830164301,7,+33619562226,transfert,20190830,164301,17021407472
+33458005730,20190830155748,265,+33769494028,transfert,20190830,155748,17021048078
+33458005730,20190830154628,217,+33615017384,transfert,20190830,154628,17020928519
+33458005730,20190830141654,831,+18195385662,transfert,20190830,141654,17020184472
+33458005730,20190830141454,735,+33619562226,transfert,20190830,141454,17020150293
+33458005730,20190830122531,1230,+33679430077,transfert,20190830,122531,17019556328
+33458005730,20190830115151,395,+33680111711,transfert,20190830,115151,17019280942
+33458005730,20190830103508,704,+33660427621,transfert,20190830,103508,17018560371
+33458005730,20190830101803,92,+33768695436,transfert,20190830,101803,17018278419
+33458005730,20190830094236,193,+33611023244,transfert,20190830,094236,17017947489
+33458005730,20190830094321,7,+33247367821,transfert,20190830,094321,17017929585
+33458005730,20190830092938,571,+33634458094,transfert,20190830,092938,17017889175
+33458005730,20190830093319,11,+33561335775,transfert,20190830,093319,17017831346
+33458005730,20190829150911,460,+262693032328,transfert,20190829,150911,17013838369
+33458005730,20190829151601,12,+33386870798,transfert,20190829,151601,17013834843
+33458005730,20190829150039,10,+33638634719,transfert,20190829,150039,17013671959
+33458005730,20190829141720,288,+33603693302,transfert,20190829,141720,17013286418
+33458005730,20190829142106,3,+262693032328,transfert,20190829,142106,17013280008
+33458005730,20190829141550,66,+33648544291,transfert,20190829,141550,17013234734
+33458005730,20190829122805,19,+442890319008,transfert,20190829,122805,17012640440
+33458005730,20190829112207,5,+33629235917,transfert,20190829,112207,17012105445
+33458005730,20190829112104,11,+33629235917,transfert,20190829,112104,17012098951
+33458005730,20190829105751,313,+33616238436,transfert,20190829,105751,17011932563
+33458005730,20190829110101,12,+262693032328,transfert,20190829,110101,17011919913
+33458005730,20190829105210,202,+33634458094,transfert,20190829,105210,17011861999
+33458005730,20190829104529,181,+33634458094,transfert,20190829,104529,17011794177
+33458005730,20190829103448,426,+33608936938,transfert,20190829,103448,17011731678
+33458005730,20190829100706,182,+33608936938,transfert,20190829,100706,17011423246
+33458005730,20190828170024,52,+33607522794,transfert,20190828,170024,17007800114
+33458005730,20190828163130,225,+33607522794,transfert,20190828,163130,17007563731
+33458005730,20190828162901,154,+33680871790,transfert,20190828,162901,17007525922
+33458005730,20190828154433,9,+33638634719,transfert,20190828,154433,17007096780
+33458005730,20190828154343,11,+33638634719,transfert,20190828,154343,17007092004
+33458005730,20190828152136,4,+33681365244,transfert,20190828,152136,17006883869
+33458005730,20190828145630,93,+31651776710,transfert,20190828,145630,17006663509
+33458005730,20190828140900,12,+41213458034,transfert,20190828,140900,17006143275
+33458005730,20190828134702,238,+41213458034,transfert,20190828,134702,17005995292
+33458005730,20190828122513,3,+33681365244,transfert,20190828,122513,17005575639
+33458005730,20190828122430,3,+33681365244,transfert,20190828,122430,17005571564
+33458005730,20190828121523,0,+33682673031,transfert,20190828,121523,17005518754
+33458005730,20190828121444,4,+33682673031,transfert,20190828,121444,17005516416
+33458005730,20190828113631,1168,+33389611671,transfert,20190828,113631,17005380456
+33458005730,20190828113022,314,+33977762600,transfert,20190828,113022,17005207744
+33458005730,20190828105017,504,+33772771185,transfert,20190828,105017,17004839880
+33458005730,20190828101917,331,+33768695436,transfert,20190828,101917,17004499662
+33458005730,20190828095857,282,+33562446448,transfert,20190828,095857,17004288181
+33458005730,20190828094844,296,+33682673031,transfert,20190828,094844,17004190968
+33458005730,20190828095142,6,+33776173654,transfert,20190828,095142,17004177264
+33458005730,20190828094011,194,+33682673031,transfert,20190828,094011,17004090446
+33458005730,20190827155324,96,+33630513012,transfert,20190827,155324,17000153947
+33458005730,20190827154653,6,+33630513012,transfert,20190827,154653,17000070495
+33458005730,20190827154031,327,+33766030656,transfert,20190827,154031,17000060665
+33458005730,20190827152501,4,+33763217061,transfert,20190827,152501,16999842475
+33458005730,20190827145424,513,+33663995593,transfert,20190827,145424,16999606471
+33458005730,20190827142859,359,+33358931697,transfert,20190827,142859,16999301434
+33458005730,20190827142550,33,+33658898832,transfert,20190827,142550,16999218987
+33458005730,20190827142504,4,+33658898832,transfert,20190827,142504,16999207914
+33458005730,20190827141328,132,+33626563844,transfert,20190827,141328,16999114411
+33458005730,20190827134647,293,+22222602268,transfert,20190827,134647,16998896806
+33458005730,20190827134548,7,+22222602268,transfert,20190827,134548,16998861123
+33458005730,20190827115501,5,+33638634719,transfert,20190827,115501,16998280236
+33458005730,20190827115303,5,+33766030656,transfert,20190827,115303,16998262019
+33458005730,20190827115218,5,+33766030656,transfert,20190827,115218,16998257878
+33458005730,20190827112415,1121,+594694937374,transfert,20190827,112415,16998163012
+33458005730,20190827113930,6,+33665705039,transfert,20190827,113930,16998135820
+33458005730,20190827113809,0,+33358931697,transfert,20190827,113809,16998118270
+33458005730,20190827113659,3,+33358931697,transfert,20190827,113659,16998107880
+33458005730,20190827111335,7,+33772771185,transfert,20190827,111335,16997869336
+33458005730,20190827110347,3,+33772771185,transfert,20190827,110347,16997771605
+33458005730,20190827110248,2,+33358931697,transfert,20190827,110248,16997759862
+33458005730,20190827104726,789,+33609925333,transfert,20190827,104726,16997736307
+33458005730,20190827105554,12,+33386870785,transfert,20190827,105554,16997694120
+33458005730,20190827102605,779,+33609925333,transfert,20190827,102605,16997502413
+33458005730,20190827103633,5,+33358931697,transfert,20190827,103633,16997480947
+33458005730,20190827100148,192,+33609925333,transfert,20190827,100148,16997147052
+33458005730,20190827092917,497,+33689879324,transfert,20190827,092917,16996859298
+33458005730,20190827093149,4,+33768695436,transfert,20190827,093149,16996803321
+33458005730,20190827092015,100,+33389611671,transfert,20190827,092015,16996710031
+33458005730,20190827091821,4,+33768695436,transfert,20190827,091821,16996679555
+33458005730,20190827091745,4,+33768695436,transfert,20190827,091745,16996675143
+33458005730,20190827091704,4,+33768695436,transfert,20190827,091704,16996666451
+33458005730,20190827091548,32,+33768695436,transfert,20190827,091548,16996654586
+33458005730,20190827090549,587,+33650556381,transfert,20190827,090549,16996650506
+33458005730,20190827091503,5,+33768695436,transfert,20190827,091503,16996647900
+33458005730,20190826180442,4,+33666495386,transfert,20190826,180442,16993931473
+33458005730,20190826172646,160,+33681365244,transfert,20190826,172646,16993673874
+33458005730,20190826164254,44,+41218031888,transfert,20190826,164254,16993283256
+33458005730,20190826162403,3,+33666495386,transfert,20190826,162403,16993086072
+33458005730,20190826162308,11,+33666495386,transfert,20190826,162308,16993076231
+33458005730,20190826161612,283,+33658898832,transfert,20190826,161612,16993048854
+33458005730,20190826161111,150,+33685708650,transfert,20190826,161111,16992969283
+33458005730,20190826155134,628,+33681374820,transfert,20190826,155134,16992843621
+33458005730,20190826154158,549,+33681374820,transfert,20190826,154158,16992729521
+33458005730,20190826153628,197,+33383816909,transfert,20190826,153628,16992615034
+33458005730,20190826152350,123,+33626563844,transfert,20190826,152350,16992484973
+33458005730,20190826150856,222,+33626563844,transfert,20190826,150856,16992356309
+33458005730,20190826151108,50,+262692950850,transfert,20190826,151108,16992350737
+33458005730,20190826150005,379,+41797088102,transfert,20190826,150005,16992290164
+33458005730,20190826144929,481,+33616021813,transfert,20190826,144929,16992193811
+33458005730,20190826123415,5,+33666495386,transfert,20190826,123415,16991109615
+33458005730,20190826114114,572,+33634458094,transfert,20190826,114114,16990812385
+33458005730,20190826111245,311,+33616021813,transfert,20190826,111245,16990464617
+33458005730,20190826111107,4,+33616021813,transfert,20190826,111107,16990388262
+33458005730,20190826111043,0,+33616021813,transfert,20190826,111043,16990384888
+33458005730,20190826110837,2,+33616021813,transfert,20190826,110837,16990360393
+33458005730,20190826105753,200,+33669301431,transfert,20190826,105753,16990268418
+33458005730,20190826104038,76,+33767687702,transfert,20190826,104038,16990051631
+33458005730,20190826094811,696,+33674008189,transfert,20190826,094811,16989555697
+33458005730,20190826095209,10,+33607426837,transfert,20190826,095209,16989477092
+33458005730,20190826095053,1,+33679778373,transfert,20190826,095053,16989465132
+33458005730,20190826092543,540,+33609925333,transfert,20190826,092543,16989292836
+33458005730,20190826092539,61,+33682077665,transfert,20190826,092539,16989211711
+33458005730,20190826091511,479,+33673470543,transfert,20190826,091511,16989179374
+33458005730,20190826091858,38,+33679778373,transfert,20190826,091858,16989147276
+33458005730,20190826090933,3,+33679778373,transfert,20190826,090933,16989055526
+33458005730,20190826090839,15,+33679778373,transfert,20190826,090839,16989050475
+33458005730,20190826090813,10,+33673470543,transfert,20190826,090813,16989045952
+33458005730,20190826090046,162,+33679778373,transfert,20190826,090046,16989002307
+33458005730,20190824155408,53,+33689879324,transfert,20190824,155408,16981921956
+33458005730,20190824102119,44,+33609925333,transfert,20190824,102119,16980428374
+33458005730,20190823162947,38,+33608429394,transfert,20190823,162947,16977129142
+33458005730,20190823155352,597,+33650882803,transfert,20190823,155352,16976934001
+33458005730,20190823152843,304,+33658898832,transfert,20190823,152843,16976692667
+33458005730,20190823152043,158,+33622132693,transfert,20190823,152043,16976604744
+33458005730,20190823151800,39,+33622132693,transfert,20190823,151800,16976564999
+33458005730,20190823151732,11,+33622132693,transfert,20190823,151732,16976558898
+33458005730,20190823145149,70,+33608429394,transfert,20190823,145149,16976362698
+33458005730,20190823141349,226,+33608429394,transfert,20190823,141349,16976045231
+33458005730,20190823140827,222,+33658898832,transfert,20190823,140827,16975996797
+33458005730,20190823140946,4,+33608429394,transfert,20190823,140946,16975977737
+33458005730,20190823140905,4,+33608429394,transfert,20190823,140905,16975971463
+33458005730,20190823131454,6,+33608429394,transfert,20190823,131454,16975666024
+33458005730,20190823122742,47,+33687024064,transfert,20190823,122742,16975462425
+33458005730,20190823122440,3,+33687024064,transfert,20190823,122440,16975442697
+33458005730,20190823122244,4,+33687024064,transfert,20190823,122244,16975432146
+33458005730,20190823121954,12,+33608429394,transfert,20190823,121954,16975418416
+33458005730,20190823121901,4,+33608429394,transfert,20190823,121901,16975411847
+33458005730,20190823115629,173,+33687024064,transfert,20190823,115629,16975277644
+33458005730,20190823115411,12,+33687024064,transfert,20190823,115411,16975241107
+33458005730,20190823114910,4,+33673821257,transfert,20190823,114910,16975200594
+33458005730,20190823114310,316,+262692788666,transfert,20190823,114310,16975188374
+33458005730,20190823112619,204,+33669301431,transfert,20190823,112619,16975032530
+33458005730,20190823111737,516,+33631547015,transfert,20190823,111737,16975008197
+33458005730,20190823111001,122,+33608429394,transfert,20190823,111001,16974897500
+33458005730,20190823110235,466,+33679778373,transfert,20190823,110235,16974885590
+33458005730,20190823105911,156,+33679778373,transfert,20190823,105911,16974811137
+33458005730,20190823105137,261,+33679778373,transfert,20190823,105137,16974764381
+33458005730,20190823105211,31,+33640159365,transfert,20190823,105211,16974738219
+33458005730,20190823103151,35,+33630909711,transfert,20190823,103151,16974568293
+33458005730,20190822182856,12,+33680183851,transfert,20190822,182856,16972025036
+33458005730,20190822182904,10,+33650882803,transfert,20190822,182904,16972024035
+33458005730,20190822171254,9,+33621591281,transfert,20190822,171254,16971506453
+33458005730,20190822163923,767,+41216276355,transfert,20190822,163923,16971358934
+33458005730,20190822153631,6,+41213458034,transfert,20190822,153631,16970764188
+33458005730,20190822153604,3,+41213458034,transfert,20190822,153604,16970760564
+33458005730,20190822152505,132,+33616021813,transfert,20190822,152505,16970691917
+33458005730,20190822152527,10,+41213458034,transfert,20190822,152527,16970678063
+33458005730,20190822152344,9,+33616021813,transfert,20190822,152344,16970663862
+33458005730,20190822151453,5,+41213458034,transfert,20190822,151453,16970589351
+33458005730,20190822150945,14,+41213458034,transfert,20190822,150945,16970545981
+33458005730,20190822144654,6,+262692788666,transfert,20190822,144654,16970340575
+33458005730,20190822115638,0,+33631547015,transfert,20190822,115638,16969400844
+33458005730,20190822105609,362,+31624348518,transfert,20190822,105609,16968955478
+33458005730,20190822102231,188,+352691335233,transfert,20190822,102231,16968605438
+33458005730,20190822100626,174,+33607426837,transfert,20190822,100626,16968453250
+33458005730,20190822094247,373,+33621591281,transfert,20190822,094247,16968282309
+33458005730,20190822093335,139,+33630513012,transfert,20190822,093335,16968180227
+33458005730,20190822091914,11,+33621591281,transfert,20190822,091914,16968061433
+33458005730,20190822091256,6,+33621591281,transfert,20190822,091256,16968012732
+33458005730,20190821164721,363,+33688222647,transfert,20190821,164721,16965355107
+33458005730,20190821162437,1129,+33622132693,transfert,20190821,162437,16965275216
+33458005730,20190821164212,5,+33559122057,transfert,20190821,164212,16965268073
+33458005730,20190821164153,0,+33559122057,transfert,20190821,164153,16965262568
+33458005730,20190821152441,200,+33660803629,transfert,20190821,152441,16964616981
+33458005730,20190821144625,358,+33660803629,transfert,20190821,144625,16964261941
+33458005730,20190821145102,13,+33381216982,transfert,20190821,145102,16964253536
+33458005730,20190821144347,33,+33660803629,transfert,20190821,144347,16964184506
+33458005730,20190821143341,267,+33607262077,transfert,20190821,143341,16964131443
+33458005730,20190821142358,46,+33616210175,transfert,20190821,142358,16964006268
+33458005730,20190821141949,288,+33660803629,transfert,20190821,141949,16964005416
+33458005730,20190821142338,4,+33645903436,transfert,20190821,142338,16963998740
+33458005730,20190821140705,770,+33607826790,transfert,20190821,140705,16963962315
+33458005730,20190821141857,12,+33660803629,transfert,20190821,141857,16963955672
+33458005730,20190821140623,3,+33607826790,transfert,20190821,140623,16963840605
+33458005730,20190821120147,748,+33633963065,transfert,20190821,120147,16963294242
+33458005730,20190821113305,760,+33616238436,transfert,20190821,113305,16963111376
+33458005730,20190821113529,5,+33607426837,transfert,20190821,113529,16963023593
+33458005730,20190821113129,93,+33607426837,transfert,20190821,113129,16962998733
+33458005730,20190821112838,9,+33607426837,transfert,20190821,112838,16962961811
+33458005730,20190821112043,265,+33495501000,transfert,20190821,112043,16962931676
+33458005730,20190821111847,141,+33495501000,transfert,20190821,111847,16962892994
+33458005730,20190821111945,7,+33495501000,transfert,20190821,111945,16962879751
+33458005730,20190821110918,233,+33658898832,transfert,20190821,110918,16962821319
+33458005730,20190821104750,178,+33468898412,transfert,20190821,104750,16962626839
+33458005730,20190821104529,4,+33607262077,transfert,20190821,104529,16962583898
+33458005730,20190821104109,296,+33607426837,transfert,20190821,104109,16962583838
+33458005730,20190821104535,0,+33468898412,transfert,20190821,104535,16962582352
+33458005730,20190821104441,11,+33468898412,transfert,20190821,104441,16962579240
+33458005730,20190821104357,2,+33468898412,transfert,20190821,104357,16962571649
+33458005730,20190821103243,421,+33685321114,transfert,20190821,103243,16962533971
+33458005730,20190821095916,421,+33972176458,transfert,20190821,095916,16962248093
+33458005730,20190820182730,5,+33652507658,transfert,20190820,182730,16959463057
+33458005730,20190820173212,5,+33658898832,transfert,20190820,173212,16959085996
+33458005730,20190820173152,4,+33658898832,transfert,20190820,173152,16959082519
+33458005730,20190820173010,63,+33236417029,transfert,20190820,173010,16959078251
+33458005730,20190820172335,0,+33650598919,transfert,20190820,172335,16959021758
+33458005730,20190820172241,1,+33650598919,transfert,20190820,172241,16959015282
+33458005730,20190820171257,331,+33609925333,transfert,20190820,171257,16958984613
+33458005730,20190820170014,92,+33608429394,transfert,20190820,170014,16958863818
+33458005730,20190820165621,124,+33608429394,transfert,20190820,165621,16958837103
+33458005730,20190820162755,12,+33612235567,transfert,20190820,162755,16958581958
+33458005730,20190820155405,374,+33468898412,transfert,20190820,155405,16958375457
+33458005730,20190820155318,11,+33468898412,transfert,20190820,155318,16958321892
+33458005730,20190820151720,3,+33626544898,transfert,20190820,151720,16958001142
+33458005730,20190820143454,97,+33661916499,transfert,20190820,143454,16957648139
+33458005730,20190820143630,4,anonymous,transfert,20190820,143630,16957647861
+33458005730,20190820143403,12,+33661916499,transfert,20190820,143403,16957626862
+33458005730,20190820141844,73,+33977762600,transfert,20190820,141844,16957510965
+33458005730,20190820133532,27,+61425631121,transfert,20190820,133532,16957218016
+33458005730,20190820101938,42,+33972176458,transfert,20190820,101938,16955880560
+33458005730,20190820094210,3,+33972176458,transfert,20190820,094210,16955523923
+33458005730,20190820091512,5,+33685915513,transfert,20190820,091512,16955308290
+33458005730,20190819180939,361,+33603217568,transfert,20190819,180939,16953046242
+33458005730,20190819173610,329,+33675533472,transfert,20190819,173610,16952819403
+33458005730,20190819165037,756,+33613611343,transfert,20190819,165037,16952543950
+33458005730,20190819144323,95,+33972176458,transfert,20190819,144323,16951271161
+33458005730,20190819141258,91,+33603217568,transfert,20190819,141258,16950955101
+33458005730,20190819135855,80,+33972176458,transfert,20190819,135855,16950819028
+33458005730,20190819113255,7,+442038461501,transfert,20190819,113255,16949902877
+33458005730,20190819112933,5,+33972176458,transfert,20190819,112933,16949864403
+33458005730,20190819110242,960,+33698246984,transfert,20190819,110242,16949749119
+33458005730,20190819111005,3,+33626508177,transfert,20190819,111005,16949667643
+33458005730,20190819110925,5,+33626508177,transfert,20190819,110925,16949662305
+33458005730,20190819104732,162,+33658898832,transfert,20190819,104732,16949460494
+33458005730,20190819103812,160,+355676071999,transfert,20190819,103812,16949356197
+33458005730,20190819100040,419,+33603217568,transfert,20190819,100040,16949003126
+33458005730,20190819094841,152,+33603217568,transfert,20190819,094841,16948821345
+33458005730,20190819085731,220,+33688222647,transfert,20190819,085731,16948309537
+33458005730,20190816180331,13,+33661916499,transfert,20190816,180331,16936629808
+33458005730,20190816171232,6,+33661916499,transfert,20190816,171232,16936360292
+33458005730,20190816171153,5,+33661916499,transfert,20190816,171153,16936355084
+33458005730,20190816170259,3,+33661916499,transfert,20190816,170259,16936304949
+33458005730,20190816170212,11,+33661916499,transfert,20190816,170212,16936300410
+33458005730,20190816170041,14,+22222602268,transfert,20190816,170041,16936293688
+33458005730,20190816165942,5,+22222602268,transfert,20190816,165942,16936287137
+33458005730,20190816163814,6,+33768695436,transfert,20190816,163814,16936148596
+33458005730,20190816162838,4,+33663995593,transfert,20190816,162838,16936083032
+33458005730,20190816162645,4,+33663995593,transfert,20190816,162645,16936071201
+33458005730,20190816095147,4,+33782210622,transfert,20190816,095147,16933601324
+33458005730,20190816095006,66,+33782210622,transfert,20190816,095006,16933595651
+33458005730,20190816094949,0,+33782210622,transfert,20190816,094949,16933583327
+33458005730,20190814165254,282,+32477377633,transfert,20190814,165254,16926353085
+33458005730,20190814163510,80,+33673470543,transfert,20190814,163510,16926192906
+33458005730,20190814161945,644,+33621591281,transfert,20190814,161945,16926150609
+33458005730,20190814163004,4,+33673470543,transfert,20190814,163004,16926148187
+33458005730,20190814162034,7,+33663995593,transfert,20190814,162034,16926083382
+33458005730,20190814161401,4,+33621591281,transfert,20190814,161401,16926033709
+33458005730,20190814155632,5,+33663995593,transfert,20190814,155632,16925903180
+33458005730,20190814155343,7,+33182885748,transfert,20190814,155343,16925879499
+33458005730,20190814155153,112,+33621591281,transfert,20190814,155153,16925876989
+33458005730,20190814155247,6,+33182885748,transfert,20190814,155247,16925871045
+33458005730,20190814155137,5,+33645939850,transfert,20190814,155137,16925862751
+33458005730,20190814154748,69,+33772771185,transfert,20190814,154748,16925834623
+33458005730,20190814154342,97,+33663995593,transfert,20190814,154342,16925806812
+33458005730,20190814154301,5,+33621591281,transfert,20190814,154301,16925786723
+33458005730,20190814154300,5,+33663995593,transfert,20190814,154300,16925786583
+33458005730,20190814154203,6,+33621591281,transfert,20190814,154203,16925776172
+33458005730,20190814152202,58,+33663995593,transfert,20190814,152202,16925635102
+33458005730,20190814144327,146,+33772771185,transfert,20190814,144327,16925376210
+33458005730,20190814123008,4,+33607426837,transfert,20190814,123008,16924594705
+33458005730,20190814120120,4,+33607426837,transfert,20190814,120120,16924441771
+33458005730,20190814115222,3,+33607426837,transfert,20190814,115222,16924377874
+33458005730,20190814115137,9,+33607426837,transfert,20190814,115137,16924372499
+33458005730,20190814113649,81,+33607426837,transfert,20190814,113649,16924276644
+33458005730,20190814110003,3,+33663995593,transfert,20190814,110003,16923979834
+33458005730,20190814105309,391,+33616675162,transfert,20190814,105309,16923974474
+33458005730,20190814105921,5,+33663995593,transfert,20190814,105921,16923971124
+33458005730,20190814105231,5,+33616675162,transfert,20190814,105231,16923924073
+33458005730,20190814102608,5,+33614180043,transfert,20190814,102608,16923705193
+33458005730,20190814100846,524,+33673470543,transfert,20190814,100846,16923637104
+33458005730,20190814100353,0,+33686209242,transfert,20190814,100353,16923531900
+33458005730,20190814092847,5,+33614180043,transfert,20190814,092847,16923279189
+33458005730,20190814091832,3,+33673470543,transfert,20190814,091832,16923200627
+33458005730,20190814091419,6,+33614180043,transfert,20190814,091419,16923165037
+33458005730,20190814091251,10,+33444052972,transfert,20190814,091251,16923152429
+33458005730,20190814091011,51,+33673470543,transfert,20190814,091011,16923139464
+33458005730,20190813162041,442,+33681365244,transfert,20190813,162041,16919997313
+33458005730,20190813154440,435,+33182885748,transfert,20190813,154440,16919720245
+33458005730,20190813153354,278,+33688222647,transfert,20190813,153354,16919618770
+33458005730,20190813145604,241,+33603217568,transfert,20190813,145604,16919321791
+33458005730,20190813143202,3,+33616675162,transfert,20190813,143202,16919111731
+33458005730,20190813143134,0,+33616675162,transfert,20190813,143134,16919108992
+33458005730,20190813142540,216,+33182885748,transfert,20190813,142540,16919090189
+33458005730,20190813142117,0,+33182885748,transfert,20190813,142117,16919033545
+33458005730,20190813141841,155,+33772771185,transfert,20190813,141841,16919032604
+33458005730,20190813141735,10,+33772771185,transfert,20190813,141735,16919006220
+33458005730,20190813111211,289,+33682525500,transfert,20190813,111211,16918021971
+33458005730,20190813105358,140,+33603544115,transfert,20190813,105358,16917870694
+33458005730,20190813101535,43,+33645903436,transfert,20190813,101535,16917571396
+33458005730,20190813090912,20,+33767687702,transfert,20190813,090912,16917098349
+33458005730,20190813090704,88,+33767687702,transfert,20190813,090704,16917092445
+33458005730,20190812183137,4,+33607262077,transfert,20190812,183137,16915111810
+33458005730,20190812180514,6,+33444052972,transfert,20190812,180514,16914963902
+33458005730,20190812180426,11,+41794263488,transfert,20190812,180426,16914960379
+33458005730,20190812180405,5,+33444052972,transfert,20190812,180405,16914955649
+33458005730,20190812175922,4,+33444052972,transfert,20190812,175922,16914926335
+33458005730,20190812175757,49,+33444052972,transfert,20190812,175757,16914921332
+33458005730,20190812175103,5,+33444052972,transfert,20190812,175103,16914872445
+33458005730,20190812174829,4,+33767687702,transfert,20190812,174829,16914852522
+33458005730,20190812174805,3,+33767687702,transfert,20190812,174805,16914850150
+33458005730,20190812173722,3,+33767687702,transfert,20190812,173722,16914778076
+33458005730,20190812173659,3,+33767687702,transfert,20190812,173659,16914774671
+33458005730,20190812172319,80,+33767687702,transfert,20190812,172319,16914677349
+33458005730,20190812172254,5,+33767687702,transfert,20190812,172254,16914663433
+33458005730,20190812171200,271,+33630513012,transfert,20190812,171200,16914620365
+33458005730,20190812170122,6,+33669457321,transfert,20190812,170122,16914506573
+33458005730,20190812165938,8,+33630513012,transfert,20190812,165938,16914493239
+33458005730,20190812152644,35,+33479654512,transfert,20190812,152644,16913769757
+33458005730,20190812150827,199,+32474223224,transfert,20190812,150827,16913642904
+33458005730,20190812145259,920,+33479654512,transfert,20190812,145259,16913616257
+33458005730,20190812150634,78,+33614300322,transfert,20190812,150634,16913613392
+33458005730,20190812145950,417,+33673470543,transfert,20190812,145950,16913603781
+33458005730,20190812144310,294,+33618005755,transfert,20190812,144310,16913451737
+33458005730,20190812132152,8,+33607426837,transfert,20190812,132152,16912883350
+33458005730,20190812113256,699,+33490200927,transfert,20190812,113256,16912402013
+33458005730,20190812114057,79,anonymous,transfert,20190812,114057,16912388013
+33458005730,20190812113137,6,+33490200927,transfert,20190812,113137,16912307304
+33458005730,20190812104326,263,+33607426837,transfert,20190812,104326,16911969846
+33458005730,20190812102007,517,+33645903436,transfert,20190812,102007,16911796585
+33458005730,20190812101814,322,+33607262077,transfert,20190812,101814,16911753762
+33458005730,20190812102228,8,+34659275573,transfert,20190812,102228,16911749214
+33458005730,20190812101411,8,+33645903436,transfert,20190812,101411,16911676705
+33458005730,20190812101245,15,+33681374820,transfert,20190812,101245,16911665551
+33458005730,20190812100423,7,+33681374820,transfert,20190812,100423,16911599143
+33458005730,20190812100300,3,+33444052972,transfert,20190812,100300,16911589413
+33458005730,20190812100219,4,+33444052972,transfert,20190812,100219,16911580259
+33458005730,20190812094736,752,+33681374820,transfert,20190812,094736,16911557711
+33458005730,20190812095925,11,+33607426837,transfert,20190812,095925,16911557358
+33458005730,20190812095411,54,+33607426837,transfert,20190812,095411,16911517059
+33458005730,20190812094942,48,+33645903436,transfert,20190812,094942,16911475438
+33458005730,20190812094854,11,+33645903436,transfert,20190812,094854,16911467457
+33458005730,20190810161447,5,+33762672515,transfert,20190810,161447,16904436237
+33458005730,20190810155345,60,+33762672515,transfert,20190810,155345,16904339672
+33458005730,20190809181118,3,+33767687702,transfert,20190809,181118,16900286607
+33458005730,20190809181037,4,+33767687702,transfert,20190809,181037,16900283219
+33458005730,20190809173929,5,+33681365244,transfert,20190809,173929,16900097632
+33458005730,20190809171223,4,+33769494028,transfert,20190809,171223,16899924639
+33458005730,20190809171043,76,+33668383411,transfert,20190809,171043,16899920904
+33458005730,20190809170857,7,+33607262077,transfert,20190809,170857,16899902796
+33458005730,20190809165632,6,+33681365244,transfert,20190809,165632,16899820799
+33458005730,20190809165559,2,+33681365244,transfert,20190809,165559,16899814414
+33458005730,20190809164702,314,+33444052972,transfert,20190809,164702,16899784694
+33458005730,20190809165046,9,+33668383411,transfert,20190809,165046,16899775502
+33458005730,20190809164901,16,+33620236188,transfert,20190809,164901,16899762696
+33458005730,20190809164515,31,+33620236188,transfert,20190809,164515,16899739011
+33458005730,20190809164430,14,+33620236188,transfert,20190809,164430,16899730885
+33458005730,20190809164217,4,+33607262077,transfert,20190809,164217,16899713625
+33458005730,20190809163311,5,+33682673031,transfert,20190809,163311,16899630617
+33458005730,20190809162533,4,+33444052972,transfert,20190809,162533,16899560017
+33458005730,20190809161201,4,+33444052972,transfert,20190809,161201,16899448782
+33458005730,20190809161138,4,+33444052972,transfert,20190809,161138,16899444915
+33458005730,20190809160419,7,+33682673031,transfert,20190809,160419,16899381457
+33458005730,20190809160345,11,+33682673031,transfert,20190809,160345,16899375298
+33458005730,20190809155650,4,+33444052972,transfert,20190809,155650,16899313061
+33458005730,20190809155128,1,+33444052972,transfert,20190809,155128,16899269130
+33458005730,20190809155042,4,+33444052972,transfert,20190809,155042,16899263605
+33458005730,20190809155017,5,+33444052972,transfert,20190809,155017,16899257857
+33458005730,20190809154708,70,+33444052972,transfert,20190809,154708,16899243575
+33458005730,20190809152343,4,+33645903436,transfert,20190809,152343,16899064878
+33458005730,20190809151622,3,+33658898832,transfert,20190809,151622,16899000855
+33458005730,20190809145251,59,+33388180885,transfert,20190809,145251,16898810349
+33458005730,20190809145030,15,+35319080069,transfert,20190809,145030,16898785376
+33458005730,20190809144308,4,+33645903436,transfert,20190809,144308,16898720392
+33458005730,20190809142701,4,+33444052972,transfert,20190809,142701,16898582332
+33458005730,20190809115333,179,+33490200927,transfert,20190809,115333,16897788374
+33458005730,20190809115247,7,+33490200927,transfert,20190809,115247,16897760172
+33458005730,20190809113008,943,+33789088957,transfert,20190809,113008,16897698024
+33458005730,20190809105259,3,+33444052972,transfert,20190809,105259,16897243703
+33458005730,20190809105103,13,+33444052972,transfert,20190809,105103,16897227506
+33458005730,20190809104845,7,+33444052972,transfert,20190809,104845,16897206802
+33458005730,20190809104216,52,+33686209242,transfert,20190809,104216,16897161463
+33458005730,20190809103332,4,+33645903436,transfert,20190809,103332,16897081291
+33458005730,20190809101403,12,+33645903436,transfert,20190809,101403,16896924551
+33458005730,20190809100656,68,+33698780986,transfert,20190809,100656,16896877335
+33458005730,20190809094701,134,+33772771185,transfert,20190809,094701,16896728480
+33458005730,20190809094626,15,+33772771185,transfert,20190809,094626,16896713052
+33458005730,20190809091109,7,+33698780986,transfert,20190809,091109,16896463400
+33458005730,20190809085917,14,+33698780986,transfert,20190809,085917,16896400603
+33458005730,20190808175458,679,+33681365244,transfert,20190808,175458,16893902897
+33458005730,20190808175423,2,+33681365244,transfert,20190808,175423,16893826236
+33458005730,20190808175335,6,+33681365244,transfert,20190808,175335,16893820770
+33458005730,20190808164710,69,+33607262077,transfert,20190808,164710,16893339271
+33458005730,20190808163658,123,+33616135898,transfert,20190808,163658,16893269849
+33458005730,20190808163416,118,+33607262077,transfert,20190808,163416,16893249257
+33458005730,20190808162125,272,+221781834757,transfert,20190808,162125,16893166634
+33458005730,20190808160858,4,+221781834757,transfert,20190808,160858,16893027872
+33458005730,20190808160758,8,+221781834757,transfert,20190808,160758,16893021916
+33458005730,20190808160317,194,+33682682641,transfert,20190808,160317,16893009811
+33458005730,20190808144503,208,+32477377633,transfert,20190808,144503,16892417243
+33458005730,20190808144421,13,+32477377633,transfert,20190808,144421,16892383423
+33458005730,20190808143520,375,+33660492250,transfert,20190808,143520,16892358809
+33458005730,20190808143453,4,+33660492250,transfert,20190808,143453,16892305357
+33458005730,20190808143332,37,+385914440242,transfert,20190808,143332,16892298762
+33458005730,20190808142534,508,+33299423758,transfert,20190808,142534,16892296958
+33458005730,20190808115504,32,+33299423758,transfert,20190808,115504,16891470098
+33458005730,20190808115441,4,+33299423758,transfert,20190808,115441,16891464208
+33458005730,20190808113859,11,+33299423758,transfert,20190808,113859,16891347652
+33458005730,20190808113556,21,+33616135898,transfert,20190808,113556,16891327827
+33458005730,20190808113115,76,+41786231234,transfert,20190808,113115,16891291477
+33458005730,20190808113049,5,+41786231234,transfert,20190808,113049,16891279964
+33458005730,20190808112859,4,+41786231234,transfert,20190808,112859,16891268447
+33458005730,20190808104623,114,+33678158057,transfert,20190808,104623,16890945258
+33458005730,20190808101139,40,+33299423758,transfert,20190808,101139,16890673200
+33458005730,20190808095818,3,+41786231234,transfert,20190808,095818,16890566411
+33458005730,20190808093108,3,+41786231234,transfert,20190808,093108,16890359339
+33458005730,20190807170049,920,+33648057620,transfert,20190807,170049,16887453597
+33458005730,20190807164523,5,+33678158057,transfert,20190807,164523,16887213736
+33458005730,20190807164422,18,+33678158057,transfert,20190807,164422,16887207613
+33458005730,20190807164014,3,+33783341758,transfert,20190807,164014,16887174810
+33458005730,20190807162803,8,+33783341758,transfert,20190807,162803,16887092460
+33458005730,20190807162445,4,+33783341758,transfert,20190807,162445,16887066627
+33458005730,20190807162232,3,+33783341758,transfert,20190807,162232,16887049790
+33458005730,20190807162204,7,+33783341758,transfert,20190807,162204,16887048328
+33458005730,20190807154644,5,+33557527658,transfert,20190807,154644,16886774313
+33458005730,20190807153839,13,+33557527658,transfert,20190807,153839,16886706143
+33458005730,20190807153550,34,+33299423758,transfert,20190807,153550,16886688085
+33458005730,20190807152040,771,+33671027212,transfert,20190807,152040,16886667987
+33458005730,20190807153124,29,+221781834757,transfert,20190807,153124,16886653543
+33458005730,20190807143425,267,+41786231234,transfert,20190807,143425,16886239316
+33458005730,20190807115921,612,+33645903436,transfert,20190807,115921,16885459706
+33458005730,20190807111141,317,+34659275573,transfert,20190807,111141,16885060248
+33458005730,20190807105112,263,+33783341758,transfert,20190807,105112,16884870978
+33458005730,20190807103255,590,+33686036353,transfert,20190807,103255,16884758328
+33458005730,20190807103435,2,+33783341758,transfert,20190807,103435,16884686186
+33458005730,20190807103348,11,+33783341758,transfert,20190807,103348,16884683877
+33458005730,20190807100831,143,+221781834757,transfert,20190807,100831,16884469516
+33458005730,20190807100504,3,+221781834757,transfert,20190807,100504,16884423509
+33458005730,20190807100415,5,+221781834757,transfert,20190807,100415,16884416367
+33458005730,20190807100247,5,+221781834757,transfert,20190807,100247,16884405619
+33458005730,20190807100106,13,+221781834757,transfert,20190807,100106,16884387079
+33458005730,20190806171436,84,+33620928846,transfert,20190806,171436,16881181573
+33458005730,20190806161109,115,+33638634719,transfert,20190806,161109,16880713710
+33458005730,20190806155714,165,+33607262077,transfert,20190806,155714,16880606361
+33458005730,20190806155640,6,+33638634719,transfert,20190806,155640,16880580015
+33458005730,20190806155626,6,+33607262077,transfert,20190806,155626,16880577010
+33458005730,20190806155555,6,+33638634719,transfert,20190806,155555,16880572117
+33458005730,20190806151231,1198,+33660492250,transfert,20190806,151231,16880382433
+33458005730,20190806151842,8,+41786231234,transfert,20190806,151842,16880274998
+33458005730,20190806145436,11,+33660492250,transfert,20190806,145436,16880080190
+33458005730,20190806144823,14,+33660492250,transfert,20190806,144823,16880030871
+33458005730,20190806140423,721,+33687024064,transfert,20190806,140423,16879756564
+33458005730,20190806115601,324,+33616675162,transfert,20190806,115601,16879060541
+33458005730,20190806114915,338,+33620928846,transfert,20190806,114915,16879016035
+33458005730,20190806115445,4,+33616675162,transfert,20190806,115445,16879015521
+33458005730,20190806114732,5,+33620928846,transfert,20190806,114732,16878964143
+33458005730,20190806111622,693,+33616675162,transfert,20190806,111622,16878797164
+33458005730,20190806112236,0,+33638634719,transfert,20190806,112236,16878758232
+33458005730,20190806112141,10,+33638634719,transfert,20190806,112141,16878753993
+33458005730,20190806111850,13,+33638634719,transfert,20190806,111850,16878728877
+33458005730,20190806111548,13,+33616675162,transfert,20190806,111548,16878699729
+33458005730,20190806111022,69,+33228004006,transfert,20190806,111022,16878658363
+33458005730,20190806110839,4,+33607119109,transfert,20190806,110839,16878634518
+33458005730,20190806110517,25,+33620928846,transfert,20190806,110517,16878608658
+33458005730,20190806102248,47,+33616675162,transfert,20190806,102248,16878216602
+33458005730,20190805172050,4,+886987767447,transfert,20190805,172050,16874769597
+33458005730,20190805164104,224,+33695961014,transfert,20190805,164104,16874479402
+33458005730,20190805164208,5,+33660492250,transfert,20190805,164208,16874461395
+33458005730,20190805164116,12,+33660492250,transfert,20190805,164116,16874456116
+33458005730,20190805162831,626,+33695961014,transfert,20190805,162831,16874436705
+33458005730,20190805162250,5,+33695961014,transfert,20190805,162250,16874297358
+33458005730,20190805162210,2,+33695961014,transfert,20190805,162210,16874289361
+33458005730,20190805162110,12,+33695961014,transfert,20190805,162110,16874283539
+33458005730,20190805160733,4,+33660492250,transfert,20190805,160733,16874163078
+33458005730,20190805154704,697,+221781834757,transfert,20190805,154704,16874080117
+33458005730,20190805153919,11,+33660839493,transfert,20190805,153919,16873915508
+33458005730,20190805153856,21,+886987767447,transfert,20190805,153856,16873913561
+33458005730,20190805153739,4,+33616021813,transfert,20190805,153739,16873894945
+33458005730,20190805153659,0,+33616021813,transfert,20190805,153659,16873890359
+33458005730,20190805153401,5,+33616021813,transfert,20190805,153401,16873863072
+33458005730,20190805152428,151,+33660492250,transfert,20190805,152428,16873793017
+33458005730,20190805152432,3,+33616021813,transfert,20190805,152432,16873775013
+33458005730,20190805151907,182,+221781834757,transfert,20190805,151907,16873748917
+33458005730,20190805145954,263,+221781834757,transfert,20190805,145954,16873592697
+33458005730,20190805145627,187,+33615017384,transfert,20190805,145627,16873553666
+33458005730,20190805144246,247,+33663995593,transfert,20190805,144246,16873424514
+33458005730,20190805143610,260,+33645939850,transfert,20190805,143610,16873365095
+33458005730,20190805142114,872,+33148070800,transfert,20190805,142114,16873318864
+33458005730,20190805140028,1080,+33660492250,transfert,20190805,140028,16873148564
+33458005730,20190805134840,6,+33615017384,transfert,20190805,134840,16872885137
+33458005730,20190805134746,6,+33615017384,transfert,20190805,134746,16872879312
+33458005730,20190805134544,11,+33688222647,transfert,20190805,134544,16872865333
+33458005730,20190805130227,11,+33148070800,transfert,20190805,130227,16872649368
+33458005730,20190805125837,4,+33148070800,transfert,20190805,125837,16872629305
+33458005730,20190805120646,203,+33652507658,transfert,20190805,120646,16872362865
+33458005730,20190805114853,1026,+33660492250,transfert,20190805,114853,16872334882
+33458005730,20190805120458,10,+33652507658,transfert,20190805,120458,16872331523
+33458005730,20190805120012,0,+33652507658,transfert,20190805,120012,16872292403
+33458005730,20190805113512,63,+33984366368,transfert,20190805,113512,16872084345
+33458005730,20190805112814,429,+33148070800,transfert,20190805,112814,16872078239
+33458005730,20190805112715,14,+33148070800,transfert,20190805,112715,16872013526
+33458005730,20190805112707,57,+33663995593,transfert,20190805,112707,16872011733
+33458005730,20190805105705,33,+33663995593,transfert,20190805,105705,16871737515
+33458005730,20190805105526,25,+33663995593,transfert,20190805,105526,16871724214
+33458005730,20190805105417,4,+33607559403,transfert,20190805,105417,16871711836
+33458005730,20190805104024,858,+33663995593,transfert,20190805,104024,16871708252
+33458005730,20190805090507,393,+33984366368,transfert,20190805,090507,16870809638
+33458005730,20190805085403,4,+33984366368,transfert,20190805,085403,16870695078
+33458005730,20190805085318,5,+33984366368,transfert,20190805,085318,16870690274
+33458005730,20190803175844,6,+33685708650,transfert,20190803,175844,16863781946
+33458005730,20190803175810,3,+33685708650,transfert,20190803,175810,16863778925
+33458005730,20190803175529,7,+33685708650,transfert,20190803,175529,16863768455
+33458005730,20190803175458,10,+33685708650,transfert,20190803,175458,16863764397
+33458005730,20190802170355,9,+33671027212,transfert,20190802,170355,16859066237
+33458005730,20190802163646,55,+33603217568,transfert,20190802,163646,16858879727
+33458005730,20190802154738,166,+33648154857,transfert,20190802,154738,16858507791
+33458005730,20190802150734,11,+33607501966,transfert,20190802,150734,16858152057
+33458005730,20190802150607,43,+33648154857,transfert,20190802,150607,16858141739
+33458005730,20190802144941,3,+33603217568,transfert,20190802,144941,16857982700
+33458005730,20190802144849,3,+33603217568,transfert,20190802,144849,16857976110
+33458005730,20190802143854,4,+33607262077,transfert,20190802,143854,16857894947
+33458005730,20190802140233,47,+33659637105,transfert,20190802,140233,16857585429
+33458005730,20190802134243,55,+596696935949,transfert,20190802,134243,16857476507
+33458005730,20190802114750,4,+33685915513,transfert,20190802,114750,16856930992
+33458005730,20190802110854,4,+33622049687,transfert,20190802,110854,16856603565
+33458005730,20190802105912,4,+33685915513,transfert,20190802,105912,16856520392
+33458005730,20190802104122,55,anonymous,transfert,20190802,104122,16856361424
+33458005730,20190802104031,23,anonymous,transfert,20190802,104031,16856347455
+33458005730,20190802103427,78,anonymous,transfert,20190802,103427,16856294144
+33458005730,20190802095459,11,+33474327769,transfert,20190802,095459,16855900085
+33458005730,20190802093509,96,+34659275573,transfert,20190802,093509,16855741026
+33458005730,20190802093034,0,+34659275573,transfert,20190802,093034,16855690395
+33458005730,20190802092905,3,+34659275573,transfert,20190802,092905,16855679103
+33458005730,20190802092825,3,+34659275573,transfert,20190802,092825,16855676099
+33458005730,20190802092744,4,+34659275573,transfert,20190802,092744,16855668888
+33458005730,20190802092701,5,+34659275573,transfert,20190802,092701,16855665088
+33458005730,20190801170348,119,+447552112970,transfert,20190801,170348,16852897686
+33458005730,20190801165546,6,+22248385050,transfert,20190801,165546,16852820336
+33458005730,20190801160240,153,+33762121922,transfert,20190801,160240,16852407325
+33458005730,20190801155556,167,+22222602268,transfert,20190801,155556,16852353811
+33458005730,20190801153316,367,+33668875777,transfert,20190801,153316,16852181135
+33458005730,20190801151812,340,+447552112970,transfert,20190801,151812,16852043019
+33458005730,20190801151312,267,+33556442269,transfert,20190801,151312,16851993436
+33458005730,20190801150333,37,+33680111711,transfert,20190801,150333,16851867910
+33458005730,20190801141116,63,+33607119109,transfert,20190801,141116,16851412884
+33458005730,20190801135226,225,+33141490417,transfert,20190801,135226,16851287163
+33458005730,20190801135125,5,+33141490417,transfert,20190801,135125,16851264812
+33458005730,20190801125912,21,+22222602268,transfert,20190801,125912,16850993201
+33458005730,20190801125810,8,+22222602268,transfert,20190801,125810,16850987729
+33458005730,20190801122304,0,+33141490417,transfert,20190801,122304,16850814617
+33458005730,20190801115015,132,+34659275573,transfert,20190801,115015,16850590591
+33458005730,20190801112024,113,+33476595959,transfert,20190801,112024,16850300526
+33458005730,20190801103307,3,+33141490417,transfert,20190801,103307,16849836118
+33458005730,20190801103221,3,+33141490417,transfert,20190801,103221,16849825923
+33458005730,20190801095109,134,+33490200927,transfert,20190801,095109,16849457865
+33458005730,20190801094350,103,+34659275573,transfert,20190801,094350,16849392998
+33458005730,20190801093647,6,+33490200927,transfert,20190801,093647,16849322325
+33458005730,20190801091655,3,+33607119109,transfert,20190801,091655,16849158341
+33458005730,20190801091613,3,+33607119109,transfert,20190801,091613,16849154342
+33458005709,20190831094003,106,+33673470543,transfert,20190831,094003,17024549969
+33458005709,20190831093731,11,+33673470543,transfert,20190831,093731,17024529147
+33458005709,20190830171941,44,+33559350793,transfert,20190830,171941,17021682872
+33458005709,20190830164301,7,+33619562226,transfert,20190830,164301,17021407224
+33458005709,20190830155748,265,+33769494028,incoming,20190830,155748,17021048033
+33458005709,20190830154629,217,+33615017384,incoming,20190830,154629,17020929381
+33458005709,20190830141454,735,+33619562226,incoming,20190830,141454,17020150482
+33458005709,20190830101803,92,+33768695436,incoming,20190830,101803,17018279396
+33458005709,20190830094236,193,+33611023244,incoming,20190830,094236,17017947620
+33458005709,20190830094321,7,+33247367821,transfert,20190830,094321,17017929286
+33458005709,20190830092938,571,+33634458094,incoming,20190830,092938,17017888869
+33458005709,20190829150039,10,+33638634719,transfert,20190829,150039,17013672184
+33458005709,20190829141550,66,+33648544291,incoming,20190829,141550,17013234690
+33458005709,20190829134204,12,+33682525500,transfert,20190829,134204,17012991411
+33458005709,20190829132652,4,+33682525500,transfert,20190829,132652,17012914356
+33458005709,20190829120635,5,+33682525500,transfert,20190829,120635,17012508436
+33458005709,20190829111711,640,+33682525500,incoming,20190829,111711,17012153418
+33458005709,20190829112105,11,+33629235917,transfert,20190829,112105,17012097312
+33458005709,20190829105751,313,+33616238436,incoming,20190829,105751,17011933064
+33458005709,20190829105210,202,+33634458094,incoming,20190829,105210,17011862053
+33458005709,20190829104529,181,+33634458094,incoming,20190829,104529,17011794004
+33458005709,20190829103448,426,+33608936938,incoming,20190829,103448,17011731529
+33458005709,20190829100706,182,+33608936938,incoming,20190829,100706,17011423507
+33458005709,20190829092745,394,+33772771185,incoming,20190829,092745,17011074915
+33458005709,20190828163739,462,+33686036353,incoming,20190828,163739,17007658957
+33458005709,20190828154310,231,+33686036353,incoming,20190828,154310,17007119937
+33458005709,20190828154433,9,+33638634719,transfert,20190828,154433,17007097051
+33458005709,20190828154343,11,+33638634719,transfert,20190828,154343,17007091843
+33458005709,20190828152136,4,+33681365244,transfert,20190828,152136,17006883754
+33458005709,20190828122430,3,+33681365244,transfert,20190828,122430,17005571563
+33458005709,20190828121444,4,+33682673031,transfert,20190828,121444,17005516403
+33458005709,20190828113631,1168,+33389611671,incoming,20190828,113631,17005380813
+33458005709,20190828113022,314,+33977762600,incoming,20190828,113022,17005206627
+33458005709,20190828113416,7,+33633679128,transfert,20190828,113416,17005199166
+33458005709,20190828105017,504,+33772771185,incoming,20190828,105017,17004839777
+33458005709,20190828101917,331,+33768695436,incoming,20190828,101917,17004499582
+33458005709,20190828094844,296,+33682673031,incoming,20190828,094844,17004190704
+33458005709,20190828095142,6,+33776173654,transfert,20190828,095142,17004176869
+33458005709,20190828094011,194,+33682673031,incoming,20190828,094011,17004090672
+33458005709,20190828091311,265,+33633679128,incoming,20190828,091311,17003867996
+33458005709,20190827155324,96,+33630513012,incoming,20190827,155324,17000153859
+33458005709,20190827154653,6,+33630513012,transfert,20190827,154653,17000070175
+33458005709,20190827152501,4,+33763217061,transfert,20190827,152501,16999842471
+33458005709,20190827145424,513,+33663995593,incoming,20190827,145424,16999607391
+33458005709,20190827141328,132,+33626563844,incoming,20190827,141328,16999114322
+33458005709,20190827115501,5,+33638634719,transfert,20190827,115501,16998280358
+33458005709,20190827112415,1121,+594694937374,incoming,20190827,112415,16998163037
+33458005709,20190827113659,4,+33358931697,transfert,20190827,113659,16998107868
+33458005709,20190827111335,7,+33772771185,transfert,20190827,111335,16997870122
+33458005709,20190827110347,3,+33772771185,transfert,20190827,110347,16997771457
+33458005709,20190827110248,2,+33358931697,transfert,20190827,110248,16997759572
+33458005709,20190827104726,789,+33609925333,incoming,20190827,104726,16997736082
+33458005709,20190827102605,779,+33609925333,incoming,20190827,102605,16997502541
+33458005709,20190827103633,5,+33358931697,transfert,20190827,103633,16997481427
+33458005709,20190827100148,192,+33609925333,incoming,20190827,100148,16997147169
+33458005709,20190827092917,497,+33689879324,incoming,20190827,092917,16996859049
+33458005709,20190827093149,4,+33768695436,transfert,20190827,093149,16996803885
+33458005709,20190827091745,4,+33768695436,transfert,20190827,091745,16996675168
+33458005709,20190827090549,586,+33650556381,incoming,20190827,090549,16996650564
+33458005709,20190827091503,5,+33768695436,transfert,20190827,091503,16996647633
+33458005709,20190826172646,160,+33681365244,incoming,20190826,172646,16993674062
+33458005709,20190826164254,44,+41218031888,transfert,20190826,164254,16993283338
+33458005709,20190826161111,150,+33685708650,incoming,20190826,161111,16992969306
+33458005709,20190826155134,628,+33681374820,incoming,20190826,155134,16992842441
+33458005709,20190826154158,549,+33681374820,incoming,20190826,154158,16992729670
+33458005709,20190826153628,197,+33383816909,incoming,20190826,153628,16992615221
+33458005709,20190826152350,123,+33626563844,incoming,20190826,152350,16992484910
+33458005709,20190826150856,222,+33626563844,incoming,20190826,150856,16992356607
+33458005709,20190826150005,379,+41797088102,incoming,20190826,150005,16992290643
+33458005709,20190826111245,311,+33616021813,incoming,20190826,111245,16990464965
+33458005709,20190826111043,0,+33616021813,miss,20190826,111043,16990385060
+33458005709,20190826110837,2,+33616021813,transfert,20190826,110837,16990360842
+33458005709,20190826105753,200,+33669301431,incoming,20190826,105753,16990268283
+33458005709,20190826104038,76,+33767687702,incoming,20190826,104038,16990051800
+33458005709,20190826095209,10,+33607426837,transfert,20190826,095209,16989477164
+33458005709,20190826095053,1,+33679778373,transfert,20190826,095053,16989464821
+33458005709,20190826092543,540,+33609925333,incoming,20190826,092543,16989292932
+33458005709,20190826091511,479,+33673470543,incoming,20190826,091511,16989178423
+33458005709,20190826091858,38,+33679778373,transfert,20190826,091858,16989146488
+33458005709,20190826090933,3,+33679778373,transfert,20190826,090933,16989055542
+33458005709,20190826090839,15,+33679778373,transfert,20190826,090839,16989050710
+33458005709,20190826090813,10,+33673470543,transfert,20190826,090813,16989045717
+33458005709,20190826090046,162,+33679778373,incoming,20190826,090046,16989002387
+33458005709,20190824155408,53,+33689879324,transfert,20190824,155408,16981921968
+33458005709,20190824102119,44,+33609925333,transfert,20190824,102119,16980428422
+33458005709,20190823155352,597,+33650882803,incoming,20190823,155352,16976933877
+33458005709,20190823151732,11,+33622132693,transfert,20190823,151732,16976558921
+33458005709,20190823140946,4,+33608429394,transfert,20190823,140946,16975977756
+33458005709,20190823122742,47,+33687024064,transfert,20190823,122742,16975462393
+33458005709,20190823122440,3,+33687024064,transfert,20190823,122440,16975442605
+33458005709,20190823122244,4,+33687024064,transfert,20190823,122244,16975432139
+33458005709,20190823121954,12,+33608429394,transfert,20190823,121954,16975418574
+33458005709,20190823115629,173,+33687024064,incoming,20190823,115629,16975277630
+33458005709,20190823115411,12,+33687024064,transfert,20190823,115411,16975241120
+33458005709,20190823112619,204,+33669301431,incoming,20190823,112619,16975032960
+33458005709,20190823110235,466,+33679778373,incoming,20190823,110235,16974885905
+33458005709,20190823105911,156,+33679778373,incoming,20190823,105911,16974811161
+33458005709,20190823105137,261,+33679778373,incoming,20190823,105137,16974764334
+33458005709,20190823102019,64,+33686036353,incoming,20190823,102019,16974462936
+33458005709,20190823095138,140,+33782298799,incoming,20190823,095138,16974208355
+33458005709,20190822182904,10,+33650882803,transfert,20190822,182904,16972023947
+33458005709,20190822171254,9,+33621591281,transfert,20190822,171254,16971506477
+33458005709,20190822153604,3,+41213458034,transfert,20190822,153604,16970760682
+33458005709,20190822152527,10,+41213458034,transfert,20190822,152527,16970678019
+33458005709,20190822152344,9,+33616021813,transfert,20190822,152344,16970663912
+33458005709,20190822151453,5,+41213458034,transfert,20190822,151453,16970589303
+33458005709,20190822150945,14,+41213458034,transfert,20190822,150945,16970546234
+33458005709,20190822144654,6,+262692788666,transfert,20190822,144654,16970340864
+33458005709,20190822100626,174,+33607426837,incoming,20190822,100626,16968453077
+33458005709,20190822094247,373,+33621591281,incoming,20190822,094247,16968282050
+33458005709,20190822091914,11,+33621591281,transfert,20190822,091914,16968061305
+33458005709,20190822091256,6,+33621591281,transfert,20190822,091256,16968011729
+33458005709,20190821165448,415,+33677225208,incoming,20190821,165448,16965423576
+33458005709,20190821164721,363,+33688222647,incoming,20190821,164721,16965355145
+33458005709,20190821162437,1129,+33622132693,incoming,20190821,162437,16965275251
+33458005709,20190821164212,5,+33559122057,transfert,20190821,164212,16965268123
+33458005709,20190821164101,10,+33559122057,transfert,20190821,164101,16965259399
+33458005709,20190821145222,279,+33661360678,incoming,20190821,145222,16964308342
+33458005709,20190821143341,267,+33607262077,incoming,20190821,143341,16964131651
+33458005709,20190821142358,46,+33616210175,transfert,20190821,142358,16964006296
+33458005709,20190821142338,4,+33645903436,transfert,20190821,142338,16963998805
+33458005709,20190821140705,770,+33607826790,incoming,20190821,140705,16963962566
+33458005709,20190821141857,12,+33660803629,transfert,20190821,141857,16963955722
+33458005709,20190821120147,748,+33633963065,incoming,20190821,120147,16963294224
+33458005709,20190821113305,760,+33616238436,incoming,20190821,113305,16963110622
+33458005709,20190821113529,5,+33607426837,transfert,20190821,113529,16963023669
+33458005709,20190821113129,93,+33607426837,incoming,20190821,113129,16962998996
+33458005709,20190821112838,9,+33607426837,transfert,20190821,112838,16962961372
+33458005709,20190821112043,265,+33495501000,incoming,20190821,112043,16962931467
+33458005709,20190821111847,141,+33495501000,transfert,20190821,111847,16962893375
+33458005709,20190821111945,7,+33495501000,incoming,20190821,111945,16962880000
+33458005709,20190821110918,233,+33658898832,incoming,20190821,110918,16962820570
+33458005709,20190821104529,4,+33607262077,transfert,20190821,104529,16962585600
+33458005709,20190821104109,296,+33607426837,incoming,20190821,104109,16962584424
+33458005709,20190821104357,2,+33468898412,transfert,20190821,104357,16962572368
+33458005709,20190821095916,421,+33972176458,incoming,20190821,095916,16962248225
+33458005709,20190820182730,5,+33652507658,transfert,20190820,182730,16959463259
+33458005709,20190820173212,5,+33658898832,transfert,20190820,173212,16959086059
+33458005709,20190820173152,4,+33658898832,transfert,20190820,173152,16959082538
+33458005709,20190820173010,63,+33236417029,transfert,20190820,173010,16959078166
+33458005709,20190820172335,0,+33650598919,miss,20190820,172335,16959021706
+33458005709,20190820172241,1,+33650598919,transfert,20190820,172241,16959015316
+33458005709,20190820162756,12,+33612235567,transfert,20190820,162756,16958582165
+33458005709,20190820155318,11,+33468898412,transfert,20190820,155318,16958322160
+33458005709,20190820151720,3,+33626544898,transfert,20190820,151720,16958001164
+33458005709,20190820143403,12,+33661916499,transfert,20190820,143403,16957626873
+33458005709,20190820141844,73,+33977762600,transfert,20190820,141844,16957511300
+33458005709,20190820101938,42,+33972176458,incoming,20190820,101938,16955880318
+33458005709,20190820094210,3,+33972176458,transfert,20190820,094210,16955523874
+33458005709,20190820091512,5,+33685915513,transfert,20190820,091512,16955308227
+33458005709,20190819180939,361,+33603217568,incoming,20190819,180939,16953046206
+33458005709,20190819173610,329,+33675533472,incoming,20190819,173610,16952819409
+33458005709,20190819165037,756,+33613611343,incoming,20190819,165037,16952543808
+33458005709,20190819144323,95,+33972176458,incoming,20190819,144323,16951270997
+33458005709,20190819141258,91,+33603217568,incoming,20190819,141258,16950955121
+33458005709,20190819135855,80,+33972176458,incoming,20190819,135855,16950818655
+33458005709,20190819112933,5,+33972176458,transfert,20190819,112933,16949864316
+33458005709,20190819110242,960,+33698246984,incoming,20190819,110242,16949748995
+33458005709,20190819110925,5,+33626508177,transfert,20190819,110925,16949663125
+33458005709,20190819104732,162,+33658898832,incoming,20190819,104732,16949460500
+33458005709,20190819103812,160,+355676071999,incoming,20190819,103812,16949357519
+33458005709,20190819100040,419,+33603217568,incoming,20190819,100040,16949002301
+33458005709,20190819094841,152,+33603217568,incoming,20190819,094841,16948820467
+33458005709,20190819085731,220,+33688222647,incoming,20190819,085731,16948309609
+33458005709,20190816180331,13,+33661916499,transfert,20190816,180331,16936629824
+33458005709,20190816171153,5,+33661916499,transfert,20190816,171153,16936355213
+33458005709,20190816170212,11,+33661916499,transfert,20190816,170212,16936300454
+33458005709,20190816163815,6,+33768695436,transfert,20190816,163815,16936148742
+33458005709,20190816162838,4,+33663995593,transfert,20190816,162838,16936083017
+33458005709,20190816101642,5,+33632891463,transfert,20190816,101642,16933796396
+33458005709,20190816095006,66,+33782210622,transfert,20190816,095006,16933595610
+33458005709,20190814165254,282,+32477377633,incoming,20190814,165254,16926353159
+33458005709,20190814163510,80,+33673470543,incoming,20190814,163510,16926192970
+33458005709,20190814161945,644,+33621591281,incoming,20190814,161945,16926150577
+33458005709,20190814163004,4,+33673470543,transfert,20190814,163004,16926148175
+33458005709,20190814161401,4,+33621591281,transfert,20190814,161401,16926033506
+33458005709,20190814155153,112,+33621591281,incoming,20190814,155153,16925876808
+33458005709,20190814155247,6,+33182885748,transfert,20190814,155247,16925871123
+33458005709,20190814154748,69,+33772771185,incoming,20190814,154748,16925834628
+33458005709,20190814154342,97,+33663995593,transfert,20190814,154342,16925806372
+33458005709,20190814154203,6,+33621591281,transfert,20190814,154203,16925776346
+33458005709,20190814144327,146,+33772771185,incoming,20190814,144327,16925376198
+33458005709,20190814143321,63,+33782298799,incoming,20190814,143321,16925288379
+33458005709,20190814123008,4,+33607426837,transfert,20190814,123008,16924594688
+33458005709,20190814120120,4,+33607426837,transfert,20190814,120120,16924441438
+33458005709,20190814115222,3,+33607426837,transfert,20190814,115222,16924377960
+33458005709,20190814115137,9,+33607426837,transfert,20190814,115137,16924372756
+33458005709,20190814113650,81,+33607426837,incoming,20190814,113650,16924276324
+33458005709,20190814105309,391,+33616675162,incoming,20190814,105309,16923973378
+33458005709,20190814105921,5,+33663995593,transfert,20190814,105921,16923971150
+33458005709,20190814102457,395,+33767687702,incoming,20190814,102457,16923749569
+33458005709,20190814100846,524,+33673470543,incoming,20190814,100846,16923636515
+33458005709,20190814100353,0,+33686209242,miss,20190814,100353,16923531547
+33458005709,20190814091832,3,+33673470543,transfert,20190814,091832,16923200587
+33458005709,20190814091251,10,+33444052972,transfert,20190814,091251,16923152189
+33458005709,20190814091011,51,+33673470543,transfert,20190814,091011,16923139398
+33458005709,20190813162041,442,+33681365244,incoming,20190813,162041,16919997282
+33458005709,20190813154440,435,+33182885748,incoming,20190813,154440,16919720331
+33458005709,20190813153354,278,+33688222647,incoming,20190813,153354,16919619009
+33458005709,20190813145604,241,+33603217568,incoming,20190813,145604,16919321866
+33458005709,20190813143134,0,+33616675162,miss,20190813,143134,16919109169
+33458005709,20190813142540,216,+33182885748,incoming,20190813,142540,16919090035
+33458005709,20190813142117,0,+33182885748,miss,20190813,142117,16919033384
+33458005709,20190813141841,155,+33772771185,incoming,20190813,141841,16919032318
+33458005709,20190813111454,137,+33458005707,incoming,20190813,111454,16918022518
+33458005709,20190813111125,5,+33682525500,transfert,20190813,111125,16917980936
+33458005709,20190813102254,75,+33618005755,incoming,20190813,102254,16917628435
+33458005709,20190813101535,43,+33645903436,incoming,20190813,101535,16917570642
+33458005709,20190813090912,20,+33767687702,incoming,20190813,090912,16917098313
+33458005709,20190813090704,88,+33767687702,incoming,20190813,090704,16917092435
+33458005709,20190812180405,5,+33444052972,transfert,20190812,180405,16914955637
+33458005709,20190812175103,5,+33444052972,transfert,20190812,175103,16914872383
+33458005709,20190812174805,3,+33767687702,transfert,20190812,174805,16914850147
+33458005709,20190812173659,3,+33767687702,transfert,20190812,173659,16914774770
+33458005709,20190812172412,12,+33458005707,transfert,20190812,172412,16914674173
+33458005709,20190812172351,0,+33458005707,transfert,20190812,172351,16914670222
+33458005709,20190812172254,5,+33767687702,transfert,20190812,172254,16914663516
+33458005709,20190812152644,35,+33479654512,incoming,20190812,152644,16913769784
+33458005709,20190812145259,920,+33479654512,incoming,20190812,145259,16913616469
+33458005709,20190812150634,78,+33614300322,transfert,20190812,150634,16913613358
+33458005709,20190812144310,294,+33618005755,incoming,20190812,144310,16913451854
+33458005709,20190812132152,8,+33607426837,transfert,20190812,132152,16912883353
+33458005709,20190812113400,639,+33458005707,incoming,20190812,113400,16912404665
+33458005709,20190812113137,6,+33490200927,transfert,20190812,113137,16912307477
+33458005709,20190812111347,63,+33614300322,transfert,20190812,111347,16912177136
+33458005709,20190812104326,263,+33607426837,incoming,20190812,104326,16911969909
+33458005709,20190812102008,517,+33645903436,incoming,20190812,102008,16911799877
+33458005709,20190812101411,8,+33645903436,transfert,20190812,101411,16911676441
+33458005709,20190812101245,15,+33681374820,transfert,20190812,101245,16911665049
+33458005709,20190812100423,7,+33681374820,transfert,20190812,100423,16911599038
+33458005709,20190812100219,4,+33444052972,transfert,20190812,100219,16911580529
+33458005709,20190812094736,752,+33681374820,incoming,20190812,094736,16911557109
+33458005709,20190812095411,54,+33607426837,transfert,20190812,095411,16911517181
+33458005709,20190812094854,11,+33645903436,transfert,20190812,094854,16911466426
+33458005709,20190810155345,60,+33762672515,transfert,20190810,155345,16904339679
+33458005709,20190809181118,3,+33767687702,transfert,20190809,181118,16900286636
+33458005709,20190809173930,5,+33681365244,transfert,20190809,173930,16900096736
+33458005709,20190809171223,4,+33769494028,transfert,20190809,171223,16899924361
+33458005709,20190809171043,76,+33668383411,transfert,20190809,171043,16899920749
+33458005709,20190809165559,2,+33681365244,transfert,20190809,165559,16899814522
+33458005709,20190809164430,14,+33620236188,transfert,20190809,164430,16899731035
+33458005709,20190809162533,4,+33444052972,transfert,20190809,162533,16899559898
+33458005709,20190809161201,4,+33444052972,transfert,20190809,161201,16899448698
+33458005709,20190809161138,4,+33444052972,transfert,20190809,161138,16899445000
+33458005709,20190809160345,11,+33682673031,transfert,20190809,160345,16899375335
+33458005709,20190809155650,4,+33444052972,transfert,20190809,155650,16899313038
+33458005709,20190809155017,5,+33444052972,transfert,20190809,155017,16899257939
+33458005709,20190809154708,70,+33444052972,transfert,20190809,154708,16899243551
+33458005709,20190809152451,9,+33388180885,transfert,20190809,152451,16899071549
+33458005709,20190809151622,3,+33658898832,transfert,20190809,151622,16899000827
+33458005709,20190809145251,59,+33388180885,transfert,20190809,145251,16898810220
+33458005709,20190809145207,12,+33388180885,transfert,20190809,145207,16898796611
+33458005709,20190809144308,4,+33645903436,transfert,20190809,144308,16898720281
+33458005709,20190809142701,4,+33444052972,transfert,20190809,142701,16898582305
+33458005709,20190809115247,7,+33490200927,transfert,20190809,115247,16897760206
+33458005709,20190809105259,3,+33444052972,transfert,20190809,105259,16897243852
+33458005709,20190809105103,13,+33444052972,transfert,20190809,105103,16897228581
+33458005709,20190809104845,7,+33444052972,transfert,20190809,104845,16897206956
+33458005709,20190809104216,52,+33686209242,transfert,20190809,104216,16897161706
+33458005709,20190809103332,4,+33645903436,transfert,20190809,103332,16897081240
+33458005709,20190809101403,12,+33645903436,transfert,20190809,101403,16896924421
+33458005709,20190809100656,68,+33698780986,transfert,20190809,100656,16896877226
+33458005709,20190809094626,15,+33772771185,transfert,20190809,094626,16896713013
+33458005709,20190809091109,7,+33698780986,transfert,20190809,091109,16896463431
+33458005709,20190809085917,14,+33698780986,transfert,20190809,085917,16896400550
+33458005709,20190808175423,2,+33681365244,transfert,20190808,175423,16893826247
+33458005709,20190808175335,6,+33681365244,transfert,20190808,175335,16893820818
+33458005709,20190808162125,272,+221781834757,incoming,20190808,162125,16893166528
+33458005709,20190808160858,4,+221781834757,transfert,20190808,160858,16893027760
+33458005709,20190808160758,8,+221781834757,transfert,20190808,160758,16893021925
+33458005709,20190808144421,13,+32477377633,transfert,20190808,144421,16892383403
+33458005709,20190808143453,4,+33660492250,transfert,20190808,143453,16892305237
+33458005709,20190808143332,37,+385914440242,transfert,20190808,143332,16892298731
+33458005709,20190808142422,8,+33299423758,transfert,20190808,142422,16892222286
+33458005709,20190808115441,4,+33299423758,transfert,20190808,115441,16891463999
+33458005709,20190808113859,11,+33299423758,transfert,20190808,113859,16891347875
+33458005709,20190808113049,5,+41786231234,transfert,20190808,113049,16891279880
+33458005709,20190808113013,4,+41786231234,transfert,20190808,113013,16891276489
+33458005709,20190808112943,16,+41786231234,transfert,20190808,112943,16891272446
+33458005709,20190808112859,4,+41786231234,transfert,20190808,112859,16891267968
+33458005709,20190808101139,40,+33299423758,transfert,20190808,101139,16890672710
+33458005709,20190808095818,3,+41786231234,transfert,20190808,095818,16890566491
+33458005709,20190808093108,3,+41786231234,transfert,20190808,093108,16890358447
+33458005709,20190807170049,920,+33648057620,incoming,20190807,170049,16887453505
+33458005709,20190807164014,3,+33783341758,transfert,20190807,164014,16887174872
+33458005709,20190807162803,8,+33783341758,transfert,20190807,162803,16887092284
+33458005709,20190807162445,4,+33783341758,transfert,20190807,162445,16887066659
+33458005709,20190807162232,3,+33783341758,transfert,20190807,162232,16887049986
+33458005709,20190807162204,7,+33783341758,transfert,20190807,162204,16887048057
+33458005709,20190807154644,5,+33557527658,transfert,20190807,154644,16886774168
+33458005709,20190807153839,13,+33557527658,transfert,20190807,153839,16886706076
+33458005709,20190807153550,34,+33299423758,transfert,20190807,153550,16886688001
+33458005709,20190807153124,29,+221781834757,transfert,20190807,153124,16886653593
+33458005709,20190807143425,267,+41786231234,incoming,20190807,143425,16886239259
+33458005709,20190807115921,612,+33645903436,incoming,20190807,115921,16885459652
+33458005709,20190807111141,317,+34659275573,incoming,20190807,111141,16885060166
+33458005709,20190807105112,263,+33783341758,incoming,20190807,105112,16884870803
+33458005709,20190807103255,590,+33686036353,incoming,20190807,103255,16884758464
+33458005709,20190807103435,2,+33783341758,transfert,20190807,103435,16884686399
+33458005709,20190807103348,11,+33783341758,transfert,20190807,103348,16884683438
+33458005709,20190807103204,3,+33686036353,transfert,20190807,103204,16884666931
+33458005709,20190807102542,419,+33607119109,incoming,20190807,102542,16884665763
+33458005709,20190807100831,143,+221781834757,incoming,20190807,100831,16884469443
+33458005709,20190807100415,5,+221781834757,transfert,20190807,100415,16884416408
+33458005709,20190807100247,5,+221781834757,transfert,20190807,100247,16884406161
+33458005709,20190807100106,13,+221781834757,transfert,20190807,100106,16884387786
+33458005709,20190806171436,84,+33620928846,incoming,20190806,171436,16881181391
+33458005709,20190806161109,115,+33638634719,incoming,20190806,161109,16880713669
+33458005709,20190806155626,6,+33607262077,transfert,20190806,155626,16880577182
+33458005709,20190806155555,6,+33638634719,transfert,20190806,155555,16880572263
+33458005709,20190806151842,8,+41786231234,transfert,20190806,151842,16880275211
+33458005709,20190806151813,0,+41786231234,miss,20190806,151813,16880270495
+33458005709,20190806151754,6,+41786231234,transfert,20190806,151754,16880268112
+33458005709,20190806145436,11,+33660492250,transfert,20190806,145436,16880080348
+33458005709,20190806144823,14,+33660492250,transfert,20190806,144823,16880030644
+33458005709,20190806140423,721,+33687024064,incoming,20190806,140423,16879756696
+33458005709,20190806132758,5,+41786231234,transfert,20190806,132758,16879461830
+33458005709,20190806114732,5,+33620928846,transfert,20190806,114732,16878964095
+33458005709,20190806112141,10,+33638634719,transfert,20190806,112141,16878753592
+33458005709,20190806111850,13,+33638634719,transfert,20190806,111850,16878728217
+33458005709,20190806111548,13,+33616675162,transfert,20190806,111548,16878698857
+33458005709,20190806111507,5,+33616675162,transfert,20190806,111507,16878692031
+33458005709,20190806110839,4,+33607119109,transfert,20190806,110839,16878634495
+33458005709,20190806110517,25,+33620928846,transfert,20190806,110517,16878609107
+33458005709,20190806103249,34,+33616675162,transfert,20190806,103249,16878312317
+33458005709,20190806102248,47,+33616675162,transfert,20190806,102248,16878217527
+33458005709,20190806102046,12,+33616675162,transfert,20190806,102046,16878192969
+33458005709,20190805164104,224,+33695961014,incoming,20190805,164104,16874479395
+33458005709,20190805164116,12,+33660492250,transfert,20190805,164116,16874456144
+33458005709,20190805162831,626,+33695961014,incoming,20190805,162831,16874436466
+33458005709,20190805162210,2,+33695961014,transfert,20190805,162210,16874289531
+33458005709,20190805162110,12,+33695961014,transfert,20190805,162110,16874283701
+33458005709,20190805160733,4,+33660492250,transfert,20190805,160733,16874162879
+33458005709,20190805154704,697,+221781834757,incoming,20190805,154704,16874080036
+33458005709,20190805153659,0,+33616021813,miss,20190805,153659,16873890242
+33458005709,20190805153401,5,+33616021813,transfert,20190805,153401,16873863048
+33458005709,20190805152428,151,+33660492250,incoming,20190805,152428,16873793161
+33458005709,20190805152432,3,+33616021813,transfert,20190805,152432,16873775113
+33458005709,20190805151907,182,+221781834757,incoming,20190805,151907,16873748631
+33458005709,20190805145954,263,+221781834757,incoming,20190805,145954,16873592450
+33458005709,20190805145627,187,+33615017384,incoming,20190805,145627,16873553851
+33458005709,20190805145334,187,+33632891463,incoming,20190805,145334,16873520956
+33458005709,20190805143610,260,+33645939850,incoming,20190805,143610,16873364962
+33458005709,20190805142114,872,+33148070800,incoming,20190805,142114,16873319179
+33458005709,20190805140028,1080,+33660492250,incoming,20190805,140028,16873148620
+33458005709,20190805134637,169,+33688222647,incoming,20190805,134637,16872889441
+33458005709,20190805134840,6,+33615017384,transfert,20190805,134840,16872885136
+33458005709,20190805134746,6,+33615017384,transfert,20190805,134746,16872879322
+33458005709,20190805134544,11,+33688222647,transfert,20190805,134544,16872865285
+33458005709,20190805130512,7,+33688222647,transfert,20190805,130512,16872663820
+33458005709,20190805130227,11,+33148070800,transfert,20190805,130227,16872649353
+33458005709,20190805125837,4,+33148070800,transfert,20190805,125837,16872629302
+33458005709,20190805114853,1026,+33660492250,incoming,20190805,114853,16872334809
+33458005709,20190805120458,10,+33652507658,transfert,20190805,120458,16872331513
+33458005709,20190805120012,0,+33652507658,miss,20190805,120012,16872292288
+33458005709,20190805113512,63,+33984366368,incoming,20190805,113512,16872084537
+33458005709,20190805112715,14,+33148070800,transfert,20190805,112715,16872014376
+33458005709,20190805105417,4,+33607559403,transfert,20190805,105417,16871712236
+33458005709,20190805104450,54,+33607559403,transfert,20190805,104450,16871627070
+33458005709,20190805102858,80,+33607559403,transfert,20190805,102858,16871484469
+33458005709,20190805090507,393,+33984366368,incoming,20190805,090507,16870810180
+33458005709,20190805085318,5,+33984366368,transfert,20190805,085318,16870690306
+33458005709,20190803175844,6,+33685708650,transfert,20190803,175844,16863781905
+33458005709,20190803175458,10,+33685708650,transfert,20190803,175458,16863764254
+33458005709,20190802163646,55,+33603217568,incoming,20190802,163646,16858879857
+33458005709,20190802160424,1388,+33607262077,incoming,20190802,160424,16858799658
+33458005709,20190802154738,166,+33648154857,incoming,20190802,154738,16858507930
+33458005709,20190802150735,11,+33607501966,transfert,20190802,150735,16858149835
+33458005709,20190802150607,43,+33648154857,transfert,20190802,150607,16858141996
+33458005709,20190802144941,3,+33603217568,transfert,20190802,144941,16857982705
+33458005709,20190802140233,47,+33659637105,incoming,20190802,140233,16857585693
+33458005709,20190802114750,4,+33685915513,transfert,20190802,114750,16856930945
+33458005709,20190802110854,4,+33622049687,transfert,20190802,110854,16856603922
+33458005709,20190802105912,4,+33685915513,transfert,20190802,105912,16856521161
+33458005709,20190802104122,55,anonymous,transfert,20190802,104122,16856361269
+33458005709,20190802104031,23,anonymous,transfert,20190802,104031,16856348092
+33458005709,20190802093509,96,+34659275573,incoming,20190802,093509,16855741529
+33458005709,20190802093034,0,+34659275573,miss,20190802,093034,16855690596
+33458005709,20190802092905,3,+34659275573,transfert,20190802,092905,16855679697
+33458005709,20190802092702,5,+34659275573,transfert,20190802,092702,16855665606
+33458005709,20190801170348,119,+447552112970,incoming,20190801,170348,16852897676
+33458005709,20190801151812,340,+447552112970,incoming,20190801,151812,16852042940
+33458005709,20190801150333,37,+33680111711,incoming,20190801,150333,16851867918
+33458005709,20190801141028,2,+33607119109,transfert,20190801,141028,16851397028
+33458005709,20190801135125,5,+33141490417,transfert,20190801,135125,16851264829
+33458005709,20190801122816,0,+33607119109,miss,20190801,122816,16850847251
+33458005709,20190801122304,0,+33141490417,miss,20190801,122304,16850814662
+33458005709,20190801115015,132,+34659275573,incoming,20190801,115015,16850590127
+33458005709,20190801103221,3,+33141490417,transfert,20190801,103221,16849826594
+33458005709,20190801095109,134,+33490200927,incoming,20190801,095109,16849457732
+33458005709,20190801094350,103,+34659275573,incoming,20190801,094350,16849393559
+33458005709,20190801093647,6,+33490200927,transfert,20190801,093647,16849322416
+33458005709,20190801091613,3,+33607119109,transfert,20190801,091613,16849154482
+33458005709,20190801091456,4,+33607119109,transfert,20190801,091456,16849139372
+33458001003,20190830142617,5,+33661354281,transfert,20190830,142617,17020142076
+33458001003,20190807114313,719,+33698224494,incoming,20190807,114313,16885364177
+33458001003,20190807113928,203,+33698224494,incoming,20190807,113928,16885262606
+33458001003,20190807113753,76,+33698224494,incoming,20190807,113753,16885235108
+33458001003,20190807113648,47,+33698224494,incoming,20190807,113648,16885225335
+33458001003,20190807102720,4,+33698224494,transfert,20190807,102720,16884623146
+33458005707,20190830164530,4,+33603693302,transfert,20190830,164530,17021425962
+33458005707,20190830141654,831,+18195385662,incoming,20190830,141654,17020183907
+33458005707,20190830122531,1230,+33679430077,incoming,20190830,122531,17019556325
+33458005707,20190830115151,395,+33680111711,incoming,20190830,115151,17019279964
+33458005707,20190830104928,118,+33156433770,incoming,20190830,104928,17018603897
+33458005707,20190830103508,704,+33660427621,incoming,20190830,103508,17018560251
+33458005707,20190830093319,11,+33561335775,transfert,20190830,093319,17017830895
+33458005707,20190829171132,1638,+33621108133,incoming,20190829,171132,17015149312
+33458005707,20190829150911,460,+262693032328,incoming,20190829,150911,17013838200
+33458005707,20190829151601,12,+33386870798,transfert,20190829,151601,17013834719
+33458005707,20190829141720,288,+33603693302,incoming,20190829,141720,17013286315
+33458005707,20190829142106,3,+262693032328,transfert,20190829,142106,17013280014
+33458005707,20190829122805,19,+442890319008,transfert,20190829,122805,17012640490
+33458005707,20190829112207,5,+33629235917,transfert,20190829,112207,17012104526
+33458005707,20190829110101,12,+262693032328,transfert,20190829,110101,17011920195
+33458005707,20190828170024,52,+33607522794,transfert,20190828,170024,17007800076
+33458005707,20190828163130,225,+33607522794,incoming,20190828,163130,17007563789
+33458005707,20190828162901,154,+33680871790,incoming,20190828,162901,17007525984
+33458005707,20190828145630,93,+31651776710,incoming,20190828,145630,17006663733
+33458005707,20190828140900,12,+41213458034,transfert,20190828,140900,17006143129
+33458005707,20190828134702,238,+41213458034,incoming,20190828,134702,17005995328
+33458005707,20190828122513,3,+33681365244,transfert,20190828,122513,17005575675
+33458005707,20190828121523,0,+33682673031,miss,20190828,121523,17005518761
+33458005707,20190828095857,281,+33562446448,incoming,20190828,095857,17004288702
+33458005707,20190827154031,327,+33766030656,incoming,20190827,154031,17000060647
+33458005707,20190827142859,359,+33358931697,incoming,20190827,142859,16999301301
+33458005707,20190827142550,33,+33658898832,transfert,20190827,142550,16999219035
+33458005707,20190827142504,4,+33658898832,transfert,20190827,142504,16999208001
+33458005707,20190827134647,293,+22222602268,incoming,20190827,134647,16998896708
+33458005707,20190827134548,7,+22222602268,transfert,20190827,134548,16998861172
+33458005707,20190827115303,5,+33766030656,transfert,20190827,115303,16998262095
+33458005707,20190827115219,5,+33766030656,transfert,20190827,115219,16998258084
+33458005707,20190827113930,6,+33665705039,transfert,20190827,113930,16998135795
+33458005707,20190827113809,0,+33358931697,miss,20190827,113809,16998118287
+33458005707,20190827105554,12,+33386870785,transfert,20190827,105554,16997694650
+33458005707,20190827092015,100,+33389611671,incoming,20190827,092015,16996709724
+33458005707,20190827091822,4,+33768695436,transfert,20190827,091822,16996679171
+33458005707,20190827091704,4,+33768695436,transfert,20190827,091704,16996667116
+33458005707,20190827091548,32,+33768695436,incoming,20190827,091548,16996654263
+33458005707,20190826180442,4,+33666495386,transfert,20190826,180442,16993931351
+33458005707,20190826162403,3,+33666495386,transfert,20190826,162403,16993086190
+33458005707,20190826162308,11,+33666495386,transfert,20190826,162308,16993076573
+33458005707,20190826161612,283,+33658898832,incoming,20190826,161612,16993048498
+33458005707,20190826151108,50,+262692950850,transfert,20190826,151108,16992350731
+33458005707,20190826144929,481,+33616021813,incoming,20190826,144929,16992193714
+33458005707,20190826123415,5,+33666495386,transfert,20190826,123415,16991109563
+33458005707,20190826114114,572,+33634458094,incoming,20190826,114114,16990812342
+33458005707,20190826111107,4,+33616021813,transfert,20190826,111107,16990389213
+33458005707,20190826094811,696,+33674008189,incoming,20190826,094811,16989555877
+33458005707,20190826092539,61,+33682077665,incoming,20190826,092539,16989212473
+33458005707,20190823162947,38,+33608429394,incoming,20190823,162947,16977128954
+33458005707,20190823152843,304,+33658898832,incoming,20190823,152843,16976692839
+33458005707,20190823152043,158,+33622132693,incoming,20190823,152043,16976604808
+33458005707,20190823151800,39,+33622132693,incoming,20190823,151800,16976564943
+33458005707,20190823145149,70,+33608429394,incoming,20190823,145149,16976362909
+33458005707,20190823141349,226,+33608429394,incoming,20190823,141349,16976045388
+33458005707,20190823140827,222,+33658898832,incoming,20190823,140827,16975996765
+33458005707,20190823140905,4,+33608429394,transfert,20190823,140905,16975971642
+33458005707,20190823131454,6,+33608429394,transfert,20190823,131454,16975665982
+33458005707,20190823121901,4,+33608429394,transfert,20190823,121901,16975411861
+33458005707,20190823115737,65,+33156433994,incoming,20190823,115737,16975274157
+33458005707,20190823114910,4,+33673821257,transfert,20190823,114910,16975200383
+33458005707,20190823114737,33,+33630909711,transfert,20190823,114737,16975191758
+33458005707,20190823114310,316,+262692788666,incoming,20190823,114310,16975188314
+33458005707,20190823111737,516,+33631547015,incoming,20190823,111737,16975008768
+33458005707,20190823111001,122,+33608429394,incoming,20190823,111001,16974897604
+33458005707,20190823105211,31,+33640159365,incoming,20190823,105211,16974737857
+33458005707,20190823103151,35,+33630909711,transfert,20190823,103151,16974568191
+33458005707,20190823100646,762,+352285528202,incoming,20190823,100646,16974440539
+33458005707,20190823100438,89,+352285528202,incoming,20190823,100438,16974317336
+33458005707,20190822182856,12,+33680183851,transfert,20190822,182856,16972024839
+33458005707,20190822175001,0,+33679684621,miss,20190822,175001,16971775126
+33458005707,20190822165806,504,+33621108133,incoming,20190822,165806,16971459606
+33458005707,20190822163923,767,+41216276355,incoming,20190822,163923,16971359073
+33458005707,20190822152707,695,+33621108133,incoming,20190822,152707,16970778325
+33458005707,20190822153631,6,+41213458034,transfert,20190822,153631,16970764165
+33458005707,20190822152505,132,+33616021813,incoming,20190822,152505,16970691968
+33458005707,20190822115638,0,+33631547015,miss,20190822,115638,16969401037
+33458005707,20190822105609,362,+31624348518,incoming,20190822,105609,16968955771
+33458005707,20190822102231,188,+352691335233,incoming,20190822,102231,16968605455
+33458005707,20190822093335,139,+33630513012,incoming,20190822,093335,16968180076
+33458005707,20190821164153,0,+33559122057,miss,20190821,164153,16965262374
+33458005707,20190821152441,200,+33660803629,incoming,20190821,152441,16964617324
+33458005707,20190821150157,246,+33381216982,incoming,20190821,150157,16964399968
+33458005707,20190821144625,358,+33660803629,incoming,20190821,144625,16964261901
+33458005707,20190821145102,13,+33381216982,transfert,20190821,145102,16964254439
+33458005707,20190821144347,33,+33660803629,incoming,20190821,144347,16964184584
+33458005707,20190821141949,288,+33660803629,incoming,20190821,141949,16964005637
+33458005707,20190821140623,3,+33607826790,transfert,20190821,140623,16963840717
+33458005707,20190821104750,178,+33468898412,incoming,20190821,104750,16962626751
+33458005707,20190821104535,0,+33468898412,miss,20190821,104535,16962582320
+33458005707,20190821104441,11,+33468898412,transfert,20190821,104441,16962579189
+33458005707,20190821103243,421,+33685321114,incoming,20190821,103243,16962534735
+33458005707,20190820171257,331,+33609925333,incoming,20190820,171257,16958984692
+33458005707,20190820170014,92,+33608429394,incoming,20190820,170014,16958863859
+33458005707,20190820165621,124,+33608429394,incoming,20190820,165621,16958836957
+33458005707,20190820155405,374,+33468898412,incoming,20190820,155405,16958375398
+33458005707,20190820143454,97,+33661916499,incoming,20190820,143454,16957648050
+33458005707,20190820143630,4,anonymous,transfert,20190820,143630,16957647638
+33458005707,20190820133532,27,+61425631121,transfert,20190820,133532,16957218041
+33458005707,20190819113255,7,+442038461501,transfert,20190819,113255,16949903210
+33458005707,20190819111005,3,+33626508177,transfert,20190819,111005,16949666982
+33458005707,20190816171232,6,+33661916499,transfert,20190816,171232,16936360094
+33458005707,20190816170259,3,+33661916499,transfert,20190816,170259,16936305149
+33458005707,20190816170041,14,+22222602268,transfert,20190816,170041,16936293738
+33458005707,20190816165942,5,+22222602268,transfert,20190816,165942,16936287182
+33458005707,20190816162645,4,+33663995593,transfert,20190816,162645,16936071024
+33458005707,20190816095147,4,+33782210622,transfert,20190816,095147,16933601339
+33458005707,20190816094949,0,+33782210622,miss,20190816,094949,16933583191
+33458005707,20190814162034,7,+33663995593,transfert,20190814,162034,16926083060
+33458005707,20190814155632,5,+33663995593,transfert,20190814,155632,16925903094
+33458005707,20190814155343,7,+33182885748,transfert,20190814,155343,16925879382
+33458005707,20190814155137,5,+33645939850,transfert,20190814,155137,16925862805
+33458005707,20190814154301,5,+33621591281,transfert,20190814,154301,16925786623
+33458005707,20190814154300,5,+33663995593,transfert,20190814,154300,16925786323
+33458005707,20190814152202,58,+33663995593,transfert,20190814,152202,16925635116
+33458005707,20190814110003,3,+33663995593,transfert,20190814,110003,16923979421
+33458005707,20190814105231,5,+33616675162,transfert,20190814,105231,16923924581
+33458005707,20190814102608,5,+33614180043,transfert,20190814,102608,16923705132
+33458005707,20190814092847,5,+33614180043,transfert,20190814,092847,16923279218
+33458005707,20190814091419,6,+33614180043,transfert,20190814,091419,16923164794
+33458005707,20190813165951,875,+33621108133,incoming,20190813,165951,16920368570
+33458005707,20190813143202,3,+33616675162,transfert,20190813,143202,16919111669
+33458005707,20190813141735,10,+33772771185,transfert,20190813,141735,16919006311
+33458005707,20190813111211,289,+33682525500,incoming,20190813,111211,16918021525
+33458005707,20190813105358,140,+33603544115,incoming,20190813,105358,16917870899
+33458005707,20190812183137,4,+33607262077,transfert,20190812,183137,16915111809
+33458005707,20190812180514,6,+33444052972,transfert,20190812,180514,16914963854
+33458005707,20190812180426,11,+41794263488,transfert,20190812,180426,16914960473
+33458005707,20190812175922,4,+33444052972,transfert,20190812,175922,16914926196
+33458005707,20190812175757,49,+33444052972,transfert,20190812,175757,16914921343
+33458005707,20190812174829,4,+33767687702,transfert,20190812,174829,16914852547
+33458005707,20190812173722,3,+33767687702,transfert,20190812,173722,16914778012
+33458005707,20190812172319,80,+33767687702,incoming,20190812,172319,16914677497
+33458005707,20190812171200,271,+33630513012,incoming,20190812,171200,16914620351
+33458005707,20190812170122,6,+33669457321,transfert,20190812,170122,16914506601
+33458005707,20190812165938,8,+33630513012,transfert,20190812,165938,16914493229
+33458005707,20190812150827,199,+32474223224,incoming,20190812,150827,16913642896
+33458005707,20190812145950,417,+33673470543,incoming,20190812,145950,16913603753
+33458005707,20190812113256,699,+33490200927,incoming,20190812,113256,16912402025
+33458005707,20190812114057,79,anonymous,incoming,20190812,114057,16912387984
+33458005707,20190812101814,322,+33607262077,incoming,20190812,101814,16911753776
+33458005707,20190812102228,8,+34659275573,transfert,20190812,102228,16911749455
+33458005707,20190812100300,3,+33444052972,transfert,20190812,100300,16911589752
+33458005707,20190812095925,11,+33607426837,transfert,20190812,095925,16911557146
+33458005707,20190812094942,48,+33645903436,incoming,20190812,094942,16911475364
+33458005707,20190810161447,5,+33762672515,transfert,20190810,161447,16904436193
+33458005707,20190809181037,4,+33767687702,transfert,20190809,181037,16900283165
+33458005707,20190809170857,7,+33607262077,transfert,20190809,170857,16899902779
+33458005707,20190809165632,6,+33681365244,transfert,20190809,165632,16899820907
+33458005707,20190809164702,314,+33444052972,incoming,20190809,164702,16899784708
+33458005707,20190809165046,9,+33668383411,transfert,20190809,165046,16899775451
+33458005707,20190809164901,16,+33620236188,transfert,20190809,164901,16899762568
+33458005707,20190809164515,31,+33620236188,transfert,20190809,164515,16899739030
+33458005707,20190809164217,4,+33607262077,transfert,20190809,164217,16899713801
+33458005707,20190809163311,5,+33682673031,transfert,20190809,163311,16899630763
+33458005707,20190809160419,7,+33682673031,transfert,20190809,160419,16899381698
+33458005707,20190809155128,1,+33444052972,transfert,20190809,155128,16899269380
+33458005707,20190809155042,4,+33444052972,transfert,20190809,155042,16899263686
+33458005707,20190809152343,4,+33645903436,transfert,20190809,152343,16899064935
+33458005707,20190809145030,15,+35319080069,transfert,20190809,145030,16898785370
+33458005707,20190809115333,179,+33490200927,incoming,20190809,115333,16897788289
+33458005707,20190809113008,943,+33789088957,incoming,20190809,113008,16897697979
+33458005707,20190809094701,134,+33772771185,incoming,20190809,094701,16896728403
+33458005707,20190809090437,47,+33607501966,incoming,20190809,090437,16896426759
+33458005707,20190808175458,679,+33681365244,incoming,20190808,175458,16893902852
+33458005707,20190808164710,69,+33607262077,incoming,20190808,164710,16893339263
+33458005707,20190808163658,123,+33616135898,incoming,20190808,163658,16893269866
+33458005707,20190808163416,118,+33607262077,incoming,20190808,163416,16893249237
+33458005707,20190808160317,194,+33682682641,incoming,20190808,160317,16893009834
+33458005707,20190808151840,281,+33607501966,incoming,20190808,151840,16892677483
+33458005707,20190808144503,208,+32477377633,incoming,20190808,144503,16892416788
+33458005707,20190808143520,375,+33660492250,incoming,20190808,143520,16892358923
+33458005707,20190808142534,508,+33299423758,incoming,20190808,142534,16892297025
+33458005707,20190808115504,32,+33299423758,incoming,20190808,115504,16891469751
+33458005707,20190808113556,21,+33616135898,transfert,20190808,113556,16891328036
+33458005707,20190808113115,76,+41786231234,incoming,20190808,113115,16891291572
+33458005707,20190808104623,114,+33678158057,incoming,20190808,104623,16890944906
+33458005707,20190807164523,5,+33678158057,transfert,20190807,164523,16887213821
+33458005707,20190807164422,18,+33678158057,transfert,20190807,164422,16887207632
+33458005707,20190807152040,771,+33671027212,incoming,20190807,152040,16886667978
+33458005707,20190807100504,3,+221781834757,transfert,20190807,100504,16884422981
+33458005707,20190806155714,165,+33607262077,incoming,20190806,155714,16880606454
+33458005707,20190806155640,6,+33638634719,transfert,20190806,155640,16880580260
+33458005707,20190806151231,1198,+33660492250,incoming,20190806,151231,16880382566
+33458005707,20190806115601,324,+33616675162,incoming,20190806,115601,16879060592
+33458005707,20190806115445,4,+33616675162,transfert,20190806,115445,16879016301
+33458005707,20190806114915,338,+33620928846,incoming,20190806,114915,16879016269
+33458005707,20190806111622,693,+33616675162,incoming,20190806,111622,16878797217
+33458005707,20190806112236,0,+33638634719,miss,20190806,112236,16878758418
+33458005707,20190806111022,69,+33228004006,incoming,20190806,111022,16878658211
+33458005707,20190805172050,4,+886987767447,transfert,20190805,172050,16874769662
+33458005707,20190805164208,5,+33660492250,transfert,20190805,164208,16874461253
+33458005707,20190805162250,5,+33695961014,transfert,20190805,162250,16874297326
+33458005707,20190805153919,11,+33660839493,transfert,20190805,153919,16873915489
+33458005707,20190805153856,21,+886987767447,transfert,20190805,153856,16873913440
+33458005707,20190805153739,4,+33616021813,transfert,20190805,153739,16873894880
+33458005707,20190805144246,247,+33663995593,incoming,20190805,144246,16873424345
+33458005707,20190805120646,203,+33652507658,incoming,20190805,120646,16872362934
+33458005707,20190805112814,429,+33148070800,incoming,20190805,112814,16872078083
+33458005707,20190805112707,57,+33663995593,incoming,20190805,112707,16872011922
+33458005707,20190805105705,33,+33663995593,incoming,20190805,105705,16871737695
+33458005707,20190805105526,25,+33663995593,incoming,20190805,105526,16871724909
+33458005707,20190805104024,858,+33663995593,incoming,20190805,104024,16871708798
+33458005707,20190805085403,4,+33984366368,transfert,20190805,085403,16870695047
+33458005707,20190803175810,3,+33685708650,transfert,20190803,175810,16863778885
+33458005707,20190803175529,7,+33685708650,transfert,20190803,175529,16863768412
+33458005707,20190802170355,9,+33671027212,transfert,20190802,170355,16859066338
+33458005707,20190802144849,3,+33603217568,transfert,20190802,144849,16857976286
+33458005707,20190802143854,4,+33607262077,transfert,20190802,143854,16857894762
+33458005707,20190802134243,55,+596696935949,transfert,20190802,134243,16857476632
+33458005707,20190802103427,78,anonymous,transfert,20190802,103427,16856295148
+33458005707,20190802095459,11,+33474327769,transfert,20190802,095459,16855900378
+33458005707,20190802092825,3,+34659275573,transfert,20190802,092825,16855675782
+33458005707,20190802092744,4,+34659275573,transfert,20190802,092744,16855669065
+33458005707,20190801165546,6,+22248385050,transfert,20190801,165546,16852820472
+33458005707,20190801163529,469,+33476595959,incoming,20190801,163529,16852717282
+33458005707,20190801160240,153,+33762121922,incoming,20190801,160240,16852407157
+33458005707,20190801155556,167,+22222602268,incoming,20190801,155556,16852353660
+33458005707,20190801153316,367,+33668875777,incoming,20190801,153316,16852181034
+33458005707,20190801151312,267,+33556442269,incoming,20190801,151312,16851993445
+33458005707,20190801141116,63,+33607119109,incoming,20190801,141116,16851412755
+33458005707,20190801135226,225,+33141490417,incoming,20190801,135226,16851287098
+33458005707,20190801125912,21,+22222602268,transfert,20190801,125912,16850993219
+33458005707,20190801125810,8,+22222602268,transfert,20190801,125810,16850987702
+33458005707,20190801112024,113,+33476595959,incoming,20190801,112024,16850300532
+33458005707,20190801103307,3,+33141490417,transfert,20190801,103307,16849836163
+33458005707,20190801091655,3,+33607119109,transfert,20190801,091655,16849158396