phoneLine,datetime,duration,callingNumber,nature,date,time,idkey
+33458005709,20191231105036,4,+33607426837,transfert,20191231,105036,17874769733
+33458005709,20191231100717,3,+32472786055,transfert,20191231,100717,17874469503
+33458005709,20191231095507,13,+32472786055,transfert,20191231,095507,17874378250
+33458005709,20191230111321,4,+33615653940,transfert,20191230,111321,17866678114
+33458005709,20191230095955,520,+33951787905,incoming,20191230,095955,17865968038
+33458005709,20191230100303,3,+33782210622,transfert,20191230,100303,17865914034
+33458005709,20191230094853,10,+33615653940,transfert,20191230,094853,17865785827
+33458005709,20191228151851,3,+33619304118,transfert,20191228,151851,17854396702
+33458005709,20191228135422,4,+33619304118,transfert,20191228,135422,17853850861
+33458005709,20191227102413,478,+33614477196,incoming,20191227,102413,17844847857
+33458005709,20191226174032,6,+33675890059,transfert,20191226,174032,17840198689
+33458005709,20191226172359,4,+33675890059,transfert,20191226,172359,17840069753
+33458005709,20191226114742,226,+33673470543,incoming,20191226,114742,17837502668
+33458005709,20191226110924,205,+33607533271,incoming,20191226,110924,17837120615
+33458005709,20191224132637,4,+41763936511,transfert,20191224,132637,17826591591
+33458005709,20191224113857,391,+33494377323,incoming,20191224,113857,17825962213
+33458005709,20191224094554,328,+33686036353,incoming,20191224,094554,17824999598
+33458005709,20191224094739,3,+33685915513,transfert,20191224,094739,17824968228
+33458005709,20191224092512,14,+33607426837,transfert,20191224,092512,17824800384
+33458005709,20191223155625,3,+33698549500,transfert,20191223,155625,17819510450
+33458005709,20191223152639,6,+33607426837,transfert,20191223,152639,17819218518
+33458005709,20191223150558,414,+33607426837,incoming,20191223,150558,17819072015
+33458005709,20191223150821,3,+33698549500,transfert,20191223,150821,17819028393
+33458005709,20191223144532,220,+33607426837,incoming,20191223,144532,17818842338
+33458005709,20191223144027,223,+33607426837,incoming,20191223,144027,17818792369
+33458005709,20191223142000,416,+33607426837,incoming,20191223,142000,17818616801
+33458005709,20191223135734,634,+33638431672,incoming,20191223,135734,17818415907
+33458005709,20191223135029,154,+33651689373,incoming,20191223,135029,17818258947
+33458005709,20191223104641,103,+33475002582,incoming,20191223,104641,17816651000
+33458005709,20191223102804,178,+33381680605,incoming,20191223,102804,17816438004
+33458005709,20191223093707,787,+33673745745,incoming,20191223,093707,17815956502
+33458005709,20191220162043,4,+33611340748,transfert,20191220,162043,17799039407
+33458005709,20191220162004,4,+33611340748,transfert,20191220,162004,17799029321
+33458005709,20191220142843,46,+33672819873,incoming,20191220,142843,17797889128
+33458005709,20191220140632,536,+33616863377,incoming,20191220,140632,17797715080
+33458005709,20191220135839,3,+33616863377,transfert,20191220,135839,17797542263
+33458005709,20191220134624,0,+33673745745,miss,20191220,134624,17797455313
+33458005709,20191220134506,13,+33616863377,transfert,20191220,134506,17797448976
+33458005709,20191220100722,87,+33681218594,incoming,20191220,100722,17795402499
+33458005709,20191220090614,646,+33673745745,incoming,20191220,090614,17794838559
+33458005709,20191220090344,2,+33673745745,transfert,20191220,090344,17794739332
+33458005709,20191220090246,0,+33673745745,miss,20191220,090246,17794731094
+33458005709,20191220090204,3,+33673745745,transfert,20191220,090204,17794726332
+33458005709,20191220090124,0,+33673745745,miss,20191220,090124,17794721453
+33458005709,20191220090049,3,+33673745745,transfert,20191220,090049,17794720365
+33458005709,20191220090006,3,+33673745745,transfert,20191220,090006,17794714270
+33458005709,20191220085709,2,+33673745745,transfert,20191220,085709,17794701015
+33458005709,20191219194903,2,+33673745745,transfert,20191219,194903,17791675995
+33458005709,20191219160819,2,+33637641810,transfert,20191219,160819,17790430838
+33458005709,20191219155013,8,+33698549500,transfert,20191219,155013,17790394348
+33458005709,20191219160155,6,+33637641810,transfert,20191219,160155,17790363459
+33458005709,20191219160457,3,+33637641810,transfert,20191219,160457,17790288482
+33458005709,20191219160019,3,+33637641810,transfert,20191219,160019,17790181886
+33458005709,20191219160558,2,+33637641810,transfert,20191219,160558,17789978338
+33458005709,20191219152015,227,+33637641810,incoming,20191219,152015,17789931399
+33458005709,20191219160054,3,+33637641810,transfert,20191219,160054,17789928972
+33458005709,20191219155944,4,+33637641810,transfert,20191219,155944,17789843463
+33458005709,20191219151907,2,+33637641810,transfert,20191219,151907,17789810207
+33458005709,20191219154709,9,+33698549500,transfert,20191219,154709,17789656155
+33458005709,20191219152611,388,+33637641810,incoming,20191219,152611,17789562232
+33458005709,20191219151829,4,+33637641810,transfert,20191219,151829,17789415788
+33458005709,20191219144705,167,+33661354281,incoming,20191219,144705,17789283873
+33458005709,20191219142522,39,+33684341039,incoming,20191219,142522,17789011227
+33458005709,20191219141015,28,+33450514936,incoming,20191219,141015,17788816316
+33458005709,20191219135609,4,+33450514936,transfert,20191219,135609,17788665933
+33458005709,20191219125549,4,+32471825951,transfert,20191219,125549,17788240434
+33458005709,20191219115535,4,+33450514936,transfert,20191219,115535,17787784198
+33458005709,20191219114410,12,+32472786055,transfert,20191219,114410,17787626649
+33458005709,20191219111239,474,+33661354281,incoming,20191219,111239,17787323954
+33458005709,20191219104948,483,+33675890059,incoming,20191219,104948,17787059734
+33458005709,20191219104024,7,+33674648110,transfert,20191219,104024,17786862919
+33458005709,20191219101918,233,+33685492291,incoming,20191219,101918,17786661980
+33458005709,20191219094056,5,+33647985024,transfert,20191219,094056,17786199073
+33458005709,20191219085358,2148,+262692915155,incoming,20191219,085358,17786089874
+33458005709,20191219091430,41,+32471825951,transfert,20191219,091430,17785966865
+33458005709,20191219085536,68,+33673470543,transfert,20191219,085536,17785829542
+33458005709,20191219085138,11,+262692915155,transfert,20191219,085138,17785805953
+33458005709,20191218170549,7,+33674869710,transfert,20191218,170549,17781930592
+33458005709,20191218170447,12,+33674869710,transfert,20191218,170447,17781923351
+33458005709,20191218160720,404,+33458005707,incoming,20191218,160720,17781419886
+33458005709,20191218154249,99,+33633405805,incoming,20191218,154249,17781096198
+33458005709,20191218153853,165,+33442976062,incoming,20191218,153853,17781068431
+33458005709,20191218153700,8,+33442976062,transfert,20191218,153700,17781020332
+33458005709,20191218152809,495,+33688765823,incoming,20191218,152809,17781009627
+33458005709,20191218153438,5,+33442976062,transfert,20191218,153438,17780993552
+33458005709,20191218152328,5,+33688765823,transfert,20191218,152328,17780887221
+33458005709,20191218145739,174,+33442976062,incoming,20191218,145739,17780650960
+33458005709,20191218145840,4,+33688765823,transfert,20191218,145840,17780634834
+33458005709,20191218145216,0,+33442976062,miss,20191218,145216,17780564520
+33458005709,20191218145010,118,+33782210622,incoming,20191218,145010,17780563382
+33458005709,20191218145039,11,+33442976062,transfert,20191218,145039,17780552886
+33458005709,20191218143434,324,+33782210622,incoming,20191218,143434,17780424564
+33458005709,20191218135413,8,+33984366368,transfert,20191218,135413,17779932002
+33458005709,20191218120102,0,+33611174432,miss,20191218,120102,17779210653
+33458005709,20191218111232,2,+33450514936,transfert,20191218,111232,17778670159
+33458005709,20191218104956,5,+33450514936,transfert,20191218,104956,17778413592
+33458005709,20191218102712,330,+33677119711,incoming,20191218,102712,17778231944
+33458005709,20191218095630,940,+971522443128,incoming,20191218,095630,17778015807
+33458005709,20191218093415,801,+33673745745,incoming,20191218,093415,17777744263
+33458005709,20191218090936,381,+33673745745,incoming,20191218,090936,17777381933
+33458005709,20191218084236,3,+33673745745,transfert,20191218,084236,17777147484
+33458005709,20191217174323,54,+33450514936,incoming,20191217,174323,17773742773
+33458005709,20191217172238,114,+33630513012,incoming,20191217,172238,17773575742
+33458005709,20191217171607,80,+33630204998,transfert,20191217,171607,17773511901
+33458005709,20191217164222,675,+33450514936,incoming,20191217,164222,17773277403
+33458005709,20191217164326,2,+33611174432,transfert,20191217,164326,17773170550
+33458005709,20191217162759,221,+33662351739,incoming,20191217,162759,17773049326
+33458005709,20191217153939,4,+33450514936,transfert,20191217,153939,17772459966
+33458005709,20191217152804,696,+33679982591,incoming,20191217,152804,17772457670
+33458005709,20191217153229,2,+33611174432,transfert,20191217,153229,17772381040
+33458005709,20191217151832,406,+33638431672,incoming,20191217,151832,17772288384
+33458005709,20191217152427,3,+33679982591,transfert,20191217,152427,17772282577
+33458005709,20191217152345,10,+33679982591,transfert,20191217,152345,17772276011
+33458005709,20191217152007,13,+33647985024,transfert,20191217,152007,17772237659
+33458005709,20191217151842,7,+33698549500,transfert,20191217,151842,17772219019
+33458005709,20191217151346,9,+33647985024,transfert,20191217,151346,17772166150
+33458005709,20191217145644,4,+33450514936,transfert,20191217,145644,17771979135
+33458005709,20191217145509,4,+33607426837,transfert,20191217,145509,17771961760
+33458005709,20191217144226,7,+33611174432,transfert,20191217,144226,17771822147
+33458005709,20191217144001,10,+33638431672,transfert,20191217,144001,17771798515
+33458005709,20191217143348,5,+33607426837,transfert,20191217,143348,17771733379
+33458005709,20191217142618,4,+33450514936,transfert,20191217,142618,17771649723
+33458005709,20191217142541,3,+33607426837,transfert,20191217,142541,17771641569
+33458005709,20191217142125,49,+33607426837,transfert,20191217,142125,17771599338
+33458005709,20191217142038,10,+33607426837,transfert,20191217,142038,17771582988
+33458005709,20191217141955,6,+33607426837,transfert,20191217,141955,17771573317
+33458005709,20191217141834,4,+33607426837,transfert,20191217,141834,17771558498
+33458005709,20191217140746,4,+33450514936,transfert,20191217,140746,17771425956
+33458005709,20191217140113,5,+33450514936,transfert,20191217,140113,17771350456
+33458005709,20191217134830,5,+33638431672,transfert,20191217,134830,17771235442
+33458005709,20191217134655,4,+32472786055,transfert,20191217,134655,17771221307
+33458005709,20191217131104,4,+32472786055,transfert,20191217,131104,17770972807
+33458005709,20191217115929,9,+33630204998,transfert,20191217,115929,17770545865
+33458005709,20191217115632,85,+33952538919,incoming,20191217,115632,17770527506
+33458005709,20191217112626,4,+33648544291,transfert,20191217,112626,17770170059
+33458005709,20191217111827,179,+33698549500,incoming,20191217,111827,17770109710
+33458005709,20191217111956,9,+33682599061,transfert,20191217,111956,17770095344
+33458005709,20191217110100,408,+32471825951,incoming,20191217,110100,17769964605
+33458005709,20191217105502,99,+33777840647,incoming,20191217,105502,17769836445
+33458005709,20191217101447,56,+33231351865,transfert,20191217,101447,17769338753
+33458005709,20191217100715,5,+33478900619,transfert,20191217,100715,17769244757
+33458005709,20191217092355,4,+33698224494,transfert,20191217,092355,17768747340
+33458005709,20191216180308,5,+33698224494,transfert,20191216,180308,17765212151
+33458005709,20191216173009,357,+33607426837,incoming,20191216,173009,17764968485
+33458005709,20191216172257,143,+33651689373,incoming,20191216,172257,17764872969
+33458005709,20191216171746,148,+33638431672,incoming,20191216,171746,17764813530
+33458005709,20191216171930,6,+33651689373,transfert,20191216,171930,17764809091
+33458005709,20191216170453,192,+33607426837,incoming,20191216,170453,17764700013
+33458005709,20191216145502,6,+33784535853,transfert,20191216,145502,17763072654
+33458005709,20191216145208,6,+33784535853,transfert,20191216,145208,17763036398
+33458005709,20191216144405,370,+33784535853,incoming,20191216,144405,17763008109
+33458005709,20191216144554,4,+33953684473,transfert,20191216,144554,17762958903
+33458005709,20191216140756,114,+33651689373,incoming,20191216,140756,17762462852
+33458005709,20191216135805,233,+33668788541,incoming,20191216,135805,17762361988
+33458005709,20191216134933,2,+33651689373,transfert,20191216,134933,17762256070
+33458005709,20191216133901,2,+33651689373,transfert,20191216,133901,17762157876
+33458005709,20191216133512,2,+33651689373,transfert,20191216,133512,17762130813
+33458005709,20191216133237,5,+33651689373,transfert,20191216,133237,17762110806
+33458005709,20191216114407,0,+33630513012,miss,20191216,114407,17761252801
+33458005709,20191216112723,129,+33479313967,incoming,20191216,112723,17761078752
+33458005709,20191216112014,61,+33609512133,incoming,20191216,112014,17760981649
+33458005709,20191216104646,44,+33442976062,transfert,20191216,104646,17760571483
+33458005709,20191216104136,208,+33686036353,incoming,20191216,104136,17760532420
+33458005709,20191216104341,5,+33648544291,transfert,20191216,104341,17760521081
+33458005709,20191216103157,11,+33476420489,transfert,20191216,103157,17760376333
+33458005709,20191216102827,3,+33648544291,transfert,20191216,102827,17760326488
+33458005709,20191216102451,73,+33662078266,incoming,20191216,102451,17760296118
+33458005709,20191216100834,307,+33458005707,incoming,20191216,100834,17760124662
+33458005709,20191216100701,3,+33610599750,transfert,20191216,100701,17760039061
+33458005709,20191216100435,3,+33686036353,transfert,20191216,100435,17760010821
+33458005709,20191216094308,3,anonymous,transfert,20191216,094308,17759736099
+33458005709,20191216092530,904,+33442976062,incoming,20191216,092530,17759698643
+33458005709,20191216093721,4,+33686036353,transfert,20191216,093721,17759665932
+33458005709,20191216093353,35,+33479313967,transfert,20191216,093353,17759631807
+33458005709,20191216093120,9,+33479313967,transfert,20191216,093120,17759593984
+33458005709,20191214164753,19,+33470457862,transfert,20191214,164753,17749665781
+33458005709,20191214164407,6,+33679982591,transfert,20191214,164407,17749640364
+33458005709,20191213175031,100,+33684341039,incoming,20191213,175031,17743580747
+33458005709,20191213174718,90,+33684341039,incoming,20191213,174718,17743554275
+33458005709,20191213174228,0,+33684341039,miss,20191213,174228,17743504722
+33458005709,20191213172939,348,+33684341039,incoming,20191213,172939,17743455347
+33458005709,20191213171001,65,+33607559403,incoming,20191213,171001,17743242542
+33458005709,20191213162654,7,+33682525500,transfert,20191213,162654,17742772345
+33458005709,20191213162612,4,+33686036353,transfert,20191213,162612,17742762283
+33458005709,20191213162527,4,+33686036353,transfert,20191213,162527,17742754758
+33458005709,20191213162330,4,+33682525500,transfert,20191213,162330,17742733986
+33458005709,20191213160606,557,+33613809809,incoming,20191213,160606,17742630782
+33458005709,20191213160523,13,+33613809809,incoming,20191213,160523,17742508393
+33458005709,20191213155202,14,+594694937374,transfert,20191213,155202,17742344132
+33458005709,20191213152641,4,+33686036353,transfert,20191213,152641,17742072079
+33458005709,20191213152142,6,+33611174432,transfert,20191213,152142,17742022434
+33458005709,20191213151830,9,+33684341039,transfert,20191213,151830,17741990355
+33458005709,20191213151231,228,+33631707170,incoming,20191213,151231,17741963350
+33458005709,20191213150824,4,+33682599061,transfert,20191213,150824,17741881240
+33458005709,20191213144343,162,+33660626453,incoming,20191213,144343,17741612907
+33458005709,20191213144257,4,+33660626453,transfert,20191213,144257,17741578364
+33458005709,20191213143441,487,+33668235371,incoming,20191213,143441,17741574204
+33458005709,20191213141505,0,+33686036353,miss,20191213,141505,17741282677
+33458005709,20191213141416,4,+33686036353,transfert,20191213,141416,17741276595
+33458005709,20191213140728,3,+33686036353,transfert,20191213,140728,17741200878
+33458005709,20191213140647,4,+33668235371,transfert,20191213,140647,17741195369
+33458005709,20191213125850,11,+33668235371,transfert,20191213,125850,17740691041
+33458005709,20191213124456,36,+33777840647,transfert,20191213,124456,17740592128
+33458005709,20191213115317,12,+33686036353,transfert,20191213,115317,17740177583
+33458005709,20191213115227,5,+33686036353,transfert,20191213,115227,17740171932
+33458005709,20191213114759,32,+33684341039,transfert,20191213,114759,17740123895
+33458005709,20191213114508,4,+33662190685,transfert,20191213,114508,17740081138
+33458005709,20191213111242,38,+33450514936,incoming,20191213,111242,17739714596
+33458005709,20191213104328,365,+33607559403,incoming,20191213,104328,17739426708
+33458005709,20191213102643,4,+33682525500,transfert,20191213,102643,17739148273
+33458005709,20191213093204,11,+33669070851,transfert,20191213,093204,17738498076
+33458005709,20191213091754,332,+33675890059,incoming,20191213,091754,17738382613
+33458005709,20191213090546,313,+33669070851,incoming,20191213,090546,17738245917
+33458005709,20191213090051,212,+33675890059,incoming,20191213,090051,17738183547
+33458005709,20191212161748,478,+33630513012,incoming,20191212,161748,17733878883
+33458005709,20191212155811,158,+594694030034,incoming,20191212,155811,17733647024
+33458005709,20191212151015,6,+33684341039,transfert,20191212,151015,17733165077
+33458005709,20191212145759,315,+594694030034,incoming,20191212,145759,17733089852
+33458005709,20191212145601,15,+594694030034,transfert,20191212,145601,17733020516
+33458005709,20191212120903,10,+33664952889,transfert,20191212,120903,17731714455
+33458005709,20191212115601,673,+33686036353,incoming,20191212,115601,17731697129
+33458005709,20191212114411,535,+33658898832,incoming,20191212,114411,17731563294
+33458005709,20191212111803,606,+33686036353,incoming,20191212,111803,17731260746
+33458005709,20191212112702,4,+33658898832,transfert,20191212,112702,17731250965
+33458005709,20191212112619,4,+33658898832,transfert,20191212,112619,17731244888
+33458005709,20191212105454,29,+33684341039,incoming,20191212,105454,17730850356
+33458005709,20191212104549,488,+33638043975,incoming,20191212,104549,17730829892
+33458005709,20191212105041,12,+33668788541,transfert,20191212,105041,17730802048
+33458005709,20191212102908,43,+33184802251,incoming,20191212,102908,17730526569
+33458005709,20191212101455,363,+33630535459,incoming,20191212,101455,17730413826
+33458005709,20191212101839,5,+33184802251,transfert,20191212,101839,17730391736
+33458005709,20191212101738,9,+33684341039,transfert,20191212,101738,17730374501
+33458005709,20191212101511,8,+33638043975,transfert,20191212,101511,17730337780
+33458005709,20191212100829,9,+33630535459,transfert,20191212,100829,17730249897
+33458005709,20191212100756,5,+33638043975,transfert,20191212,100756,17730238098
+33458005709,20191212100428,10,+33630535459,transfert,20191212,100428,17730196351
+33458005709,20191212095823,159,+33479313967,incoming,20191212,095823,17730147035
+33458005709,20191212095948,5,+33781026635,transfert,20191212,095948,17730132348
+33458005709,20191212095759,10,+33638043975,transfert,20191212,095759,17730111509
+33458005709,20191212094744,358,+33777906610,incoming,20191212,094744,17730047882
+33458005709,20191212095057,11,+33677119711,transfert,20191212,095057,17730019189
+33458005709,20191212093906,13,+33777906610,transfert,20191212,093906,17729877952
+33458005709,20191212093710,5,+33479313967,transfert,20191212,093710,17729854006
+33458005709,20191212092221,8,+33479313967,transfert,20191212,092221,17729673064
+33458005709,20191211174822,13,+33684341039,transfert,20191211,174822,17726035126
+33458005709,20191211170743,227,+33660803629,incoming,20191211,170743,17725735761
+33458005709,20191211163623,436,+33638043975,incoming,20191211,163623,17725482128
+33458005709,20191211164204,9,+33686184892,transfert,20191211,164204,17725467151
+33458005709,20191211163459,17,+33638043975,transfert,20191211,163459,17725402445
+33458005709,20191211163238,88,+33638043975,transfert,20191211,163238,17725391330
+33458005709,20191211161834,19,+33611174432,transfert,20191211,161834,17725226003
+33458005709,20191211160733,316,+33611174432,incoming,20191211,160733,17725165742
+33458005709,20191211160352,86,+33184802251,incoming,20191211,160352,17725097491
+33458005709,20191211154350,0,+33684341039,miss,20191211,154350,17724893770
+33458005709,20191211152648,721,+33662190685,incoming,20191211,152648,17724844705
+33458005709,20191211144116,91,+33611174432,incoming,20191211,144116,17724290415
+33458005709,20191211143003,3,+33687767565,transfert,20191211,143003,17724150487
+33458005709,20191211142908,4,+33687767565,transfert,20191211,142908,17724144484
+33458005709,20191211114012,2,+33688765823,transfert,20191211,114012,17722924236
+33458005709,20191211113314,6,+33688765823,transfert,20191211,113314,17722858443
+33458005709,20191211112023,383,+33611174432,incoming,20191211,112023,17722790932
+33458005709,20191211112425,6,+33688765823,transfert,20191211,112425,17722770620
+33458005709,20191211111906,75,+33442976062,incoming,20191211,111906,17722724095
+33458005709,20191211111655,6,+33450514936,transfert,20191211,111655,17722691905
+33458005709,20191211104734,225,+33662190685,incoming,20191211,104734,17722409070
+33458005709,20191211103535,3,+33184802251,transfert,20191211,103535,17722253752
+33458005709,20191211100932,410,+33662190685,incoming,20191211,100932,17722043621
+33458005709,20191211093132,401,+33688765823,incoming,20191211,093132,17721663711
+33458005709,20191211092344,220,+33648794510,incoming,20191211,092344,17721558514
+33458005709,20191211091559,303,+33607559403,incoming,20191211,091559,17721495516
+33458005709,20191211082242,4,+33662190685,transfert,20191211,082242,17721180993
+33458005709,20191211073408,0,+33662190685,miss,20191211,073408,17721037911
+33458005709,20191210165502,263,+33685915513,incoming,20191210,165502,17717633281
+33458005709,20191210165040,120,+33778248703,incoming,20191210,165040,17717575074
+33458005709,20191210164924,10,+33778248703,transfert,20191210,164924,17717546540
+33458005709,20191210164246,59,+33479313967,transfert,20191210,164246,17717490486
+33458005709,20191210164153,15,+33479313967,transfert,20191210,164153,17717475181
+33458005709,20191210161121,1396,+33611174432,incoming,20191210,161121,17717398869
+33458005709,20191210162950,4,+33685915513,transfert,20191210,162950,17717345251
+33458005709,20191210162748,11,+33953836761,transfert,20191210,162748,17717322709
+33458005709,20191210162807,9,+33685915513,transfert,20191210,162807,17717318717
+33458005709,20191210161319,6,+33685915513,transfert,20191210,161319,17717169357
+33458005709,20191210154013,337,+33662190685,incoming,20191210,154013,17716835096
+33458005709,20191210154114,4,+33685915513,transfert,20191210,154114,17716786740
+33458005709,20191210145151,106,+33607559403,incoming,20191210,145151,17716299816
+33458005709,20191210142926,72,+33670469564,incoming,20191210,142926,17716049013
+33458005709,20191210141012,947,+33670469564,incoming,20191210,141012,17715999788
+33458005709,20191210140651,127,+33670469564,incoming,20191210,140651,17715817689
+33458005709,20191210135935,269,+33607559403,incoming,20191210,135935,17715764011
+33458005709,20191210131732,92,+33607559403,transfert,20191210,131732,17715471627
+33458005709,20191210131608,3,+33670469564,transfert,20191210,131608,17715460896
+33458005709,20191210131412,14,+33670469564,transfert,20191210,131412,17715453634
+33458005709,20191210115846,129,+33607559403,incoming,20191210,115846,17715015614
+33458005709,20191210115319,227,+33607559403,incoming,20191210,115319,17714979001
+33458005709,20191210115705,0,+33607559403,miss,20191210,115705,17714976006
+33458005709,20191210113303,422,+33607559403,incoming,20191210,113303,17714796705
+33458005709,20191210103431,130,+33673745745,incoming,20191210,103431,17714010015
+33458005709,20191210103450,4,+33662190685,transfert,20191210,103450,17713987219
+33458005709,20191210101600,97,+33769494028,transfert,20191210,101600,17713779040
+33458005709,20191210100950,4,+33662190685,transfert,20191210,100950,17713685857
+33458005709,20191210100845,5,+33769494028,transfert,20191210,100845,17713672836
+33458005709,20191210100325,11,+33662190685,transfert,20191210,100325,17713600023
+33458005709,20191210100228,10,+33673745745,transfert,20191210,100228,17713583820
+33458005709,20191209171600,306,+33686608161,incoming,20191209,171600,17708868754
+33458005709,20191209163955,4,+33651689373,transfert,20191209,163955,17708433075
+33458005709,20191209163142,12,+33651689373,transfert,20191209,163142,17708346824
+33458005709,20191209152505,181,+33660218977,incoming,20191209,152505,17707553644
+33458005709,20191209133248,11,+33950657708,transfert,20191209,133248,17706315497
+33458005709,20191209104250,93,+33450514936,incoming,20191209,104250,17704661387
+33458005709,20191209100734,125,+33673745745,incoming,20191209,100734,17704156265
+33458005709,20191209095206,4,+493814986053,transfert,20191209,095206,17703924491
+33458005709,20191209093119,70,+33662190685,incoming,20191209,093119,17703647007
+33458005709,20191209092700,210,+33561222466,incoming,20191209,092700,17703621782
+33458005709,20191209090453,4,+33673745745,transfert,20191209,090453,17703268675
+33458005709,20191206180927,4,+33603217568,transfert,20191206,180927,17686515708
+33458005709,20191206173607,3,+33603217568,transfert,20191206,173607,17686248729
+33458005709,20191206165229,781,+594694937374,incoming,20191206,165229,17685997346
+33458005709,20191206150125,1353,+33673745745,incoming,20191206,150125,17684859333
+33458005709,20191206145037,26,+33677119711,incoming,20191206,145037,17684476772
+33458005709,20191206144134,316,+33458005707,incoming,20191206,144134,17684427061
+33458005709,20191206143929,5,+33607303702,transfert,20191206,143929,17684359415
+33458005709,20191206143839,6,+33607303702,transfert,20191206,143839,17684351211
+33458005709,20191206142200,606,+4972764079910,incoming,20191206,142200,17684265466
+33458005709,20191206141926,5,+33660218977,transfert,20191206,141926,17684119449
+33458005709,20191206121106,4,+33673745745,transfert,20191206,121106,17683231786
+33458005709,20191206115116,321,+33664957639,incoming,20191206,115116,17683099748
+33458005709,20191206114930,11,+33677119711,transfert,20191206,114930,17683027792
+33458005709,20191206112649,170,+33645903436,incoming,20191206,112649,17682801575
+33458005709,20191206104734,33,+33561222466,incoming,20191206,104734,17682335110
+33458005709,20191206104002,183,+33756858062,incoming,20191206,104002,17682284454
+33458005709,20191206100915,18,+33607303702,transfert,20191206,100915,17681888954
+33458005709,20191206093846,18,+33660218977,transfert,20191206,093846,17681531976
+33458005709,20191206085922,8,+33652872543,transfert,20191206,085922,17681139380
+33458005709,20191205162640,117,+33651124253,incoming,20191205,162640,17676628139
+33458005709,20191205154637,6,+33481928607,transfert,20191205,154637,17676186377
+33458005709,20191205135520,44,+33561222466,transfert,20191205,135520,17675059936
+33458005709,20191205121958,3,+33786160910,transfert,20191205,121958,17674468477
+33458005709,20191205110644,128,+33677119711,incoming,20191205,110644,17673768691
+33458005709,20191205103651,94,+33952538919,incoming,20191205,103651,17673422100
+33458005709,20191205102130,103,+33297010428,incoming,20191205,102130,17673259699
+33458005709,20191204174446,276,+33615621185,incoming,20191204,174446,17669390378
+33458005709,20191204174401,4,+33615621185,transfert,20191204,174401,17669354574
+33458005709,20191204172820,226,+4972764079910,incoming,20191204,172820,17669259892
+33458005709,20191204171800,175,+33688222647,incoming,20191204,171800,17669174527
+33458005709,20191204163553,41,+33688222647,transfert,20191204,163553,17668793988
+33458005709,20191204150420,546,+41219446935,incoming,20191204,150420,17667997434
+33458005709,20191204141539,196,+33620374330,incoming,20191204,141539,17667471443
+33458005709,20191204134825,5,+33667938800,transfert,20191204,134825,17667184962
+33458005709,20191204114414,85,+33607559403,incoming,20191204,114414,17666376267
+33458005709,20191204113002,130,+33607119109,incoming,20191204,113002,17666242556
+33458005709,20191204111950,375,+33664340953,incoming,20191204,111950,17666179107
+33458005709,20191204112457,4,+33638043975,transfert,20191204,112457,17666168359
+33458005709,20191204112412,4,+33638043975,transfert,20191204,112412,17666161347
+33458005709,20191204110745,604,+33450514936,incoming,20191204,110745,17666095113
+33458005709,20191204105234,239,+33635405746,incoming,20191204,105234,17665878572
+33458005709,20191204103506,45,+33642375797,incoming,20191204,103506,17665646445
+33458005709,20191204101102,6,+33607559403,transfert,20191204,101102,17665383456
+33458005709,20191204101136,5,+33607559403,transfert,20191204,101136,17665383136
+33458005709,20191204100029,4,+333155,transfert,20191204,100029,17665271338
+33458005709,20191204095927,4,+33607559403,transfert,20191204,095927,17665259779
+33458005709,20191204095820,37,+33607559403,transfert,20191204,095820,17665256747
+33458005709,20191204095559,15,+333155,transfert,20191204,095559,17665227942
+33458005709,20191204093019,247,+33659966458,incoming,20191204,093019,17665002130
+33458005709,20191203151446,6,+33638043975,transfert,20191203,151446,17660323677
+33458005709,20191203150055,0,+33607119109,miss,20191203,150055,17660187840
+33458005709,20191203150001,0,+33607119109,miss,20191203,150001,17660181826
+33458005709,20191203142039,11,+33638043975,transfert,20191203,142039,17659773039
+33458005709,20191203131052,40,+33638043975,incoming,20191203,131052,17659211059
+33458005709,20191203123225,3,+491755744217,transfert,20191203,123225,17659018908
+33458005709,20191203114708,109,+33677119711,incoming,20191203,114708,17658660511
+33458005709,20191203105921,20,+33984366368,incoming,20191203,105921,17657994631
+33458005709,20191203105248,94,+33950917191,incoming,20191203,105248,17657925921
+33458005709,20191203103915,238,+33148769436,incoming,20191203,103915,17657767507
+33458005709,20191203104117,3,+33950917191,transfert,20191203,104117,17657748899
+33458005709,20191203100934,98,+33651689373,incoming,20191203,100934,17657360363
+33458005709,20191203095553,3,+33607559403,transfert,20191203,095553,17657160852
+33458005709,20191203094212,79,+33638043975,transfert,20191203,094212,17656988402
+33458005709,20191203092434,188,+33682599061,incoming,20191203,092434,17656765401
+33458005709,20191202165525,176,+33630513012,incoming,20191202,165525,17652549006
+33458005709,20191202162417,151,+33771567069,incoming,20191202,162417,17652195591
+33458005709,20191202160101,2,+33663680213,transfert,20191202,160101,17651909729
+33458005709,20191202160012,7,+33663680213,transfert,20191202,160012,17651902055
+33458005709,20191202155933,5,+33630513012,transfert,20191202,155933,17651893160
+33458005709,20191202155929,5,+33663680213,transfert,20191202,155929,17651892735
+33458005709,20191202153936,8,+33661162968,transfert,20191202,153936,17651653597
+33458005709,20191202143147,998,+33607559403,incoming,20191202,143147,17650995442
+33458005709,20191202142656,245,+33236232290,incoming,20191202,142656,17650777160
+33458005709,20191202142935,4,+33630513012,transfert,20191202,142935,17650763570
+33458005709,20191202141046,2,+33630513012,transfert,20191202,141046,17650549526
+33458005709,20191202130734,0,+33630513012,miss,20191202,130734,17650057889
+33458005709,20191202114452,1624,+33607559403,incoming,20191202,114452,17649749968
+33458005709,20191202114015,134,+33632891463,incoming,20191202,114015,17649453238
+33458005709,20191202114031,59,+33609956030,transfert,20191202,114031,17649447068
+33458005709,20191202113530,121,+33663680213,incoming,20191202,113530,17649402622
+33458005709,20191202113038,275,+33458005707,incoming,20191202,113038,17649374574
+33458005709,20191202112851,5,+33607559403,transfert,20191202,112851,17649302965
+33458005709,20191202112007,104,+33632891463,incoming,20191202,112007,17649214946
+33458005709,20191202103451,192,+33778248703,incoming,20191202,103451,17648711308
+33458005709,20191202102555,485,+33173083143,incoming,20191202,102555,17648658836
+33458005709,20191202102425,15,+33173083143,transfert,20191202,102425,17648557302
+33458005709,20191202101644,143,+33549236458,incoming,20191202,101644,17648492049
+33458005709,20191202101343,142,+33771567069,incoming,20191202,101343,17648457551
+33458005730,20191231143933,296,+33607426837,transfert,20191231,143933,17876531220
+33458005730,20191231105114,84,+33607426837,transfert,20191231,105114,17874783944
+33458005730,20191231105036,4,+33607426837,transfert,20191231,105036,17874769757
+33458005730,20191231100717,3,+32472786055,transfert,20191231,100717,17874469385
+33458005730,20191231095506,13,+32472786055,transfert,20191231,095506,17874376497
+33458005730,20191230111421,434,+33615653940,transfert,20191230,111421,17866756471
+33458005730,20191230111321,4,+33615653940,transfert,20191230,111321,17866678383
+33458005730,20191230095955,520,+33951787905,transfert,20191230,095955,17865967454
+33458005730,20191230100303,3,+33782210622,transfert,20191230,100303,17865913928
+33458005730,20191230094945,4,+33615653940,transfert,20191230,094945,17865792993
+33458005730,20191230094853,10,+33615653940,transfert,20191230,094853,17865785649
+33458005730,20191228151851,3,+33619304118,transfert,20191228,151851,17854396676
+33458005730,20191228135422,4,+33619304118,transfert,20191228,135422,17853850853
+33458005730,20191227174319,3,+33615653940,transfert,20191227,174319,17848330369
+33458005730,20191227173618,64,anonymous,transfert,20191227,173618,17848281706
+33458005730,20191227172528,2,+33615653940,transfert,20191227,172528,17848173940
+33458005730,20191227170246,3,+33615653940,transfert,20191227,170246,17847962355
+33458005730,20191227164752,4,+33615653940,transfert,20191227,164752,17847814955
+33458005730,20191227164247,35,+33615653940,transfert,20191227,164247,17847776206
+33458005730,20191227143734,125,+33669167236,transfert,20191227,143734,17846738225
+33458005730,20191227102413,478,+33614477196,transfert,20191227,102413,17844848457
+33458005730,20191226174546,5,+33675890059,transfert,20191226,174546,17840234520
+33458005730,20191226174258,10,+33675890059,transfert,20191226,174258,17840217177
+33458005730,20191226174121,7,+33675890059,transfert,20191226,174121,17840202951
+33458005730,20191226174032,6,+33675890059,transfert,20191226,174032,17840198694
+33458005730,20191226145432,62,+33607426837,transfert,20191226,145432,17838861247
+33458005730,20191226135445,13,+33476512223,transfert,20191226,135445,17838334222
+33458005730,20191226114742,226,+33673470543,transfert,20191226,114742,17837502803
+33458005730,20191226110923,205,+33607533271,transfert,20191226,110923,17837121940
+33458005730,20191224132637,4,+41763936511,transfert,20191224,132637,17826591585
+33458005730,20191224113857,391,+33494377323,transfert,20191224,113857,17825962441
+33458005730,20191224110638,141,+33235699458,transfert,20191224,110638,17825643271
+33458005730,20191224094739,3,+33685915513,transfert,20191224,094739,17824968056
+33458005730,20191224092608,0,+33607426837,transfert,20191224,092608,17824806192
+33458005730,20191224092512,14,+33607426837,transfert,20191224,092512,17824800287
+33458005730,20191223155625,3,+33698549500,transfert,20191223,155625,17819510458
+33458005730,20191223152639,6,+33607426837,transfert,20191223,152639,17819218227
+33458005730,20191223150558,414,+33607426837,transfert,20191223,150558,17819072006
+33458005730,20191223150821,3,+33698549500,transfert,20191223,150821,17819028360
+33458005730,20191223144532,220,+33607426837,transfert,20191223,144532,17818842372
+33458005730,20191223144027,223,+33607426837,transfert,20191223,144027,17818792990
+33458005730,20191223142656,93,+33669167236,transfert,20191223,142656,17818624268
+33458005730,20191223142000,416,+33607426837,transfert,20191223,142000,17818618879
+33458005730,20191223135734,634,+33638431672,transfert,20191223,135734,17818415040
+33458005730,20191223135029,154,+33651689373,transfert,20191223,135029,17818259156
+33458005730,20191223104640,103,+33475002582,transfert,20191223,104640,17816651549
+33458005730,20191223102804,178,+33381680605,transfert,20191223,102804,17816437993
+33458005730,20191223093707,787,+33673745745,transfert,20191223,093707,17815956519
+33458005730,20191223092932,116,+33437581932,transfert,20191223,092932,17815730463
+33458005730,20191220162121,188,+33611340748,transfert,20191220,162121,17799071413
+33458005730,20191220162043,4,+33611340748,transfert,20191220,162043,17799039675
+33458005730,20191220162004,4,+33611340748,transfert,20191220,162004,17799030092
+33458005730,20191220155056,58,+33437581932,transfert,20191220,155056,17798754681
+33458005730,20191220142843,46,+33672819873,transfert,20191220,142843,17797889292
+33458005730,20191220140632,536,+33616863377,transfert,20191220,140632,17797714537
+33458005730,20191220135917,330,+33616863377,transfert,20191220,135917,17797594868
+33458005730,20191220135839,3,+33616863377,transfert,20191220,135839,17797542217
+33458005730,20191220134624,0,+33673745745,transfert,20191220,134624,17797455292
+33458005730,20191220134506,13,+33616863377,transfert,20191220,134506,17797448910
+33458005730,20191220111100,857,+33661354281,transfert,20191220,111100,17796304770
+33458005730,20191220100722,87,+33681218594,transfert,20191220,100722,17795402579
+33458005730,20191220093916,305,+33630204998,transfert,20191220,093916,17795113003
+33458005730,20191220090614,646,+33673745745,transfert,20191220,090614,17794839388
+33458005730,20191220090344,2,+33673745745,transfert,20191220,090344,17794739277
+33458005730,20191220090246,0,+33673745745,transfert,20191220,090246,17794730964
+33458005730,20191220090204,3,+33673745745,transfert,20191220,090204,17794726473
+33458005730,20191220090124,0,+33673745745,transfert,20191220,090124,17794721508
+33458005730,20191220090049,3,+33673745745,transfert,20191220,090049,17794720163
+33458005730,20191220090006,3,+33673745745,transfert,20191220,090006,17794714099
+33458005730,20191220085709,2,+33673745745,transfert,20191220,085709,17794700981
+33458005730,20191219194903,2,+33673745745,transfert,20191219,194903,17791676071
+33458005730,20191219160155,6,+33637641810,transfert,20191219,160155,17790416117
+33458005730,20191219160558,2,+33637641810,transfert,20191219,160558,17790374691
+33458005730,20191219160819,2,+33637641810,transfert,20191219,160819,17790353707
+33458005730,20191219160457,3,+33637641810,transfert,20191219,160457,17790305414
+33458005730,20191219155944,4,+33637641810,transfert,20191219,155944,17790270822
+33458005730,20191219154343,66,anonymous,transfert,20191219,154343,17790189675
+33458005730,20191219155013,8,+33698549500,transfert,20191219,155013,17790182746
+33458005730,20191219152611,388,+33637641810,transfert,20191219,152611,17789963862
+33458005730,20191219154709,9,+33698549500,transfert,20191219,154709,17789935730
+33458005730,20191219160054,3,+33637641810,transfert,20191219,160054,17789883730
+33458005730,20191219160019,3,+33637641810,transfert,20191219,160019,17789771168
+33458005730,20191219152015,227,+33637641810,transfert,20191219,152015,17789680525
+33458005730,20191219151907,2,+33637641810,transfert,20191219,151907,17789620876
+33458005730,20191219151829,4,+33637641810,transfert,20191219,151829,17789534188
+33458005730,20191219152153,10,+33631444094,transfert,20191219,152153,17789522401
+33458005730,20191219144705,167,+33661354281,transfert,20191219,144705,17789283929
+33458005730,20191219142522,39,+33684341039,transfert,20191219,142522,17789010791
+33458005730,20191219141015,28,+33450514936,transfert,20191219,141015,17788816333
+33458005730,20191219135609,4,+33450514936,transfert,20191219,135609,17788665996
+33458005730,20191219125549,4,+32471825951,transfert,20191219,125549,17788240446
+33458005730,20191219115535,4,+33450514936,transfert,20191219,115535,17787784288
+33458005730,20191219114410,12,+32472786055,transfert,20191219,114410,17787626503
+33458005730,20191219111239,474,+33661354281,transfert,20191219,111239,17787323850
+33458005730,20191219104110,765,+33674648110,transfert,20191219,104110,17787015353
+33458005730,20191219104024,7,+33674648110,transfert,20191219,104024,17786863782
+33458005730,20191219101918,233,+33685492291,transfert,20191219,101918,17786662032
+33458005730,20191219094143,88,+33647985024,transfert,20191219,094143,17786218108
+33458005730,20191219094056,5,+33647985024,transfert,20191219,094056,17786199243
+33458005730,20191219085358,2148,+262692915155,transfert,20191219,085358,17786089778
+33458005730,20191219091430,41,+32471825951,transfert,20191219,091430,17785967094
+33458005730,20191219085536,68,+33673470543,transfert,20191219,085536,17785829412
+33458005730,20191219085138,11,+262692915155,transfert,20191219,085138,17785805941
+33458005730,20191218173343,110,+33603187482,transfert,20191218,173343,17782220419
+33458005730,20191218170631,1045,+33674869710,transfert,20191218,170631,17782110092
+33458005730,20191218170549,7,+33674869710,transfert,20191218,170549,17781930747
+33458005730,20191218170447,12,+33674869710,transfert,20191218,170447,17781923192
+33458005730,20191218155910,46,+33615653940,transfert,20191218,155910,17781263130
+33458005730,20191218154249,99,+33633405805,transfert,20191218,154249,17781096875
+33458005730,20191218153853,165,+33442976062,transfert,20191218,153853,17781068475
+33458005730,20191218153700,8,+33442976062,transfert,20191218,153700,17781020239
+33458005730,20191218152809,495,+33688765823,transfert,20191218,152809,17781009650
+33458005730,20191218153438,5,+33442976062,transfert,20191218,153438,17780993565
+33458005730,20191218152328,5,+33688765823,transfert,20191218,152328,17780887121
+33458005730,20191218145739,174,+33442976062,transfert,20191218,145739,17780650895
+33458005730,20191218145840,4,+33688765823,transfert,20191218,145840,17780634805
+33458005730,20191218145216,0,+33442976062,transfert,20191218,145216,17780564681
+33458005730,20191218145010,118,+33782210622,transfert,20191218,145010,17780563559
+33458005730,20191218145039,11,+33442976062,transfert,20191218,145039,17780552914
+33458005730,20191218143434,324,+33782210622,transfert,20191218,143434,17780424866
+33458005730,20191218135413,8,+33984366368,transfert,20191218,135413,17779932043
+33458005730,20191218120135,151,+33611174432,transfert,20191218,120135,17779239024
+33458005730,20191218120102,0,+33611174432,transfert,20191218,120102,17779210243
+33458005730,20191218111232,2,+33450514936,transfert,20191218,111232,17778669917
+33458005730,20191218105138,239,+33663451302,transfert,20191218,105138,17778467453
+33458005730,20191218104703,226,+33762121922,transfert,20191218,104703,17778419499
+33458005730,20191218104955,5,+33450514936,transfert,20191218,104955,17778413782
+33458005730,20191218104040,210,+33663680213,transfert,20191218,104040,17778347222
+33458005730,20191218102712,330,+33677119711,transfert,20191218,102712,17778232044
+33458005730,20191218095630,940,+971522443128,transfert,20191218,095630,17778015565
+33458005730,20191218101009,57,+33134649464,transfert,20191218,101009,17778005312
+33458005730,20191218093415,801,+33673745745,transfert,20191218,093415,17777744084
+33458005730,20191218090936,381,+33673745745,transfert,20191218,090936,17777382521
+33458005730,20191218084236,3,+33673745745,transfert,20191218,084236,17777147513
+33458005730,20191217174323,54,+33450514936,transfert,20191217,174323,17773742903
+33458005730,20191217172238,114,+33630513012,transfert,20191217,172238,17773576057
+33458005730,20191217171813,96,+33559311166,transfert,20191217,171813,17773529588
+33458005730,20191217171607,80,+33630204998,transfert,20191217,171607,17773511875
+33458005730,20191217164222,675,+33450514936,transfert,20191217,164222,17773277262
+33458005730,20191217164326,2,+33611174432,transfert,20191217,164326,17773170089
+33458005730,20191217162759,221,+33662351739,transfert,20191217,162759,17773049204
+33458005730,20191217161421,0,+33611174432,transfert,20191217,161421,17772854469
+33458005730,20191217154747,3,+33953684473,transfert,20191217,154747,17772552851
+33458005730,20191217153939,4,+33450514936,transfert,20191217,153939,17772459911
+33458005730,20191217152804,696,+33679982591,transfert,20191217,152804,17772458224
+33458005730,20191217153229,2,+33611174432,transfert,20191217,153229,17772381058
+33458005730,20191217152501,43,+33679982591,transfert,20191217,152501,17772300008
+33458005730,20191217151832,406,+33638431672,transfert,20191217,151832,17772288733
+33458005730,20191217152427,3,+33679982591,transfert,20191217,152427,17772282688
+33458005730,20191217152345,10,+33679982591,transfert,20191217,152345,17772276092
+33458005730,20191217152100,3,+33647985024,transfert,20191217,152100,17772243515
+33458005730,20191217152007,13,+33647985024,transfert,20191217,152007,17772237346
+33458005730,20191217151842,7,+33698549500,transfert,20191217,151842,17772218638
+33458005730,20191217151346,9,+33647985024,transfert,20191217,151346,17772166076
+33458005730,20191217145644,4,+33450514936,transfert,20191217,145644,17771979158
+33458005730,20191217145517,74,+33631444094,transfert,20191217,145517,17771972591
+33458005730,20191217145605,0,+33607426837,transfert,20191217,145605,17771968198
+33458005730,20191217145509,4,+33607426837,transfert,20191217,145509,17771962214
+33458005730,20191217144505,47,+33251797721,transfert,20191217,144505,17771858057
+33458005730,20191217144226,7,+33611174432,transfert,20191217,144226,17771822683
+33458005730,20191217144001,10,+33638431672,transfert,20191217,144001,17771798460
+33458005730,20191217143438,7,+33607426837,transfert,20191217,143438,17771741753
+33458005730,20191217143348,5,+33607426837,transfert,20191217,143348,17771733365
+33458005730,20191217142740,10,+33631444094,transfert,20191217,142740,17771666369
+33458005730,20191217142618,4,+33450514936,transfert,20191217,142618,17771649441
+33458005730,20191217142541,3,+33607426837,transfert,20191217,142541,17771641427
+33458005730,20191217142125,49,+33607426837,transfert,20191217,142125,17771599470
+33458005730,20191217142038,10,+33607426837,transfert,20191217,142038,17771583122
+33458005730,20191217141955,6,+33607426837,transfert,20191217,141955,17771573170
+33458005730,20191217141916,3,+33607426837,transfert,20191217,141916,17771567246
+33458005730,20191217141834,4,+33607426837,transfert,20191217,141834,17771558833
+33458005730,20191217141525,4,+33682599061,transfert,20191217,141525,17771521164
+33458005730,20191217140746,4,+33450514936,transfert,20191217,140746,17771426142
+33458005730,20191217140113,5,+33450514936,transfert,20191217,140113,17771350307
+33458005730,20191217134830,5,+33638431672,transfert,20191217,134830,17771235335
+33458005730,20191217134655,4,+32472786055,transfert,20191217,134655,17771221291
+33458005730,20191217132117,7,+33672141449,transfert,20191217,132117,17771031613
+33458005730,20191217131104,4,+32472786055,transfert,20191217,131104,17770972848
+33458005730,20191217125632,8,+33672141449,transfert,20191217,125632,17770907583
+33458005730,20191217125441,59,+33556512413,transfert,20191217,125441,17770904419
+33458005730,20191217115929,9,+33630204998,transfert,20191217,115929,17770545522
+33458005730,20191217115632,85,+33952538919,transfert,20191217,115632,17770527595
+33458005730,20191217112708,445,+33648544291,transfert,20191217,112708,17770266182
+33458005730,20191217112626,4,+33648544291,transfert,20191217,112626,17770170548
+33458005730,20191217111827,179,+33698549500,transfert,20191217,111827,17770110145
+33458005730,20191217111956,9,+33682599061,transfert,20191217,111956,17770095381
+33458005730,20191217110100,408,+32471825951,transfert,20191217,110100,17769964781
+33458005730,20191217104718,303,+33611804741,transfert,20191217,104718,17769780902
+33458005730,20191217101447,56,+33231351865,transfert,20191217,101447,17769337494
+33458005730,20191217100715,5,+33478900619,transfert,20191217,100715,17769244519
+33458005730,20191217095443,397,+33650828798,transfert,20191217,095443,17769172896
+33458005730,20191217093440,4,+33650828798,transfert,20191217,093440,17768872850
+33458005730,20191217092355,4,+33698224494,transfert,20191217,092355,17768747040
+33458005730,20191216180307,5,+33698224494,transfert,20191216,180307,17765212588
+33458005730,20191216174245,246,+33607426837,transfert,20191216,174245,17765061272
+33458005730,20191216173009,357,+33607426837,transfert,20191216,173009,17764968475
+33458005730,20191216172256,143,+33651689373,transfert,20191216,172256,17764872040
+33458005730,20191216171746,148,+33638431672,transfert,20191216,171746,17764813519
+33458005730,20191216171930,6,+33651689373,transfert,20191216,171930,17764809236
+33458005730,20191216170453,192,+33607426837,transfert,20191216,170453,17764699982
+33458005730,20191216160930,92,+33757918890,transfert,20191216,160930,17764031641
+33458005730,20191216160347,130,+33631444094,transfert,20191216,160347,17763963037
+33458005730,20191216144646,578,+33953684473,transfert,20191216,144646,17763082136
+33458005730,20191216145502,6,+33784535853,transfert,20191216,145502,17763072449
+33458005730,20191216145208,6,+33784535853,transfert,20191216,145208,17763036261
+33458005730,20191216144405,370,+33784535853,transfert,20191216,144405,17763007982
+33458005730,20191216144554,4,+33953684473,transfert,20191216,144554,17762958494
+33458005730,20191216142702,115,+33663680213,transfert,20191216,142702,17762727283
+33458005730,20191216140756,114,+33651689373,transfert,20191216,140756,17762463420
+33458005730,20191216135805,233,+33668788541,transfert,20191216,135805,17762361893
+33458005730,20191216134933,2,+33651689373,transfert,20191216,134933,17762256049
+33458005730,20191216133901,2,+33651689373,transfert,20191216,133901,17762157853
+33458005730,20191216133512,2,+33651689373,transfert,20191216,133512,17762130721
+33458005730,20191216133237,5,+33651689373,transfert,20191216,133237,17762110886
+33458005730,20191216120430,45,+33650828798,transfert,20191216,120430,17761499487
+33458005730,20191216120404,0,+33650828798,transfert,20191216,120404,17761487281
+33458005730,20191216115510,510,+4540458195,transfert,20191216,115510,17761483161
+33458005730,20191216114408,82,+44203807623,transfert,20191216,114408,17761265811
+33458005730,20191216114407,0,+33630513012,transfert,20191216,114407,17761251784
+33458005730,20191216112722,129,+33479313967,transfert,20191216,112722,17761078770
+33458005730,20191216112014,61,+33609512133,transfert,20191216,112014,17760981432
+33458005730,20191216104646,44,+33442976062,transfert,20191216,104646,17760569574
+33458005730,20191216104341,5,+33648544291,transfert,20191216,104341,17760521526
+33458005730,20191216103252,218,+33476420489,transfert,20191216,103252,17760423161
+33458005730,20191216103157,11,+33476420489,transfert,20191216,103157,17760375951
+33458005730,20191216102827,3,+33648544291,transfert,20191216,102827,17760326352
+33458005730,20191216102451,74,+33662078266,transfert,20191216,102451,17760294955
+33458005730,20191216100746,362,+33610599750,transfert,20191216,100746,17760121564
+33458005730,20191216100701,3,+33610599750,transfert,20191216,100701,17760039765
+33458005730,20191216092530,904,+33442976062,transfert,20191216,092530,17759698527
+33458005730,20191216093353,35,+33479313967,transfert,20191216,093353,17759631588
+33458005730,20191216093120,9,+33479313967,transfert,20191216,093120,17759593899
+33458005730,20191214164907,4,+33470457862,transfert,20191214,164907,17749672360
+33458005730,20191214164753,19,+33470457862,transfert,20191214,164753,17749665778
+33458005730,20191214164407,6,+33679982591,transfert,20191214,164407,17749640480
+33458005730,20191213165136,6,+33457608081,transfert,20191213,165136,17743036306
+33458005730,20191213162732,3,+33682525500,transfert,20191213,162732,17742776929
+33458005730,20191213162612,4,+33686036353,transfert,20191213,162612,17742762378
+33458005730,20191213162404,4,+33682525500,transfert,20191213,162404,17742740307
+33458005730,20191213162330,4,+33682525500,transfert,20191213,162330,17742733668
+33458005730,20191213160606,557,+33613809809,transfert,20191213,160606,17742630600
+33458005730,20191213160523,13,+33613809809,transfert,20191213,160523,17742509662
+33458005730,20191213155201,14,+594694937374,transfert,20191213,155201,17742344403
+33458005730,20191213152142,6,+33611174432,transfert,20191213,152142,17742022578
+33458005730,20191213150938,718,+33642720891,transfert,20191213,150938,17742017963
+33458005730,20191213151231,228,+33631707170,transfert,20191213,151231,17741963907
+33458005730,20191213151137,11,+33631707170,transfert,20191213,151137,17741916320
+33458005730,20191213150824,4,+33682599061,transfert,20191213,150824,17741881139
+33458005730,20191213150236,5,+44203807623,transfert,20191213,150236,17741815451
+33458005730,20191213150124,15,+44203807623,transfert,20191213,150124,17741806178
+33458005730,20191213145939,15,+44203807623,transfert,20191213,145939,17741785400
+33458005730,20191213144343,162,+33660626453,transfert,20191213,144343,17741612404
+33458005730,20191213144257,4,+33660626453,transfert,20191213,144257,17741578322
+33458005730,20191213143441,487,+33668235371,transfert,20191213,143441,17741574117
+33458005730,20191213143109,91,+33660626453,transfert,20191213,143109,17741469081
+33458005730,20191213142242,208,+33615653940,transfert,20191213,142242,17741405039
+33458005730,20191213141505,0,+33686036353,transfert,20191213,141505,17741282546
+33458005730,20191213140647,4,+33668235371,transfert,20191213,140647,17741195410
+33458005730,20191213125850,11,+33668235371,transfert,20191213,125850,17740691031
+33458005730,20191213115317,12,+33686036353,transfert,20191213,115317,17740177635
+33458005730,20191213114508,4,+33662190685,transfert,20191213,114508,17740080301
+33458005730,20191213112228,68,+33492905199,transfert,20191213,112228,17739836887
+33458005730,20191213111242,38,+33450514936,transfert,20191213,111242,17739714207
+33458005730,20191213102251,360,+33492905199,transfert,20191213,102251,17739170190
+33458005730,20191213102731,4,+33682525500,transfert,20191213,102731,17739158267
+33458005730,20191213093204,11,+33669070851,transfert,20191213,093204,17738497301
+33458005730,20191213090546,313,+33669070851,transfert,20191213,090546,17738246289
+33458005730,20191212161748,478,+33630513012,transfert,20191212,161748,17733878919
+33458005730,20191212155811,158,+594694030034,transfert,20191212,155811,17733647227
+33458005730,20191212151314,282,+41324881462,transfert,20191212,151314,17733230863
+33458005730,20191212145759,315,+594694030034,transfert,20191212,145759,17733090219
+33458005730,20191212145601,15,+594694030034,transfert,20191212,145601,17733020306
+33458005730,20191212143618,125,+33682599061,transfert,20191212,143618,17732818279
+33458005730,20191212120954,894,+33664952889,transfert,20191212,120954,17731811785
+33458005730,20191212120903,10,+33664952889,transfert,20191212,120903,17731714429
+33458005730,20191212120529,17,+33476420489,transfert,20191212,120529,17731688031
+33458005730,20191212115747,488,+33637303894,transfert,20191212,115747,17731687874
+33458005730,20191212115617,16,anonymous,transfert,20191212,115617,17731603924
+33458005730,20191212114411,535,+33658898832,transfert,20191212,114411,17731563209
+33458005730,20191212112702,4,+33658898832,transfert,20191212,112702,17731251379
+33458005730,20191212112619,4,+33658898832,transfert,20191212,112619,17731245808
+33458005730,20191212105531,358,+33668788541,transfert,20191212,105531,17730933156
+33458005730,20191212104549,488,+33638043975,transfert,20191212,104549,17730832070
+33458005730,20191212105041,12,+33668788541,transfert,20191212,105041,17730801266
+33458005730,20191212102908,43,+33184802251,transfert,20191212,102908,17730527272
+33458005730,20191212102532,127,+33663680213,transfert,20191212,102532,17730493601
+33458005730,20191212101839,5,+33184802251,transfert,20191212,101839,17730392483
+33458005730,20191212101511,8,+33638043975,transfert,20191212,101511,17730339038
+33458005730,20191212100756,5,+33638043975,transfert,20191212,100756,17730237631
+33458005730,20191212100428,10,+33630535459,transfert,20191212,100428,17730196408
+33458005730,20191212095823,159,+33479313967,transfert,20191212,095823,17730147093
+33458005730,20191212095948,5,+33781026635,transfert,20191212,095948,17730134360
+33458005730,20191212095759,10,+33638043975,transfert,20191212,095759,17730111141
+33458005730,20191212094744,358,+33777906610,transfert,20191212,094744,17730047784
+33458005730,20191212095057,11,+33677119711,transfert,20191212,095057,17730018790
+33458005730,20191212093906,13,+33777906610,transfert,20191212,093906,17729877284
+33458005730,20191212093710,5,+33479313967,transfert,20191212,093710,17729853797
+33458005730,20191212093616,12,+33682599061,transfert,20191212,093616,17729840562
+33458005730,20191212092307,4,+33479313967,transfert,20191212,092307,17729683154
+33458005730,20191212092221,8,+33479313967,transfert,20191212,092221,17729673117
+33458005730,20191211171909,1200,+33613809809,transfert,20191211,171909,17725957113
+33458005730,20191211170743,227,+33660803629,transfert,20191211,170743,17725735711
+33458005730,20191211163623,436,+33638043975,transfert,20191211,163623,17725482091
+33458005730,20191211164204,9,+33686184892,transfert,20191211,164204,17725467239
+33458005730,20191211163459,17,+33638043975,transfert,20191211,163459,17725402349
+33458005730,20191211163238,88,+33638043975,transfert,20191211,163238,17725391989
+33458005730,20191211162000,119,+33611174432,transfert,20191211,162000,17725260040
+33458005730,20191211161834,19,+33611174432,transfert,20191211,161834,17725226027
+33458005730,20191211160733,316,+33611174432,transfert,20191211,160733,17725165512
+33458005730,20191211160352,86,+33184802251,transfert,20191211,160352,17725097825
+33458005730,20191211153916,466,+33611116131,transfert,20191211,153916,17724927984
+33458005730,20191211152648,721,+33662190685,transfert,20191211,152648,17724844382
+33458005730,20191211150504,103,+594694937374,transfert,20191211,150504,17724530791
+33458005730,20191211144116,91,+33611174432,transfert,20191211,144116,17724290274
+33458005730,20191211143002,3,+33687767565,transfert,20191211,143002,17724151278
+33458005730,20191211142908,4,+33687767565,transfert,20191211,142908,17724145199
+33458005730,20191211141144,291,+33611116131,transfert,20191211,141144,17724001759
+33458005730,20191211114012,2,+33688765823,transfert,20191211,114012,17722924653
+33458005730,20191211113812,69,+33611174432,transfert,20191211,113812,17722914782
+33458005730,20191211112712,517,+33611174432,transfert,20191211,112712,17722882360
+33458005730,20191211113314,6,+33688765823,transfert,20191211,113314,17722858500
+33458005730,20191211112023,383,+33611174432,transfert,20191211,112023,17722790739
+33458005730,20191211112425,6,+33688765823,transfert,20191211,112425,17722770416
+33458005730,20191211111426,619,+33492905199,transfert,20191211,111426,17722768033
+33458005730,20191211111906,75,+33442976062,transfert,20191211,111906,17722724206
+33458005730,20191211111938,4,+33611174432,transfert,20191211,111938,17722719658
+33458005730,20191211111655,6,+33450514936,transfert,20191211,111655,17722692076
+33458005730,20191211110248,292,+33679982591,transfert,20191211,110248,17722590145
+33458005730,20191211104734,225,+33662190685,transfert,20191211,104734,17722408584
+33458005730,20191211103535,3,+33184802251,transfert,20191211,103535,17722252741
+33458005730,20191211100932,410,+33662190685,transfert,20191211,100932,17722043662
+33458005730,20191211095553,407,+33611174432,transfert,20191211,095553,17721895987
+33458005730,20191211093132,401,+33688765823,transfert,20191211,093132,17721663600
+33458005730,20191211092344,220,+33648794510,transfert,20191211,092344,17721558817
+33458005730,20191211082242,4,+33662190685,transfert,20191211,082242,17721180955
+33458005730,20191211073408,0,+33662190685,transfert,20191211,073408,17721037909
+33458005730,20191210175239,89,+33442976062,transfert,20191210,175239,17718083309
+33458005730,20191210165502,263,+33685915513,transfert,20191210,165502,17717633275
+33458005730,20191210165040,120,+33778248703,transfert,20191210,165040,17717574997
+33458005730,20191210164924,10,+33778248703,transfert,20191210,164924,17717546675
+33458005730,20191210164246,59,+33479313967,transfert,20191210,164246,17717490530
+33458005730,20191210164153,15,+33479313967,transfert,20191210,164153,17717475496
+33458005730,20191210163843,48,+33679982591,transfert,20191210,163843,17717451793
+33458005730,20191210161121,1396,+33611174432,transfert,20191210,161121,17717399026
+33458005730,20191210162950,4,+33685915513,transfert,20191210,162950,17717345379
+33458005730,20191210162748,11,+33953836761,transfert,20191210,162748,17717322724
+33458005730,20191210162807,9,+33685915513,transfert,20191210,162807,17717319253
+33458005730,20191210160226,1068,+33556994080,transfert,20191210,160226,17717234740
+33458005730,20191210161647,0,+352691335233,transfert,20191210,161647,17717200138
+33458005730,20191210161319,6,+33685915513,transfert,20191210,161319,17717169247
+33458005730,20191210161038,4,+33611174432,transfert,20191210,161038,17717140778
+33458005730,20191210154013,337,+33662190685,transfert,20191210,154013,17716834730
+33458005730,20191210154114,4,+33685915513,transfert,20191210,154114,17716786520
+33458005730,20191210145236,88,+33661162968,transfert,20191210,145236,17716300900
+33458005730,20191210142926,72,+33670469564,transfert,20191210,142926,17716049201
+33458005730,20191210141012,947,+33670469564,transfert,20191210,141012,17715999595
+33458005730,20191210140650,127,+33670469564,transfert,20191210,140650,17715815579
+33458005730,20191210131608,3,+33670469564,transfert,20191210,131608,17715460890
+33458005730,20191210131511,6,+33670469564,transfert,20191210,131511,17715457543
+33458005730,20191210131412,14,+33670469564,transfert,20191210,131412,17715453639
+33458005730,20191210112107,564,+33695191569,transfert,20191210,112107,17714683193
+33458005730,20191210105613,142,+33442976062,transfert,20191210,105613,17714293427
+33458005730,20191210104018,43,+33782960856,transfert,20191210,104018,17714067890
+33458005730,20191210103357,442,+33769494028,transfert,20191210,103357,17714066544
+33458005730,20191210103431,130,+33673745745,transfert,20191210,103431,17714008799
+33458005730,20191210103450,4,+33662190685,transfert,20191210,103450,17713987144
+33458005730,20191210101600,97,+33769494028,transfert,20191210,101600,17713779392
+33458005730,20191210101049,122,+33241616232,transfert,20191210,101049,17713715560
+33458005730,20191210100950,4,+33662190685,transfert,20191210,100950,17713685928
+33458005730,20191210100929,4,+33769494028,transfert,20191210,100929,17713676037
+33458005730,20191210100845,5,+33769494028,transfert,20191210,100845,17713673444
+33458005730,20191210100325,11,+33662190685,transfert,20191210,100325,17713600143
+33458005730,20191210100228,10,+33673745745,transfert,20191210,100228,17713584204
+33458005730,20191210090851,64,+33442976062,transfert,20191210,090851,17712937205
+33458005730,20191209171600,306,+33686608161,transfert,20191209,171600,17708868610
+33458005730,20191209164038,84,+33651689373,transfert,20191209,164038,17708455327
+33458005730,20191209163955,4,+33651689373,transfert,20191209,163955,17708433244
+33458005730,20191209163142,12,+33651689373,transfert,20191209,163142,17708346335
+33458005730,20191209160436,147,+33662345581,transfert,20191209,160436,17708038935
+33458005730,20191209152505,181,+33660218977,transfert,20191209,152505,17707553789
+33458005730,20191209133344,144,+33950657708,transfert,20191209,133344,17706336338
+33458005730,20191209133248,11,+33950657708,transfert,20191209,133248,17706315442
+33458005730,20191209125639,12,+33622712457,transfert,20191209,125639,17706053159
+33458005730,20191209123321,4,+33681851995,transfert,20191209,123321,17705917458
+33458005730,20191209121155,473,+33681851995,transfert,20191209,121155,17705831099
+33458005730,20191209115911,158,+33609748392,transfert,20191209,115911,17705684053
+33458005730,20191209104250,93,+33450514936,transfert,20191209,104250,17704662500
+33458005730,20191209101649,39,+33476444492,transfert,20191209,101649,17704265803
+33458005730,20191209100734,125,+33673745745,transfert,20191209,100734,17704156029
+33458005730,20191209095206,4,+493814986053,transfert,20191209,095206,17703925193
+33458005730,20191209095112,5,+493814986053,transfert,20191209,095112,17703912979
+33458005730,20191209093119,70,+33662190685,transfert,20191209,093119,17703647633
+33458005730,20191209090453,4,+33673745745,transfert,20191209,090453,17703268462
+33458005730,20191209085808,19,+493814986053,transfert,20191209,085808,17703194312
+33458005730,20191206181007,366,+33603217568,transfert,20191206,181007,17686565987
+33458005730,20191206180927,4,+33603217568,transfert,20191206,180927,17686515372
+33458005730,20191206173607,3,+33603217568,transfert,20191206,173607,17686248682
+33458005730,20191206170020,740,+33679982591,transfert,20191206,170020,17686054863
+33458005730,20191206165229,781,+594694937374,transfert,20191206,165229,17685997312
+33458005730,20191206164709,97,+33620334093,transfert,20191206,164709,17685841381
+33458005730,20191206164535,79,+33476580988,transfert,20191206,164535,17685821356
+33458005730,20191206161203,155,+33476580988,transfert,20191206,161203,17685453571
+33458005730,20191206150125,1353,+33673745745,transfert,20191206,150125,17684858981
+33458005730,20191206145538,381,+33681374820,transfert,20191206,145538,17684595038
+33458005730,20191206145037,26,+33677119711,transfert,20191206,145037,17684475981
+33458005730,20191206144013,393,+33607303702,transfert,20191206,144013,17684427052
+33458005730,20191206143929,5,+33607303702,transfert,20191206,143929,17684359439
+33458005730,20191206143839,6,+33607303702,transfert,20191206,143839,17684351068
+33458005730,20191206142200,606,+4972764079910,transfert,20191206,142200,17684265404
+33458005730,20191206141926,5,+33660218977,transfert,20191206,141926,17684119977
+33458005730,20191206141324,316,+33247424041,transfert,20191206,141324,17684109502
+33458005730,20191206121106,4,+33673745745,transfert,20191206,121106,17683231906
+33458005730,20191206115116,321,+33664957639,transfert,20191206,115116,17683099707
+33458005730,20191206114930,11,+33677119711,transfert,20191206,114930,17683027928
+33458005730,20191206112649,170,+33645903436,transfert,20191206,112649,17682799651
+33458005730,20191206104002,183,+33756858062,transfert,20191206,104002,17682283346
+33458005730,20191206101940,181,+33601635557,transfert,20191206,101940,17682045962
+33458005730,20191206101842,10,+33601635557,transfert,20191206,101842,17682005760
+33458005730,20191206100915,18,+33607303702,transfert,20191206,100915,17681889460
+33458005730,20191206093846,18,+33660218977,transfert,20191206,093846,17681531890
+33458005730,20191206085922,8,+33652872543,transfert,20191206,085922,17681139577
+33458005730,20191205181836,115,+15187087450,transfert,20191205,181836,17677674243
+33458005730,20191205172551,378,+33685492291,transfert,20191205,172551,17677289107
+33458005730,20191205162640,117,+33651124253,transfert,20191205,162640,17676628149
+33458005730,20191205154733,60,+33481928607,transfert,20191205,154733,17676207376
+33458005730,20191205154637,6,+33481928607,transfert,20191205,154637,17676186404
+33458005730,20191205150732,1082,+33629154748,transfert,20191205,150732,17675969170
+33458005730,20191205144719,193,+33661162968,transfert,20191205,144719,17675590785
+33458005730,20191205142153,77,+33623664277,transfert,20191205,142153,17675327848
+33458005730,20191205141640,62,+33661645221,transfert,20191205,141640,17675265788
+33458005730,20191205122101,5,+33786160910,transfert,20191205,122101,17674476363
+33458005730,20191205121958,3,+33786160910,transfert,20191205,121958,17674468373
+33458005730,20191205112020,192,+33563682026,transfert,20191205,112020,17673940811
+33458005730,20191205110736,132,+33662190685,transfert,20191205,110736,17673776196
+33458005730,20191205110644,128,+33677119711,transfert,20191205,110644,17673768633
+33458005730,20191205103651,94,+33952538919,transfert,20191205,103651,17673422021
+33458005730,20191205102130,103,+33297010428,transfert,20191205,102130,17673259136
+33458005730,20191205095846,1000,+33686783852,transfert,20191205,095846,17673178387
+33458005730,20191205101353,0,+33297010428,transfert,20191205,101353,17673165400
+33458005730,20191205100652,0,+33662190685,transfert,20191205,100652,17673089359
+33458005730,20191205100706,0,+33662190685,transfert,20191205,100706,17673088774
+33458005730,20191204174446,276,+33615621185,transfert,20191204,174446,17669390258
+33458005730,20191204174401,4,+33615621185,transfert,20191204,174401,17669354444
+33458005730,20191204172820,226,+4972764079910,transfert,20191204,172820,17669259646
+33458005730,20191204171800,175,+33688222647,transfert,20191204,171800,17669174573
+33458005730,20191204163553,41,+33688222647,transfert,20191204,163553,17668794056
+33458005730,20191204161200,59,+33630513012,transfert,20191204,161200,17668571547
+33458005730,20191204154411,7,+33630513012,transfert,20191204,154411,17668293175
+33458005730,20191204150753,380,+33673745745,transfert,20191204,150753,17668004770
+33458005730,20191204150420,546,+41219446935,transfert,20191204,150420,17667997648
+33458005730,20191204143915,60,+33251797721,transfert,20191204,143915,17667682037
+33458005730,20191204141539,196,+33620374330,transfert,20191204,141539,17667471432
+33458005730,20191204141016,299,+33388207716,transfert,20191204,141016,17667432519
+33458005730,20191204134906,18,+33667938800,transfert,20191204,134906,17667189772
+33458005730,20191204134825,5,+33667938800,transfert,20191204,134825,17667184977
+33458005730,20191204123010,13,+33148394378,transfert,20191204,123010,17666748847
+33458005730,20191204115803,43,+33667938800,transfert,20191204,115803,17666523890
+33458005730,20191204113833,1060,+33442976062,transfert,20191204,113833,17666492465
+33458005730,20191204113200,63,+33630513012,transfert,20191204,113200,17666250445
+33458005730,20191204111950,375,+33664340953,transfert,20191204,111950,17666179099
+33458005730,20191204112457,4,+33638043975,transfert,20191204,112457,17666168088
+33458005730,20191204112412,4,+33638043975,transfert,20191204,112412,17666161411
+33458005730,20191204112114,127,+33620334093,transfert,20191204,112114,17666147114
+33458005730,20191204110745,604,+33450514936,transfert,20191204,110745,17666093430
+33458005730,20191204105234,239,+33635405746,transfert,20191204,105234,17665878842
+33458005730,20191204103506,45,+33642375797,transfert,20191204,103506,17665646318
+33458005730,20191204100423,47,+33388207716,transfert,20191204,100423,17665322133
+33458005730,20191204100200,6,+33607559403,transfert,20191204,100200,17665285320
+33458005730,20191204100029,4,+333155,transfert,20191204,100029,17665272404
+33458005730,20191204100006,10,+33607559403,transfert,20191204,100006,17665270197
+33458005730,20191204095820,37,+33607559403,transfert,20191204,095820,17665255257
+33458005730,20191204095559,15,+333155,transfert,20191204,095559,17665227742
+33458005730,20191204093019,247,+33659966458,transfert,20191204,093019,17665002409
+33458005730,20191204083124,11,+33388207716,transfert,20191204,083124,17664565909
+33458005730,20191203174204,576,+33474849144,transfert,20191203,174204,17661830900
+33458005730,20191203174042,18,+33474849144,transfert,20191203,174042,17661747404
+33458005730,20191203165813,5,+33630513012,transfert,20191203,165813,17661358381
+33458005730,20191203164602,478,+33476420489,transfert,20191203,164602,17661310081
+33458005730,20191203161030,12,+15145755961,transfert,20191203,161030,17660898767
+33458005730,20191203151446,6,+33638043975,transfert,20191203,151446,17660324324
+33458005730,20191203150821,30,+33559311166,transfert,20191203,150821,17660266924
+33458005730,20191203150055,0,+33607119109,transfert,20191203,150055,17660188019
+33458005730,20191203145314,5,+33622712457,transfert,20191203,145314,17660117122
+33458005730,20191203144440,4,+33251797721,transfert,20191203,144440,17660031824
+33458005730,20191203142225,8,+33251797721,transfert,20191203,142225,17659790404
+33458005730,20191203142125,12,+33251797721,transfert,20191203,142125,17659780882
+33458005730,20191203142039,11,+33638043975,transfert,20191203,142039,17659772958
+33458005730,20191203131052,40,+33638043975,transfert,20191203,131052,17659211068
+33458005730,20191203123702,7,+594594322736,transfert,20191203,123702,17659041852
+33458005730,20191203123512,9,+594594322736,transfert,20191203,123512,17659032435
+33458005730,20191203123412,0,+594594322736,transfert,20191203,123412,17659025969
+33458005730,20191203123305,4,+491755744217,transfert,20191203,123305,17659021886
+33458005730,20191203123225,3,+491755744217,transfert,20191203,123225,17659018984
+33458005730,20191203122737,4,+33559311166,transfert,20191203,122737,17658990810
+33458005730,20191203122046,5,+351914908363,transfert,20191203,122046,17658947286
+33458005730,20191203114708,109,+33677119711,transfert,20191203,114708,17658660880
+33458005730,20191203113611,568,+33611116131,transfert,20191203,113611,17658625244
+33458005730,20191203111225,634,+33615127563,transfert,20191203,111225,17658310899
+33458005730,20191203105921,20,+33984366368,transfert,20191203,105921,17657992731
+33458005730,20191203105248,94,+33950917191,transfert,20191203,105248,17657925951
+33458005730,20191203103915,238,+33148769436,transfert,20191203,103915,17657768272
+33458005730,20191203104117,3,+33950917191,transfert,20191203,104117,17657748778
+33458005730,20191203103321,33,+33607559403,transfert,20191203,103321,17657649474
+33458005730,20191203102815,121,+33662190685,transfert,20191203,102815,17657611919
+33458005730,20191203102712,34,+33476420489,transfert,20191203,102712,17657587939
+33458005730,20191203101853,34,+33607559403,transfert,20191203,101853,17657479207
+33458005730,20191203101641,137,+33661162968,transfert,20191203,101641,17657465126
+33458005730,20191203100934,98,+33651689373,transfert,20191203,100934,17657360011
+33458005730,20191203100225,46,+33607559403,transfert,20191203,100225,17657255079
+33458005730,20191203095634,57,+33607559403,transfert,20191203,095634,17657181010
+33458005730,20191203094212,79,+33638043975,transfert,20191203,094212,17656988328
+33458005730,20191203092434,188,+33682599061,transfert,20191203,092434,17656765337
+33458005730,20191202194647,33,+33620052655,transfert,20191202,194647,17653645081
+33458005730,20191202175331,366,+33677225208,transfert,20191202,175331,17653056032
+33458005730,20191202165525,176,+33630513012,transfert,20191202,165525,17652549062
+33458005730,20191202163434,360,+33962042644,transfert,20191202,163434,17652335892
+33458005730,20191202162417,151,+33771567069,transfert,20191202,162417,17652195672
+33458005730,20191202161411,113,+33661162968,transfert,20191202,161411,17652086392
+33458005730,20191202155711,468,+333155,transfert,20191202,155711,17651953001
+33458005730,20191202160137,5,+33663680213,transfert,20191202,160137,17651915822
+33458005730,20191202160101,2,+33663680213,transfert,20191202,160101,17651909706
+33458005730,20191202160012,7,+33663680213,transfert,20191202,160012,17651901567
+33458005730,20191202155929,5,+33663680213,transfert,20191202,155929,17651891609
+33458005730,20191202155933,5,+33630513012,transfert,20191202,155933,17651891535
+33458005730,20191202155324,218,+594594322736,transfert,20191202,155324,17651860555
+33458005730,20191202155423,3,+33681374820,transfert,20191202,155423,17651825877
+33458005730,20191202153936,8,+33661162968,transfert,20191202,153936,17651653380
+33458005730,20191202143147,998,+33607559403,transfert,20191202,143147,17650995728
+33458005730,20191202143736,126,+33630513012,transfert,20191202,143736,17650878394
+33458005730,20191202143101,0,+33630513012,transfert,20191202,143101,17650777884
+33458005730,20191202142656,245,+33236232290,transfert,20191202,142656,17650776998
+33458005730,20191202142935,4,+33630513012,transfert,20191202,142935,17650763716
+33458005730,20191202142312,253,+33682418881,transfert,20191202,142312,17650735116
+33458005730,20191202142557,44,+33437641454,transfert,20191202,142557,17650732128
+33458005730,20191202141046,2,+33630513012,transfert,20191202,141046,17650549206
+33458005730,20191202140851,36,+33682418881,transfert,20191202,140851,17650531182
+33458005730,20191202140153,4,+594594322736,transfert,20191202,140153,17650442354
+33458005730,20191202130807,6,+594594322736,transfert,20191202,130807,17650062549
+33458005730,20191202130734,0,+33630513012,transfert,20191202,130734,17650057856
+33458005730,20191202123803,6,+442392333467,transfert,20191202,123803,17649910045
+33458005730,20191202122949,11,+594594322736,transfert,20191202,122949,17649869009
+33458005730,20191202114452,1624,+33607559403,transfert,20191202,114452,17649749877
+33458005730,20191202114031,59,+33609956030,transfert,20191202,114031,17649446902
+33458005730,20191202113530,121,+33663680213,transfert,20191202,113530,17649400786
+33458005730,20191202112934,353,+33607559403,transfert,20191202,112934,17649374726
+33458005730,20191202112851,5,+33607559403,transfert,20191202,112851,17649302601
+33458005730,20191202110328,316,+33555361373,transfert,20191202,110328,17649065615
+33458005730,20191202103451,192,+33778248703,transfert,20191202,103451,17648712119
+33458005730,20191202102555,485,+33173083143,transfert,20191202,102555,17648658645
+33458005730,20191202102425,15,+33173083143,transfert,20191202,102425,17648557446
+33458005730,20191202102207,0,+33173083143,transfert,20191202,102207,17648522737
+33458005730,20191202102058,0,+33173083143,transfert,20191202,102058,17648513586
+33458005730,20191202101644,143,+33549236458,transfert,20191202,101644,17648491337
+33458005730,20191202101343,142,+33771567069,transfert,20191202,101343,17648457501
+33458005730,20191202084502,222,+390931940796,transfert,20191202,084502,17647599080
+33458001003,20191223093022,68,+33458005707,incoming,20191223,093022,17815730324
+33458001003,20191218133533,755,+4970226004905,incoming,20191218,133533,17779883881
+33458001003,20191217161632,335,+33620052655,incoming,20191217,161632,17772946901
+33458001003,20191217092616,2,+33698224494,transfert,20191217,092616,17768770282
+33458001003,20191216150244,110,+33664994121,incoming,20191216,150244,17763193860
+33458001003,20191216145248,223,+33664994121,incoming,20191216,145248,17763089333
+33458001003,20191216145203,9,+33664994121,transfert,20191216,145203,17763033509
+33458001003,20191212143657,84,+33458005707,incoming,20191212,143657,17732815948
+33458001003,20191212104555,4259,+33688767779,incoming,20191212,104555,17731604661
+33458001003,20191211113738,78,+33762121922,incoming,20191211,113738,17722913782
+33458001003,20191211093715,139,+33762121922,incoming,20191211,093715,17721671552
+33458001003,20191210111321,9,+33494019503,incoming,20191210,111321,17714482818
+33458001003,20191209164443,139,+33762121922,incoming,20191209,164443,17708506648
+33458001003,20191209120007,101,+33458005707,incoming,20191209,120007,17705683735
+33458001003,20191206164553,59,+33458005707,incoming,20191206,164553,17685822418
+33458001003,20191206161239,119,+33458005707,incoming,20191206,161239,17685453791
+33458001003,20191206145608,347,+33458005707,incoming,20191206,145608,17684594851
+33458001003,20191204102249,288,+33236232290,incoming,20191204,102249,17665555686
+33458001003,20191204102222,13,+33236232290,incoming,20191204,102222,17665500672
+33458001003,20191202155409,189,+33458005707,incoming,20191202,155409,17651860953
+33458001003,20191202154732,242,+4970226004905,incoming,20191202,154732,17651784236
+33458001003,20191202111549,162,+33475818433,incoming,20191202,111549,17649176824
+33458005707,20191231143933,296,+33607426837,incoming,20191231,143933,17876531003
+33458005707,20191231105114,84,+33607426837,incoming,20191231,105114,17874783940
+33458005707,20191230111421,433,+33615653940,incoming,20191230,111421,17866755639
+33458005707,20191230094945,4,+33615653940,transfert,20191230,094945,17865793019
+33458005707,20191227174319,3,+33615653940,transfert,20191227,174319,17848330298
+33458005707,20191227173618,64,anonymous,transfert,20191227,173618,17848281678
+33458005707,20191227172528,2,+33615653940,transfert,20191227,172528,17848173754
+33458005707,20191227170246,3,+33615653940,transfert,20191227,170246,17847962336
+33458005707,20191227164752,4,+33615653940,transfert,20191227,164752,17847815084
+33458005707,20191227164247,35,+33615653940,transfert,20191227,164247,17847776343
+33458005707,20191227143734,125,+33669167236,incoming,20191227,143734,17846738173
+33458005707,20191226174546,5,+33675890059,transfert,20191226,174546,17840234504
+33458005707,20191226174258,10,+33675890059,transfert,20191226,174258,17840217162
+33458005707,20191226174121,7,+33675890059,transfert,20191226,174121,17840202976
+33458005707,20191226145432,62,+33607426837,incoming,20191226,145432,17838861286
+33458005707,20191226142249,11,+33235699458,transfert,20191226,142249,17838581297
+33458005707,20191226135445,13,+33476512223,transfert,20191226,135445,17838334118
+33458005707,20191224110638,141,+33235699458,incoming,20191224,110638,17825643042
+33458005707,20191224092608,0,+33607426837,miss,20191224,092608,17824806159
+33458005707,20191223142656,93,+33669167236,incoming,20191223,142656,17818629367
+33458005707,20191223092932,116,+33437581932,incoming,20191223,092932,17815730363
+33458005707,20191220162121,188,+33611340748,incoming,20191220,162121,17799071510
+33458005707,20191220155056,58,+33437581932,incoming,20191220,155056,17798754569
+33458005707,20191220135917,330,+33616863377,incoming,20191220,135917,17797594619
+33458005707,20191220111100,857,+33661354281,incoming,20191220,111100,17796306731
+33458005707,20191220093916,305,+33630204998,incoming,20191220,093916,17795112709
+33458005707,20191219154343,66,anonymous,transfert,20191219,154343,17789622612
+33458005707,20191219152153,10,+33631444094,transfert,20191219,152153,17789434137
+33458005707,20191219104110,765,+33674648110,incoming,20191219,104110,17787015615
+33458005707,20191219094143,88,+33647985024,incoming,20191219,094143,17786218068
+33458005707,20191218173343,110,+33603187482,incoming,20191218,173343,17782220558
+33458005707,20191218170631,1045,+33674869710,incoming,20191218,170631,17782110105
+33458005707,20191218160621,469,+33698549500,incoming,20191218,160621,17781420439
+33458005707,20191218155910,46,+33615653940,incoming,20191218,155910,17781263162
+33458005707,20191218120135,151,+33611174432,incoming,20191218,120135,17779238879
+33458005707,20191218105138,239,+33663451302,incoming,20191218,105138,17778468406
+33458005707,20191218104703,226,+33762121922,incoming,20191218,104703,17778419829
+33458005707,20191218104040,210,+33663680213,incoming,20191218,104040,17778346719
+33458005707,20191218101009,57,+33134649464,transfert,20191218,101009,17778006149
+33458005707,20191217171813,96,+33559311166,incoming,20191217,171813,17773529724
+33458005707,20191217161421,0,+33611174432,miss,20191217,161421,17772853843
+33458005707,20191217154747,3,+33953684473,transfert,20191217,154747,17772552748
+33458005707,20191217152501,43,+33679982591,transfert,20191217,152501,17772299975
+33458005707,20191217152100,3,+33647985024,transfert,20191217,152100,17772243403
+33458005707,20191217145517,74,+33631444094,incoming,20191217,145517,17771972451
+33458005707,20191217145605,0,+33607426837,miss,20191217,145605,17771968266
+33458005707,20191217144505,47,+33251797721,transfert,20191217,144505,17771857835
+33458005707,20191217143438,7,+33607426837,transfert,20191217,143438,17771742018
+33458005707,20191217142740,10,+33631444094,transfert,20191217,142740,17771666258
+33458005707,20191217141916,3,+33607426837,transfert,20191217,141916,17771567751
+33458005707,20191217141525,4,+33682599061,transfert,20191217,141525,17771521497
+33458005707,20191217132117,7,+33672141449,transfert,20191217,132117,17771031599
+33458005707,20191217125632,8,+33672141449,transfert,20191217,125632,17770907591
+33458005707,20191217125441,59,+33556512413,transfert,20191217,125441,17770904435
+33458005707,20191217112708,445,+33648544291,incoming,20191217,112708,17770265540
+33458005707,20191217104718,303,+33611804741,incoming,20191217,104718,17769780494
+33458005707,20191217095443,397,+33650828798,incoming,20191217,095443,17769172588
+33458005707,20191217093440,4,+33650828798,transfert,20191217,093440,17768873257
+33458005707,20191217093319,14,+33185016715,transfert,20191217,093319,17768858015
+33458005707,20191216174245,246,+33607426837,incoming,20191216,174245,17765061393
+33458005707,20191216160930,92,+33757918890,incoming,20191216,160930,17764031951
+33458005707,20191216160347,130,+33631444094,incoming,20191216,160347,17763963025
+33458005707,20191216144646,578,+33953684473,incoming,20191216,144646,17763082503
+33458005707,20191216142702,115,+33663680213,incoming,20191216,142702,17762727962
+33458005707,20191216120430,45,+33650828798,transfert,20191216,120430,17761499478
+33458005707,20191216120404,0,+33650828798,miss,20191216,120404,17761487313
+33458005707,20191216115510,510,+4540458195,incoming,20191216,115510,17761483238
+33458005707,20191216114408,82,+44203807623,incoming,20191216,114408,17761265074
+33458005707,20191216103252,218,+33476420489,incoming,20191216,103252,17760423471
+33458005707,20191216100746,362,+33610599750,incoming,20191216,100746,17760120872
+33458005707,20191214164907,4,+33470457862,transfert,20191214,164907,17749672325
+33458005707,20191213165136,6,+33457608081,transfert,20191213,165136,17743036234
+33458005707,20191213162732,3,+33682525500,transfert,20191213,162732,17742777066
+33458005707,20191213162404,4,+33682525500,transfert,20191213,162404,17742740277
+33458005707,20191213161350,1,+33631279930,incoming,20191213,161350,17742611913
+33458005707,20191213150938,718,+33642720891,incoming,20191213,150938,17742018062
+33458005707,20191213151137,11,+33631707170,transfert,20191213,151137,17741916471
+33458005707,20191213150236,5,+44203807623,transfert,20191213,150236,17741815120
+33458005707,20191213150124,15,+44203807623,transfert,20191213,150124,17741806001
+33458005707,20191213145939,15,+44203807623,transfert,20191213,145939,17741785492
+33458005707,20191213143109,91,+33660626453,incoming,20191213,143109,17741469119
+33458005707,20191213142242,208,+33615653940,incoming,20191213,142242,17741404700
+33458005707,20191213112228,68,+33492905199,incoming,20191213,112228,17739837193
+33458005707,20191213102251,360,+33492905199,incoming,20191213,102251,17739170333
+33458005707,20191213102731,4,+33682525500,transfert,20191213,102731,17739158171
+33458005707,20191213081100,82,+33969391391,transfert,20191213,081100,17737902686
+33458005707,20191212154828,132,+33476420489,incoming,20191212,154828,17733542246
+33458005707,20191212151314,282,+41324881462,incoming,20191212,151314,17733230733
+33458005707,20191212143618,125,+33682599061,incoming,20191212,143618,17732818184
+33458005707,20191212120955,894,+33664952889,incoming,20191212,120955,17731811645
+33458005707,20191212120529,17,+33476420489,transfert,20191212,120529,17731688233
+33458005707,20191212115747,488,+33637303894,incoming,20191212,115747,17731687859
+33458005707,20191212115617,16,anonymous,transfert,20191212,115617,17731603991
+33458005707,20191212105531,358,+33668788541,incoming,20191212,105531,17730933529
+33458005707,20191212102532,127,+33663680213,incoming,20191212,102532,17730493564
+33458005707,20191212093616,12,+33682599061,transfert,20191212,093616,17729840669
+33458005707,20191212092307,4,+33479313967,transfert,20191212,092307,17729683410
+33458005707,20191211171909,1200,+33613809809,incoming,20191211,171909,17725957009
+33458005707,20191211162000,119,+33611174432,incoming,20191211,162000,17725260128
+33458005707,20191211153917,466,+33611116131,incoming,20191211,153917,17724929411
+33458005707,20191211150504,103,+594694937374,incoming,20191211,150504,17724531026
+33458005707,20191211141144,291,+33611116131,incoming,20191211,141144,17724001496
+33458005707,20191211115332,14,+33622132693,incoming,20191211,115332,17723056036
+33458005707,20191211113812,69,+33611174432,incoming,20191211,113812,17722915170
+33458005707,20191211112712,517,+33611174432,incoming,20191211,112712,17722882288
+33458005707,20191211111426,619,+33492905199,incoming,20191211,111426,17722767851
+33458005707,20191211111938,4,+33611174432,transfert,20191211,111938,17722719533
+33458005707,20191211110248,292,+33679982591,incoming,20191211,110248,17722590337
+33458005707,20191211095553,407,+33611174432,incoming,20191211,095553,17721896627
+33458005707,20191210175239,89,+33442976062,incoming,20191210,175239,17718083313
+33458005707,20191210173205,0,+33685492291,miss,20191210,173205,17717934367
+33458005707,20191210163844,48,+33679982591,transfert,20191210,163844,17717451150
+33458005707,20191210160226,1068,+33556994080,incoming,20191210,160226,17717234468
+33458005707,20191210161647,0,+352691335233,miss,20191210,161647,17717200028
+33458005707,20191210161038,4,+33611174432,transfert,20191210,161038,17717140313
+33458005707,20191210145236,88,+33661162968,incoming,20191210,145236,17716301137
+33458005707,20191210142459,99,+33685492291,incoming,20191210,142459,17716003418
+33458005707,20191210131511,6,+33670469564,transfert,20191210,131511,17715457532
+33458005707,20191210112107,563,+33695191569,incoming,20191210,112107,17714683921
+33458005707,20191210105613,142,+33442976062,incoming,20191210,105613,17714293010
+33458005707,20191210104018,43,+33782960856,transfert,20191210,104018,17714068078
+33458005707,20191210103357,442,+33769494028,incoming,20191210,103357,17714067066
+33458005707,20191210101049,122,+33241616232,incoming,20191210,101049,17713715349
+33458005707,20191210100929,4,+33769494028,transfert,20191210,100929,17713676122
+33458005707,20191210090851,64,+33442976062,incoming,20191210,090851,17712937339
+33458005707,20191209164038,84,+33651689373,incoming,20191209,164038,17708455391
+33458005707,20191209160436,147,+33662345581,incoming,20191209,160436,17708039070
+33458005707,20191209133344,144,+33950657708,incoming,20191209,133344,17706336353
+33458005707,20191209125639,12,+33622712457,transfert,20191209,125639,17706053167
+33458005707,20191209123322,4,+33681851995,transfert,20191209,123322,17705917858
+33458005707,20191209121155,473,+33681851995,incoming,20191209,121155,17705830964
+33458005707,20191209115911,158,+33609748392,incoming,20191209,115911,17705684061
+33458005707,20191209101649,39,+33476444492,incoming,20191209,101649,17704266648
+33458005707,20191209095112,5,+493814986053,transfert,20191209,095112,17703913599
+33458005707,20191209085808,19,+493814986053,transfert,20191209,085808,17703194219
+33458005707,20191206181007,366,+33603217568,incoming,20191206,181007,17686565871
+33458005707,20191206170020,740,+33679982591,incoming,20191206,170020,17686054838
+33458005707,20191206164709,97,+33620334093,incoming,20191206,164709,17685841576
+33458005707,20191206164535,79,+33476580988,incoming,20191206,164535,17685821238
+33458005707,20191206161203,155,+33476580988,incoming,20191206,161203,17685453679
+33458005707,20191206152504,110,+33649308277,incoming,20191206,152504,17684893619
+33458005707,20191206150152,125,+33673470543,incoming,20191206,150152,17684617873
+33458005707,20191206145538,381,+33681374820,incoming,20191206,145538,17684595216
+33458005707,20191206144013,393,+33607303702,incoming,20191206,144013,17684427197
+33458005707,20191206141324,316,+33247424041,incoming,20191206,141324,17684109366
+33458005707,20191206101940,181,+33601635557,incoming,20191206,101940,17682045991
+33458005707,20191206101842,10,+33601635557,transfert,20191206,101842,17682005397
+33458005707,20191205181836,115,+15187087450,incoming,20191205,181836,17677674017
+33458005707,20191205172551,378,+33685492291,incoming,20191205,172551,17677289098
+33458005707,20191205154733,60,+33481928607,incoming,20191205,154733,17676207572
+33458005707,20191205150732,1082,+33629154748,incoming,20191205,150732,17675969174
+33458005707,20191205144719,193,+33661162968,incoming,20191205,144719,17675590435
+33458005707,20191205142153,77,+33623664277,incoming,20191205,142153,17675327824
+33458005707,20191205141640,62,+33661645221,incoming,20191205,141640,17675265867
+33458005707,20191205122101,5,+33786160910,transfert,20191205,122101,17674476365
+33458005707,20191205112021,192,+33563682026,incoming,20191205,112021,17673942550
+33458005707,20191205110736,132,+33662190685,incoming,20191205,110736,17673776008
+33458005707,20191205095846,1000,+33686783852,incoming,20191205,095846,17673179112
+33458005707,20191205101353,0,+33297010428,miss,20191205,101353,17673165200
+33458005707,20191205100652,0,+33662190685,miss,20191205,100652,17673089795
+33458005707,20191205100706,0,+33662190685,miss,20191205,100706,17673089107
+33458005707,20191204161200,59,+33630513012,incoming,20191204,161200,17668571389
+33458005707,20191204154411,7,+33630513012,transfert,20191204,154411,17668292916
+33458005707,20191204150753,380,+33673745745,incoming,20191204,150753,17668004998
+33458005707,20191204143915,60,+33251797721,incoming,20191204,143915,17667681876
+33458005707,20191204141016,299,+33388207716,incoming,20191204,141016,17667433080
+33458005707,20191204134906,18,+33667938800,incoming,20191204,134906,17667189992
+33458005707,20191204123010,13,+33148394378,transfert,20191204,123010,17666748807
+33458005707,20191204115803,43,+33667938800,incoming,20191204,115803,17666524183
+33458005707,20191204113833,1060,+33442976062,incoming,20191204,113833,17666492937
+33458005707,20191204114301,33,+33607559403,transfert,20191204,114301,17666355979
+33458005707,20191204113200,63,+33630513012,incoming,20191204,113200,17666250311
+33458005707,20191204112114,127,+33620334093,incoming,20191204,112114,17666146638
+33458005707,20191204110311,70,+33969391391,incoming,20191204,110311,17665951953
+33458005707,20191204101230,50,+33607559403,incoming,20191204,101230,17665401937
+33458005707,20191204100423,47,+33388207716,transfert,20191204,100423,17665321062
+33458005707,20191204100200,6,+33607559403,transfert,20191204,100200,17665285874
+33458005707,20191204100006,10,+33607559403,transfert,20191204,100006,17665269549
+33458005707,20191204083124,11,+33388207716,transfert,20191204,083124,17664565879
+33458005707,20191203174204,576,+33474849144,incoming,20191203,174204,17661830989
+33458005707,20191203174042,18,+33474849144,transfert,20191203,174042,17661747412
+33458005707,20191203171418,228,+33969391391,incoming,20191203,171418,17661544954
+33458005707,20191203165813,5,+33630513012,transfert,20191203,165813,17661358394
+33458005707,20191203164602,478,+33476420489,incoming,20191203,164602,17661310389
+33458005707,20191203161858,87,+33381216982,incoming,20191203,161858,17660994440
+33458005707,20191203161030,12,+15145755961,transfert,20191203,161030,17660898866
+33458005707,20191203150821,30,+33559311166,transfert,20191203,150821,17660266819
+33458005707,20191203150104,58,+33969391391,transfert,20191203,150104,17660201950
+33458005707,20191203145314,5,+33622712457,transfert,20191203,145314,17660117012
+33458005707,20191203144440,4,+33251797721,transfert,20191203,144440,17660031783
+33458005707,20191203142225,8,+33251797721,transfert,20191203,142225,17659790104
+33458005707,20191203142125,12,+33251797721,transfert,20191203,142125,17659780848
+33458005707,20191203123702,7,+594594322736,transfert,20191203,123702,17659041830
+33458005707,20191203123512,9,+594594322736,transfert,20191203,123512,17659032422
+33458005707,20191203123412,0,+594594322736,miss,20191203,123412,17659025942
+33458005707,20191203123305,4,+491755744217,transfert,20191203,123305,17659021947
+33458005707,20191203122737,4,+33559311166,transfert,20191203,122737,17658990788
+33458005707,20191203122046,5,+351914908363,transfert,20191203,122046,17658947371
+33458005707,20191203113612,568,+33611116131,incoming,20191203,113612,17658621068
+33458005707,20191203111225,634,+33615127563,incoming,20191203,111225,17658311750
+33458005707,20191203103321,33,+33607559403,incoming,20191203,103321,17657649167
+33458005707,20191203102815,121,+33662190685,incoming,20191203,102815,17657611792
+33458005707,20191203102712,34,+33476420489,transfert,20191203,102712,17657587915
+33458005707,20191203101853,34,+33607559403,transfert,20191203,101853,17657481098
+33458005707,20191203101641,137,+33661162968,incoming,20191203,101641,17657465488
+33458005707,20191203100225,46,+33607559403,incoming,20191203,100225,17657255562
+33458005707,20191203095635,57,+33607559403,transfert,20191203,095635,17657182200
+33458005707,20191202194647,33,+33620052655,transfert,20191202,194647,17653645089
+33458005707,20191202175331,366,+33677225208,incoming,20191202,175331,17653056112
+33458005707,20191202172909,118,+33648794510,incoming,20191202,172909,17652841127
+33458005707,20191202163434,360,+33962042644,incoming,20191202,163434,17652335990
+33458005707,20191202161411,113,+33661162968,incoming,20191202,161411,17652086413
+33458005707,20191202155711,468,+333155,incoming,20191202,155711,17651952843
+33458005707,20191202160137,5,+33663680213,transfert,20191202,160137,17651915736
+33458005707,20191202155324,218,+594594322736,incoming,20191202,155324,17651860337
+33458005707,20191202155423,3,+33681374820,transfert,20191202,155423,17651825554
+33458005707,20191202143736,126,+33630513012,incoming,20191202,143736,17650877676
+33458005707,20191202143101,0,+33630513012,miss,20191202,143101,17650777962
+33458005707,20191202142312,253,+33682418881,incoming,20191202,142312,17650735053
+33458005707,20191202142557,44,+33437641454,transfert,20191202,142557,17650731984
+33458005707,20191202140851,36,+33682418881,transfert,20191202,140851,17650531192
+33458005707,20191202140153,4,+594594322736,transfert,20191202,140153,17650442303
+33458005707,20191202130807,6,+594594322736,transfert,20191202,130807,17650062536
+33458005707,20191202123803,6,+442392333467,transfert,20191202,123803,17649910039
+33458005707,20191202122949,11,+594594322736,transfert,20191202,122949,17649868753
+33458005707,20191202112934,353,+33607559403,incoming,20191202,112934,17649375524
+33458005707,20191202110328,316,+33555361373,incoming,20191202,110328,17649064749
+33458005707,20191202103226,72,+33476580988,incoming,20191202,103226,17648651871
+33458005707,20191202102207,0,+33173083143,miss,20191202,102207,17648522953
+33458005707,20191202102058,0,+33173083143,miss,20191202,102058,17648514353
+33458005707,20191202091851,33,+33555361373,transfert,20191202,091851,17647853171
+33458005707,20191202084502,222,+390931940796,incoming,20191202,084502,17647599137
+33458005708,20191220140014,4,+447940062132,transfert,20191220,140014,17797553691
+33458005708,20191216170015,1410,+41786231234,incoming,20191216,170015,17764856156
+33458005708,20191216163940,61,+41794263488,incoming,20191216,163940,17764400180