phoneLine,datetime,duration,callingNumber,nature,date,time,idkey
+33458005730,20201201085810,18,+33631444094,transfert,20201201,085810,19199905108
+33458005730,20201201090344,9,+22625325065,transfert,20201201,090344,19199946001
+33458005730,20201201090429,6,+22625325065,transfert,20201201,090429,19199951622
+33458005730,20201201092255,46,+33240862442,transfert,20201201,092255,19200132843
+33458005730,20201201092450,39,+33632660386,transfert,20201201,092450,19200149130
+33458005730,20201201094102,438,+33664191086,transfert,20201201,094102,19200388120
+33458005730,20201201095658,160,+22625325065,transfert,20201201,095658,19200510747
+33458005730,20201201101610,138,+33687344651,transfert,20201201,101610,19200735618
+33458005730,20201201102154,338,+33466525818,transfert,20201201,102154,19200847357
+33458005730,20201201103159,171,+33540713490,transfert,20201201,103159,19200930134
+33458005730,20201201103422,135,+33682492334,transfert,20201201,103422,19200957654
+33458005730,20201201103914,318,+33668581764,transfert,20201201,103914,19201042688
+33458005730,20201201113546,256,+33621770322,transfert,20201201,113546,19201698845
+33458005730,20201201140956,37,+33611015638,transfert,20201201,140956,19202634111
+33458005730,20201201141119,17,+33778802136,transfert,20201201,141119,19202644348
+33458005730,20201201141232,14,+33778802136,transfert,20201201,141232,19202658926
+33458005730,20201201140659,421,+33631444094,transfert,20201201,140659,19202669061
+33458005730,20201201142428,732,+33611814766,transfert,20201201,142428,19202915004
+33458005730,20201201144737,1536,+491776111323,transfert,20201201,144737,19203301154
+33458005730,20201201152509,36,+33608106241,transfert,20201201,152509,19203427432
+33458005730,20201201153750,35,+33385842116,transfert,20201201,153750,19203561360
+33458005730,20201201154348,9,+33667572777,transfert,20201201,154348,19203615848
+33458005730,20201201154420,12,+33667572777,transfert,20201201,154420,19203624632
+33458005730,20201201154531,8,+33667572777,transfert,20201201,154531,19203636465
+33458005730,20201201154520,167,+22625325065,transfert,20201201,154520,19203658725
+33458005730,20201201154907,153,+33608106241,transfert,20201201,154907,19203696951
+33458005730,20201201153019,1337,+33611015638,transfert,20201201,153019,19203703874
+33458005730,20201201161638,193,+33672455334,transfert,20201201,161638,19203982046
+33458005730,20201201161954,86,+33466525818,transfert,20201201,161954,19203994838
+33458005730,20201201162417,75,+33684831849,transfert,20201201,162417,19204037121
+33458005730,20201201162828,24,+33631444094,transfert,20201201,162828,19204069151
+33458005730,20201201162707,202,+33652831666,transfert,20201201,162707,19204086308
+33458005730,20201201164427,70,+33684831849,transfert,20201201,164427,19204229142
+33458005730,20201202090710,16,anonymous,transfert,20201202,090710,19205464276
+33458005730,20201202093355,6,+33553672626,transfert,20201202,093355,19205717344
+33458005730,20201202093453,10,+33553672626,transfert,20201202,093453,19205722820
+33458005730,20201202093230,358,+33667572777,transfert,20201202,093230,19205754548
+33458005730,20201202095626,604,+33667572777,transfert,20201202,095626,19206054518
+33458005730,20201202101256,6,+33603693302,transfert,20201202,101256,19206129128
+33458005730,20201202101158,193,+33783696554,transfert,20201202,101158,19206149958
+33458005730,20201202102207,143,anonymous,transfert,20201202,102207,19206262621
+33458005730,20201202102935,207,+33603693302,transfert,20201202,102935,19206361087
+33458005730,20201202104254,12,+33778802136,transfert,20201202,104254,19206477329
+33458005730,20201202104119,497,+33611403359,transfert,20201202,104119,19206542205
+33458005730,20201202105244,488,+33778802136,transfert,20201202,105244,19206673936
+33458005730,20201202111342,14,+390577309312,transfert,20201202,111342,19206812702
+33458005730,20201202112209,373,+33634608370,transfert,20201202,112209,19206965148
+33458005730,20201202114455,100,+33487931488,transfert,20201202,114455,19207158453
+33458005730,20201202114612,87,+33682525500,transfert,20201202,114612,19207171072
+33458005730,20201202114919,102,+33254745426,transfert,20201202,114919,19207209244
+33458005730,20201202140017,0,anonymous,transfert,20201202,140017,19207891357
+33458005730,20201202140922,268,anonymous,transfert,20201202,140922,19208020448
+33458005730,20201202141429,107,+390577309312,transfert,20201202,141429,19208044327
+33458005730,20201202141603,172,+32477377633,transfert,20201202,141603,19208071497
+33458005730,20201202143346,8,+33760898150,transfert,20201202,143346,19208221072
+33458005730,20201202143440,5,+33760898150,transfert,20201202,143440,19208229536
+33458005730,20201202144022,4,+33603693302,transfert,20201202,144022,19208288852
+33458005730,20201202144109,201,+33603693302,transfert,20201202,144109,19208323759
+33458005730,20201202144714,18,+32477377633,transfert,20201202,144714,19208356631
+33458005730,20201202143923,640,+33760898150,transfert,20201202,143923,19208377671
+33458005730,20201202145752,8,+33664191086,transfert,20201202,145752,19208455936
+33458005730,20201202145632,179,+32477377633,transfert,20201202,145632,19208467559
+33458005730,20201202144815,705,+33611176035,transfert,20201202,144815,19208475289
+33458005730,20201202150751,199,+33664191086,transfert,20201202,150751,19208583842
+33458005730,20201202155628,837,+31653817181,transfert,20201202,155628,19209150220
+33458005730,20201202161117,732,+33608106241,transfert,20201202,161117,19209269577
+33458005730,20201202170445,308,+33456585800,transfert,20201202,170445,19209658265
+33458005730,20201202174844,9,+33607426837,transfert,20201202,174844,19209896630
+33458005730,20201202174516,380,+33652394331,transfert,20201202,174516,19209910400
+33458005730,20201202175904,322,+33427180240,transfert,20201202,175904,19209970520
+33458005730,20201203090210,24,+41796851291,transfert,20201203,090210,19210583144
+33458005730,20201203090310,9,+41796851291,transfert,20201203,090310,19210591270
+33458005730,20201203090532,12,+390577309312,transfert,20201203,090532,19210609355
+33458005730,20201203090621,6,+41796851291,transfert,20201203,090621,19210615501
+33458005730,20201203090937,7,+390577309312,transfert,20201203,090937,19210640681
+33458005730,20201203091801,247,+390577309312,transfert,20201203,091801,19210746576
+33458005730,20201203092346,234,+33652394331,transfert,20201203,092346,19210797221
+33458005730,20201203100302,284,+33664191086,transfert,20201203,100302,19211213611
+33458005730,20201203103456,137,+33685675495,transfert,20201203,103456,19211542499
+33458005730,20201203104550,97,+33786816397,transfert,20201203,104550,19211657379
+33458005730,20201203112132,5,+33783696554,transfert,20201203,112132,19212035089
+33458005730,20201203112239,0,+33783696554,transfert,20201203,112239,19212047352
+33458005730,20201203114337,0,+498092818921,transfert,20201203,114337,19212273881
+33458005730,20201203114346,10,+33611176035,transfert,20201203,114346,19212278923
+33458005730,20201203114712,24,+34919051048,transfert,20201203,114712,19212315316
+33458005730,20201203114828,0,+34919051048,transfert,20201203,114828,19212321095
+33458005730,20201203114824,137,+34919051048,transfert,20201203,114824,19212344805
+33458005730,20201203140058,26,+33682525500,transfert,20201203,140058,19213047896
+33458005730,20201203142917,303,+33760898150,transfert,20201203,142917,19213386210
+33458005730,20201203144811,266,+498092818921,transfert,20201203,144811,19213568195
+33458005730,20201203145437,150,+33466525818,transfert,20201203,145437,19213612880
+33458005730,20201203151654,615,+33783696554,transfert,20201203,151654,19213919826
+33458005730,20201203155509,308,+33611174432,transfert,20201203,155509,19214241613
+33458005730,20201203160911,133,+33456141963,transfert,20201203,160911,19214349307
+33458005730,20201203162234,339,+33611176035,transfert,20201203,162234,19214509595
+33458005730,20201203163929,835,+33652394331,transfert,20201203,163929,19214734495
+33458005730,20201203170838,8,+33652394331,transfert,20201203,170838,19214849560
+33458005730,20201203172338,423,+33652394331,transfert,20201203,172338,19214998526
+33458005730,20201203173323,216,+33652394331,transfert,20201203,173323,19215037703
+33458005730,20201203173911,142,+33652394331,transfert,20201203,173911,19215065252
+33458005730,20201203174430,187,+33652394331,transfert,20201203,174430,19215100385
+33458005730,20201203174520,239,+33388207700,transfert,20201203,174520,19215109769
+33458005730,20201204092624,24,+33237642407,transfert,20201204,092624,19216025105
+33458005730,20201204093114,96,+33243988560,transfert,20201204,093114,19216081250
+33458005730,20201204103630,434,+33664191086,transfert,20201204,103630,19216832513
+33458005730,20201204112549,6,+33611176035,transfert,20201204,112549,19217296967
+33458005730,20201204112336,186,+33652394331,transfert,20201204,112336,19217303358
+33458005730,20201204140628,18,+31621181893,transfert,20201204,140628,19218313775
+33458005730,20201204140736,4,+31621181893,transfert,20201204,140736,19218323502
+33458005730,20201204141138,111,+31621181893,transfert,20201204,141138,19218378472
+33458005730,20201204144320,139,+33675552249,transfert,20201204,144320,19218696625
+33458005730,20201204144626,124,+31621181893,transfert,20201204,144626,19218724773
+33458005730,20201204145205,10,+33240478823,transfert,20201204,145205,19218762199
+33458005730,20201204145254,10,+33240478823,transfert,20201204,145254,19218770958
+33458005730,20201204145924,6,+33240478823,transfert,20201204,145924,19218833052
+33458005730,20201204150012,13,+33380240187,transfert,20201204,150012,19218839320
+33458005730,20201204150113,6,+33380240187,transfert,20201204,150113,19218849277
+33458005730,20201204150022,957,+33668581764,transfert,20201204,150022,19218989851
+33458005730,20201204152307,36,+33668581764,transfert,20201204,152307,19219064698
+33458005730,20201204155306,31,+33243466467,transfert,20201204,155306,19219350994
+33458005730,20201204165444,264,+33663028659,transfert,20201204,165444,19219890075
+33458005730,20201204175825,18,+33679506490,transfert,20201204,175825,19220224015
+33458005730,20201207093640,197,+33608106241,transfert,20201207,093640,19223424251
+33458005730,20201207105548,39,+971581078497,transfert,20201207,105548,19224356936
+33458005730,20201207111046,80,+33427180240,transfert,20201207,111046,19224548064
+33458005730,20201207111338,73,+33783696554,transfert,20201207,111338,19224578050
+33458005730,20201207141714,59,+33608106241,transfert,20201207,141714,19225970142
+33458005730,20201207141808,62,+32491515162,transfert,20201207,141808,19225982428
+33458005730,20201207144332,72,+33663028659,transfert,20201207,144332,19226265069
+33458005730,20201207144815,111,+33663800326,transfert,20201207,144815,19226323052
+33458005730,20201207145053,291,+33663800326,transfert,20201207,145053,19226383709
+33458005730,20201207153118,12,+33609925333,transfert,20201207,153118,19226788736
+33458005730,20201207153754,283,+33650828798,transfert,20201207,153754,19226911958
+33458005730,20201207154437,100,+33663028659,transfert,20201207,154437,19226950155
+33458005730,20201207160250,336,+33687344651,transfert,20201207,160250,19227190971
+33458005730,20201207161227,17,+33540713490,transfert,20201207,161227,19227230316
+33458005730,20201207165015,8,+33778802136,transfert,20201207,165015,19227609520
+33458005730,20201207165105,11,+33778802136,transfert,20201207,165105,19227620092
+33458005730,20201207165419,91,+33626890051,transfert,20201207,165419,19227659579
+33458005730,20201207165658,145,+33626890051,transfert,20201207,165658,19227692636
+33458005730,20201207173114,174,+33633225994,transfert,20201207,173114,19227957630
+33458005730,20201208090804,66,+33427180240,transfert,20201208,090804,19228860881
+33458005730,20201208092539,4,+33607426837,transfert,20201208,092539,19229030111
+33458005730,20201208100647,36,+33456141963,transfert,20201208,100647,19229496054
+33458005730,20201208100546,86,+33778802136,transfert,20201208,100546,19229501140
+33458005730,20201208102503,47,+33620753647,transfert,20201208,102503,19229727582
+33458005730,20201208103635,11,+33611814766,transfert,20201208,103635,19229863360
+33458005730,20201208103904,309,+33611814766,transfert,20201208,103904,19229949233
+33458005730,20201208105914,21,+33380537171,transfert,20201208,105914,19230139658
+33458005730,20201208105511,367,+33658898832,transfert,20201208,105511,19230157473
+33458005730,20201208110730,622,+33380537171,transfert,20201208,110730,19230367847
+33458005730,20201208112139,279,+33667572777,transfert,20201208,112139,19230469155
+33458005730,20201208113041,251,+352621161614,transfert,20201208,113041,19230574107
+33458005730,20201208114433,85,+971528335798,transfert,20201208,114433,19230698656
+33458005730,20201208142540,363,+33610599750,transfert,20201208,142540,19231859907
+33458005730,20201208150858,6,+33658898832,transfert,20201208,150858,19232279760
+33458005730,20201208150524,353,+33620594874,transfert,20201208,150524,19232303787
+33458005730,20201208151651,205,+33609106798,transfert,20201208,151651,19232403676
+33458005730,20201208153821,244,+33658898832,transfert,20201208,153821,19232639062
+33458005730,20201208154736,20,+33650054731,transfert,20201208,154736,19232697557
+33458005730,20201208155227,4,+33650054731,transfert,20201208,155227,19232746684
+33458005730,20201208155159,468,+33650828798,transfert,20201208,155159,19232817749
+33458005730,20201208155854,100,+33385981600,transfert,20201208,155854,19232824704
+33458005730,20201208160101,179,+33650054731,transfert,20201208,160101,19232865873
+33458005730,20201208160714,9,+33632660386,transfert,20201208,160714,19232897788
+33458005730,20201208161422,33,+590690619944,transfert,20201208,161422,19232970938
+33458005730,20201208175008,5,+33647840983,transfert,20201208,175008,19233792016
+33458005730,20201209092641,7,+33607426837,transfert,20201209,092641,19234716607
+33458005730,20201209092724,119,+33607426837,transfert,20201209,092724,19234739748
+33458005730,20201209093850,177,+31621181893,transfert,20201209,093850,19234865865
+33458005730,20201209100134,307,+33632660386,transfert,20201209,100134,19235123622
+33458005730,20201209100330,1012,+33625572544,transfert,20201209,100330,19235290413
+33458005730,20201209101954,7,+33760898150,transfert,20201209,101954,19235291534
+33458005730,20201209103126,162,+33755506479,transfert,20201209,103126,19235448594
+33458005730,20201209105050,241,+33760898150,transfert,20201209,105050,19235685482
+33458005730,20201209110147,12,+33475371657,transfert,20201209,110147,19235767108
+33458005730,20201209105913,184,+33760898150,transfert,20201209,105913,19235769354
+33458005730,20201209111622,151,+971581078497,transfert,20201209,111622,19235952057
+33458005730,20201209111900,213,+33625572544,transfert,20201209,111900,19235998836
+33458005730,20201209112356,550,+33553672626,transfert,20201209,112356,19236122517
+33458005730,20201209114043,260,+33627262678,transfert,20201209,114043,19236250273
+33458005730,20201209113946,596,+33760898150,transfert,20201209,113946,19236302113
+33458005730,20201209141300,137,+33663028659,transfert,20201209,141300,19237191895
+33458005730,20201209140237,901,+33642165112,transfert,20201209,140237,19237215423
+33458005730,20201209141909,0,+33682525500,transfert,20201209,141909,19237230586
+33458005730,20201209141944,554,+33682525500,transfert,20201209,141944,19237334253
+33458005730,20201209143932,176,+33642165112,transfert,20201209,143932,19237469230
+33458005730,20201209144352,418,+33611403359,transfert,20201209,144352,19237550511
+33458005730,20201209152417,220,+33172870152,transfert,20201209,152417,19237921852
+33458005730,20201209153620,45,+33650828798,transfert,20201209,153620,19238011071
+33458005730,20201209154558,34,+33172870152,transfert,20201209,154558,19238103367
+33458005730,20201209161833,671,+14015005130,transfert,20201209,161833,19238493078
+33458005730,20201209171515,332,+33786527951,transfert,20201209,171515,19238854141
+33458005730,20201209173729,563,+33782960856,transfert,20201209,173729,19239004785
+33458005730,20201210084321,5,+33627262678,transfert,20201210,084321,19239651420
+33458005730,20201210084616,6,+33627262678,transfert,20201210,084616,19239663281
+33458005730,20201210093826,451,+33624022070,transfert,20201210,093826,19240163238
+33458005730,20201210095813,54,+33632089796,transfert,20201210,095813,19240304736
+33458005730,20201210100819,166,+33622842728,transfert,20201210,100819,19240438994
+33458005730,20201210101204,7,+33622736769,transfert,20201210,101204,19240457880
+33458005730,20201210101114,446,+41795998944,transfert,20201210,101114,19240528328
+33458005730,20201210101831,294,+33607435843,transfert,20201210,101831,19240591481
+33458005730,20201210101309,915,+33622736769,transfert,20201210,101309,19240647872
+33458005730,20201210105010,4,+33611174432,transfert,20201210,105010,19240900593
+33458005730,20201210105336,243,+33687344651,transfert,20201210,105336,19240983498
+33458005730,20201210110150,167,+33676366666,transfert,20201210,110150,19241065771
+33458005730,20201210111109,53,+33687344651,transfert,20201210,111109,19241141502
+33458005730,20201210111834,5,+33687344651,transfert,20201210,111834,19241225607
+33458005730,20201210114441,7,+33638431672,transfert,20201210,114441,19241522772
+33458005730,20201210115730,4,+33607426837,transfert,20201210,115730,19241671265
+33458005730,20201210115817,5,+33607426837,transfert,20201210,115817,19241677853
+33458005730,20201210140444,271,+33642165112,transfert,20201210,140444,19242405267
+33458005730,20201210144532,546,+352621161614,transfert,20201210,144532,19242871699
+33458005730,20201210150452,372,+33664234929,transfert,20201210,150452,19243037310
+33458005730,20201210152134,253,+33977624646,transfert,20201210,152134,19243188566
+33458005730,20201210154201,44,+33607426837,transfert,20201210,154201,19243362976
+33458005730,20201210162001,101,+33650828798,transfert,20201210,162001,19243745406
+33458005730,20201210163633,27,+33254745426,transfert,20201210,163633,19243888252
+33458005730,20201210164223,117,+33647251310,transfert,20201210,164223,19243955003
+33458005730,20201210170830,7,+33540713490,transfert,20201210,170830,19244171630
+33458005730,20201210171658,64,+33646880205,transfert,20201210,171658,19244241270
+33458005730,20201210173137,5,+33627262678,transfert,20201210,173137,19244338736
+33458005730,20201210173415,4,+33627262678,transfert,20201210,173415,19244355626
+33458005730,20201210172627,557,+33695352751,transfert,20201210,172627,19244362256
+33458005730,20201210173457,86,+33627262678,transfert,20201210,173457,19244366102
+33458005730,20201211085457,0,+33611174432,transfert,20201211,085457,19245106514
+33458005730,20201211085409,7,+33611174432,transfert,20201211,085409,19245106587
+33458005730,20201211091017,4,+33687344651,transfert,20201211,091017,19245212278
+33458005730,20201211100438,338,+33622712457,transfert,20201211,100438,19245824146
+33458005730,20201211103151,161,+33642165112,transfert,20201211,103151,19246106569
+33458005730,20201211104009,47,+33685492291,transfert,20201211,104009,19246177065
+33458005730,20201211104508,346,+33298282390,transfert,20201211,104508,19246292151
+33458005730,20201211115620,659,+33374590034,transfert,20201211,115620,19247127515
+33458005730,20201211140314,180,+33607426837,transfert,20201211,140314,19247771637
+33458005730,20201211140656,9,+212612868138,transfert,20201211,140656,19247784985
+33458005730,20201211140356,299,+33540713490,transfert,20201211,140356,19247800701
+33458005730,20201211140753,147,+212612868138,transfert,20201211,140753,19247818971
+33458005730,20201211141046,216,+33609925333,transfert,20201211,141046,19247860850
+33458005730,20201211141619,46,+33664234929,transfert,20201211,141619,19247888191
+33458005730,20201211143029,185,+33660492250,transfert,20201211,143029,19248062876
+33458005730,20201211143447,333,+33555361373,transfert,20201211,143447,19248135026
+33458005730,20201211145110,1179,+33660492250,transfert,20201211,145110,19248451806
+33458005730,20201211151732,229,+33627262678,transfert,20201211,151732,19248559676
+33458005730,20201211152410,69,+33258090094,transfert,20201211,152410,19248595685
+33458005730,20201211160050,239,+33540713490,transfert,20201211,160050,19248982021
+33458005730,20201211170052,24,+33258090094,transfert,20201211,170052,19249476510
+33458005730,20201211170211,16,+33258090094,transfert,20201211,170211,19249485101
+33458005730,20201211170311,8,+33258090094,transfert,20201211,170311,19249490617
+33458005730,20201214092650,12,+33650828798,transfert,20201214,092650,19252779566
+33458005730,20201214092754,12,+33650828798,transfert,20201214,092754,19252791618
+33458005730,20201214093332,6,+33622736769,transfert,20201214,093332,19252851075
+33458005730,20201214094512,221,+33650828798,transfert,20201214,094512,19253024108
+33458005730,20201214101312,242,+33662078266,transfert,20201214,101312,19253372570
+33458005730,20201214101619,186,+33631547015,transfert,20201214,101619,19253402655
+33458005730,20201214104444,812,+33650828798,transfert,20201214,104444,19253876193
+33458005730,20201214110648,45,+33611174432,transfert,20201214,110648,19253989566
+33458005730,20201214111049,255,+33662641109,transfert,20201214,111049,19254081610
+33458005730,20201214113610,14,+33751626517,transfert,20201214,113610,19254337275
+33458005730,20201214113658,9,+33751626517,transfert,20201214,113658,19254344203
+33458005730,20201214113004,435,+4940524759116,transfert,20201214,113004,19254344846
+33458005730,20201214114517,108,+33670727835,transfert,20201214,114517,19254461013
+33458005730,20201214115526,948,+33782320399,transfert,20201214,115526,19254697490
+33458005730,20201214140355,5,+33633225994,transfert,20201214,140355,19255310105
+33458005730,20201214140438,14,+33633225994,transfert,20201214,140438,19255318689
+33458005730,20201214141020,7,+33633225994,transfert,20201214,141020,19255387690
+33458005730,20201214140950,88,+33231062020,transfert,20201214,140950,19255394885
+33458005730,20201214142414,5,+33633225994,transfert,20201214,142414,19255547790
+33458005730,20201214140305,1578,+33660803629,transfert,20201214,140305,19255594689
+33458005730,20201214143924,150,+33633225994,transfert,20201214,143924,19255739084
+33458005730,20201214144422,6,+33783696554,transfert,20201214,144422,19255767289
+33458005730,20201214144647,5,+33540713490,transfert,20201214,144647,19255794882
+33458005730,20201214144739,8,+33540713490,transfert,20201214,144739,19255803514
+33458005730,20201214145110,3,+33783696554,transfert,20201214,145110,19255842408
+33458005730,20201214144419,523,+352621161614,transfert,20201214,144419,19255859018
+33458005730,20201214145403,4,+33607435843,transfert,20201214,145403,19255872448
+33458005730,20201214145442,3,+33607435843,transfert,20201214,145442,19255880908
+33458005730,20201214145449,69,+33630152851,transfert,20201214,145449,19255890930
+33458005730,20201214145543,4,+33607435843,transfert,20201214,145543,19255892622
+33458005730,20201214150523,42,+33476444492,transfert,20201214,150523,19255997801
+33458005730,20201214150916,147,+33231062020,transfert,20201214,150916,19256057540
+33458005730,20201214151333,51,+33231062020,transfert,20201214,151333,19256086049
+33458005730,20201214151816,7,+33540713490,transfert,20201214,151816,19256134922
+33458005730,20201214152302,14,+33681365244,transfert,20201214,152302,19256185491
+33458005730,20201214150501,1130,+33783696554,transfert,20201214,150501,19256190968
+33458005730,20201214153027,4,+33607435843,transfert,20201214,153027,19256262789
+33458005730,20201214152401,600,+33681365244,transfert,20201214,152401,19256296691
+33458005730,20201214160247,468,+33609106798,transfert,20201214,160247,19256684483
+33458005730,20201214161203,378,+33540713490,transfert,20201214,161203,19256762282
+33458005730,20201215092328,13,+33644276157,transfert,20201215,092328,19258468250
+33458005730,20201215094247,234,+33664191086,transfert,20201215,094247,19258719439
+33458005730,20201215094502,116,+33344927100,transfert,20201215,094502,19258729511
+33458005730,20201215101637,196,+41795042424,transfert,20201215,101637,19259134497
+33458005730,20201215105120,134,+33231062020,transfert,20201215,105120,19259563791
+33458005730,20201215105225,414,+33664191086,transfert,20201215,105225,19259636385
+33458005730,20201215110554,6,+33664191086,transfert,20201215,110554,19259715346
+33458005730,20201215111310,8,+33644276157,transfert,20201215,111310,19259802773
+33458005730,20201215111359,196,+33644276157,transfert,20201215,111359,19259849697
+33458005730,20201215110944,1385,+33664191086,transfert,20201215,110944,19260037180
+33458005730,20201215113702,3,+33612772780,transfert,20201215,113702,19260093930
+33458005730,20201215114102,92,+33612772780,transfert,20201215,114102,19260157108
+33458005730,20201215113649,372,+33626291753,transfert,20201215,113649,19260161494
+33458005730,20201215114438,199,+33687344651,transfert,20201215,114438,19260218720
+33458005730,20201215140534,292,+33662922805,transfert,20201215,140534,19261108632
+33458005730,20201215143107,5,+33687344651,transfert,20201215,143107,19261343356
+33458005730,20201215142216,560,+23059440365,transfert,20201215,142216,19261344616
+33458005730,20201215143140,112,+33634458094,transfert,20201215,143140,19261368931
+33458005730,20201215143455,24,+421917993675,transfert,20201215,143455,19261390108
+33458005730,20201215145101,269,+33644276157,transfert,20201215,145101,19261606737
+33458005730,20201215145512,10,+33603020980,transfert,20201215,145512,19261610204
+33458005730,20201215145639,60,+33258090094,transfert,20201215,145639,19261631408
+33458005730,20201215145655,270,+33603020980,transfert,20201215,145655,19261673708
+33458005730,20201215162418,636,+33664191086,transfert,20201215,162418,19262670041
+33458005730,20201215164604,274,+33687344651,transfert,20201215,164604,19262821596
+33458005730,20201215165807,93,+33613161148,transfert,20201215,165807,19262905684
+33458005730,20201215165955,7,+33650828798,transfert,20201215,165955,19262912376
+33458005730,20201215172326,572,+33685069651,transfert,20201215,172326,19263177191
+33458005730,20201215175420,7,+33609925333,transfert,20201215,175420,19263322269
+33458005730,20201215175503,4,+33609925333,transfert,20201215,175503,19263325062
+33458005730,20201216094853,6,+33374590034,transfert,20201216,094853,19264487396
+33458005730,20201216095129,620,+33374590034,transfert,20201216,095129,19264622698
+33458005730,20201216100250,51,+33232744872,transfert,20201216,100250,19264643128
+33458005730,20201216100824,29,+33682525500,transfert,20201216,100824,19264702097
+33458005730,20201216102458,23,+33660652411,transfert,20201216,102458,19264901858
+33458005730,20201216102454,18,+498092818921,transfert,20201216,102454,19264907946
+33458005730,20201216101757,991,+33638431672,transfert,20201216,101757,19265008397
+33458005730,20201216104858,126,+33476234343,transfert,20201216,104858,19265193228
+33458005730,20201216110345,12,+33231062020,transfert,20201216,110345,19265336456
+33458005730,20201216112114,406,+36303289308,transfert,20201216,112114,19265624015
+33458005730,20201216112831,3,+33476234343,transfert,20201216,112831,19265631340
+33458005730,20201216113854,7,+33476234343,transfert,20201216,113854,19265744584
+33458005730,20201216114601,13,+33232744872,transfert,20201216,114601,19265826807
+33458005730,20201216140200,10,+33633225994,transfert,20201216,140200,19266630520
+33458005730,20201216140645,37,+33633225994,transfert,20201216,140645,19266679672
+33458005730,20201216143643,54,+262262518357,transfert,20201216,143643,19266994455
+33458005730,20201216150804,140,+33609925333,transfert,20201216,150804,19267324319
+33458005730,20201216151436,124,+33670716902,transfert,20201216,151436,19267385438
+33458005730,20201216152406,50,+33608031810,transfert,20201216,152406,19267471418
+33458005730,20201216162925,3,+33650828798,transfert,20201216,162925,19268074297
+33458005730,20201216163017,12,+33650828798,transfert,20201216,163017,19268084457
+33458005730,20201216163102,234,+33650828798,transfert,20201216,163102,19268118772
+33458005730,20201216163530,30,+33650828798,transfert,20201216,163530,19268128807
+33458005730,20201216163934,85,+33231062020,transfert,20201216,163934,19268173374
+33458005730,20201216170412,0,+33650828798,transfert,20201216,170412,19268366743
+33458005730,20201216170557,134,+33760898150,transfert,20201216,170557,19268394096
+33458005730,20201216171359,489,+33682525500,transfert,20201216,171359,19268500408
+33458005730,20201217090519,6,+33783696554,transfert,20201217,090519,19269433981
+33458005730,20201217092834,28,+33609945810,transfert,20201217,092834,19269681764
+33458005730,20201217093620,11,+33611804741,transfert,20201217,093620,19269766494
+33458005730,20201217093718,7,+33611804741,transfert,20201217,093718,19269775816
+33458005730,20201217093756,13,+352621161614,transfert,20201217,093756,19269787397
+33458005730,20201217093557,215,+33783696554,transfert,20201217,093557,19269801017
+33458005730,20201217094006,158,+352621161614,transfert,20201217,094006,19269838712
+33458005730,20201217094209,41,+33233431601,transfert,20201217,094209,19269843037
+33458005730,20201217094506,6,+33622736769,transfert,20201217,094506,19269871170
+33458005730,20201217095100,7,+33622736769,transfert,20201217,095100,19269939220
+33458005730,20201217095221,4,+33650828798,transfert,20201217,095221,19269955457
+33458005730,20201217095212,295,+33622736769,transfert,20201217,095212,19270013540
+33458005730,20201217100258,5,+33233431601,transfert,20201217,100258,19270093495
+33458005730,20201217101543,0,+33609925333,transfert,20201217,101543,19270251871
+33458005730,20201217101454,45,+33616021813,transfert,20201217,101454,19270255536
+33458005730,20201217111344,105,+41227100180,transfert,20201217,111344,19270529137
+33458005730,20201217110332,6,+33609925333,transfert,20201217,110332,19270558534
+33458005730,20201217101651,2074,+33609925333,transfert,20201217,101651,19270573996
+33458005730,20201217110245,11,+33686657019,transfert,20201217,110245,19270623244
+33458005730,20201217105856,263,+33231062020,transfert,20201217,105856,19270675553
+33458005730,20201217115820,5,+33616021813,transfert,20201217,115820,19270891931
+33458005730,20201217110516,281,+33609925333,transfert,20201217,110516,19270902388
+33458005730,20201217115908,4,+33616021813,transfert,20201217,115908,19270916658
+33458005730,20201217140652,47,+352621161614,transfert,20201217,140652,19271283567
+33458005730,20201217141449,249,+33664191086,transfert,20201217,141449,19271401529
+33458005730,20201217142544,627,+33616021813,transfert,20201217,142544,19271573228
+33458005730,20201217144301,303,+33610974737,transfert,20201217,144301,19271695800
+33458005730,20201217145602,177,+33609106798,transfert,20201217,145602,19271806559
+33458005730,20201217150451,513,+33650828798,transfert,20201217,150451,19271951773
+33458005730,20201217151906,601,+33783696554,transfert,20201217,151906,19272111543
+33458005730,20201217154716,108,+33698549500,transfert,20201217,154716,19272309721
+33458005730,20201217155845,250,+33650828798,transfert,20201217,155845,19272442916
+33458005730,20201217161249,371,+33783696554,transfert,20201217,161249,19272596399
+33458005730,20201217161905,0,+33615993463,transfert,20201217,161905,19272596593
+33458005730,20201217161921,98,+33615993463,transfert,20201217,161921,19272615034
+33458005730,20201217163323,141,+33698549500,transfert,20201217,163323,19272755523
+33458005730,20201217103110,3,+33650828798,transfert,20201217,103110,19273517495
+33458005730,20201217171127,44,+33609925333,transfert,20201217,171127,19273672945
+33458005730,20201217113016,12,+33650828798,transfert,20201217,113016,19273724112
+33458005730,20201217110235,78,+33644276157,transfert,20201217,110235,19273810203
+33458005730,20201217105836,117,+33644276157,transfert,20201217,105836,19273926665
+33458005730,20201217112942,0,+33650828798,transfert,20201217,112942,19273927024
+33458005730,20201217173141,62,+33652550529,transfert,20201217,173141,19273995305
+33458005730,20201218090834,488,+61475285390,transfert,20201218,090834,19274962521
+33458005730,20201218091756,207,+33652394331,transfert,20201218,091756,19275008540
+33458005730,20201218093814,21,+33664191086,transfert,20201218,093814,19275180797
+33458005730,20201218100550,176,+41795042424,transfert,20201218,100550,19275494582
+33458005730,20201218101502,238,+33620032032,transfert,20201218,101502,19275611094
+33458005730,20201218102552,289,+33698549500,transfert,20201218,102552,19275746976
+33458005730,20201218104313,355,+352621161614,transfert,20201218,104313,19275951819
+33458005730,20201218141610,166,+33476860714,transfert,20201218,141610,19277474825
+33458005730,20201218142217,134,+3256260680,transfert,20201218,142217,19277526573
+33458005730,20201218142524,511,+33608106241,transfert,20201218,142524,19277614521
+33458005730,20201218150032,51,+33609845297,transfert,20201218,150032,19277880563
+33458005730,20201218150500,390,+33652394331,transfert,20201218,150500,19277975499
+33458005730,20201218161004,281,+33622736769,transfert,20201218,161004,19278541913
+33458005730,20201218162707,3,+33682673031,transfert,20201218,162707,19278649906
+33458005730,20201218162750,243,+33682673031,transfert,20201218,162750,19278683959
+33458005730,20201218165136,364,+33254745426,transfert,20201218,165136,19278885191
+33458005730,20201218165845,404,+33782320399,transfert,20201218,165845,19278939395
+33458005730,20201221090022,13,+352621161614,transfert,20201221,090022,19282048810
+33458005730,20201221090156,5,+352621161614,transfert,20201221,090156,19282060608
+33458005730,20201221090506,5,+352621161614,transfert,20201221,090506,19282086966
+33458005730,20201221090652,4,+352621161614,transfert,20201221,090652,19282102763
+33458005730,20201221090839,7,+352621161614,transfert,20201221,090839,19282121764
+33458005730,20201221091027,3,+33607426837,transfert,20201221,091027,19282133099
+33458005730,20201221091045,4,+352621161614,transfert,20201221,091045,19282141123
+33458005730,20201221091058,43,+33607426837,transfert,20201221,091058,19282142919
+33458005730,20201221091202,14,+352621161614,transfert,20201221,091202,19282154858
+33458005730,20201221091251,4,+352621161614,transfert,20201221,091251,19282159468
+33458005730,20201221091409,60,+352621161614,transfert,20201221,091409,19282180865
+33458005730,20201221092204,243,+34659874072,transfert,20201221,092204,19282289430
+33458005730,20201221093021,10,+33603020980,transfert,20201221,093021,19282340672
+33458005730,20201221093519,8,+33607426837,transfert,20201221,093519,19282389728
+33458005730,20201221095504,73,+33388159700,transfert,20201221,095504,19282607081
+33458005730,20201221095812,10,+33681071980,transfert,20201221,095812,19282632483
+33458005730,20201221101423,30,+33699299897,transfert,20201221,101423,19282815727
+33458005730,20201221101813,15,+352621161614,transfert,20201221,101813,19282861686
+33458005730,20201221102438,10,+33554530307,transfert,20201221,102438,19282936054
+33458005730,20201221102521,5,+33554530307,transfert,20201221,102521,19282939008
+33458005730,20201221102542,6,+352621161614,transfert,20201221,102542,19282945107
+33458005730,20201221102618,6,+33652394331,transfert,20201221,102618,19282954002
+33458005730,20201221102604,74,+33554530307,transfert,20201221,102604,19282958703
+33458005730,20201221104742,9,+33633588601,transfert,20201221,104742,19283185352
+33458005730,20201221104723,13,+436508446340,transfert,20201221,104723,19283185909
+33458005730,20201221105156,7,+33632548624,transfert,20201221,105156,19283229775
+33458005730,20201221105337,168,+33633588601,transfert,20201221,105337,19283281610
+33458005730,20201221104813,628,+436508446340,transfert,20201221,104813,19283304235
+33458005730,20201221110715,4,+33681071980,transfert,20201221,110715,19283400678
+33458005730,20201221110954,2,+33652394331,transfert,20201221,110954,19283434574
+33458005730,20201221111048,139,+33652394331,transfert,20201221,111048,19283464088
+33458005730,20201221110906,651,+33556466800,transfert,20201221,110906,19283543313
+33458005730,20201221112003,4,+33633588601,transfert,20201221,112003,19283554893
+33458005730,20201221112332,4,+33633588601,transfert,20201221,112332,19283588048
+33458005730,20201221113010,4,+33633588601,transfert,20201221,113010,19283665204
+33458005730,20201221114956,13,+971528335798,transfert,20201221,114956,19283883662
+33458005730,20201221140404,4,+33607426837,transfert,20201221,140404,19284666463
+33458005730,20201221140441,4,+33607426837,transfert,20201221,140441,19284671857
+33458005730,20201221140520,8,+33607426837,transfert,20201221,140520,19284674793
+33458005730,20201221140313,246,+33652394331,transfert,20201221,140313,19284695361
+33458005730,20201221141004,3,+33607426837,transfert,20201221,141004,19284727073
+33458005730,20201221141041,2,+33607426837,transfert,20201221,141041,19284732644
+33458005730,20201221141721,2,+33607426837,transfert,20201221,141721,19284802298
+33458005730,20201221141752,12,+33607426837,transfert,20201221,141752,19284808850
+33458005730,20201221140917,638,+33767671109,transfert,20201221,140917,19284826940
+33458005730,20201221142022,0,+33607426837,transfert,20201221,142022,19284831573
+33458005730,20201221142851,59,+33681071980,transfert,20201221,142851,19284925534
+33458005730,20201221142803,323,+33607426837,transfert,20201221,142803,19284961279
+33458005730,20201221145629,104,+33675890059,transfert,20201221,145629,19285207763
+33458005730,20201221154441,96,+33675890059,transfert,20201221,154441,19285670856
+33458005730,20201221155041,10,+33607262077,transfert,20201221,155041,19285715365
+33458005730,20201221155150,1,+33607262077,transfert,20201221,155150,19285720746
+33458005730,20201221155229,4,+33607262077,transfert,20201221,155229,19285729446
+33458005730,20201221155941,8,+33607262077,transfert,20201221,155941,19285799125
+33458005730,20201221160025,132,+33607262077,transfert,20201221,160025,19285822294
+33458005730,20201221165609,7,+33652550529,transfert,20201221,165609,19286285349
+33458005730,20201221173638,5,+33660770402,transfert,20201221,173638,19286562828
+33458005730,20201221173724,85,+33660770402,transfert,20201221,173724,19286572127
+33458005730,20201222082247,16,+498092818921,transfert,20201222,082247,19287156446
+33458005730,20201222091837,23,+33258090094,transfert,20201222,091837,19287419481
+33458005730,20201222092702,306,+33258090094,transfert,20201222,092702,19287537554
+33458005730,20201222100720,8,+33687344651,transfert,20201222,100720,19287878949
+33458005730,20201222100701,396,+33556466800,transfert,20201222,100701,19287940104
+33458005730,20201222102056,70,+33687344651,transfert,20201222,102056,19288029882
+33458005730,20201222104933,362,+33633588601,transfert,20201222,104933,19288376528
+33458005730,20201222112132,6,+33633588601,transfert,20201222,112132,19288653969
+33458005730,20201222111853,298,+33632548624,transfert,20201222,111853,19288673457
+33458005730,20201222113821,216,+33777304107,transfert,20201222,113821,19288860512
+33458005730,20201222115353,7,+33636808097,transfert,20201222,115353,19288979104
+33458005730,20201222115949,5,+33231069898,transfert,20201222,115949,19289033034
+33458005730,20201222155046,235,+14015005130,transfert,20201222,155046,19290662707
+33458005730,20201222162021,508,+33613330210,transfert,20201222,162021,19290952315
+33458005730,20201222163230,146,+22228225822,transfert,20201222,163230,19291007895
+33458005730,20201223090408,4,+33789614820,transfert,20201223,090408,19292166565
+33458005730,20201223090954,5,+33789614820,transfert,20201223,090954,19292205288
+33458005730,20201223091240,23,+33633225994,transfert,20201223,091240,19292229346
+33458005730,20201223091401,8,+33682525500,transfert,20201223,091401,19292237201
+33458005730,20201223091350,9,+33633225994,transfert,20201223,091350,19292237456
+33458005730,20201223092723,4,+33682525500,transfert,20201223,092723,19292340734
+33458005730,20201223093429,1132,+33789614820,transfert,20201223,093429,19292558209
+33458005730,20201223102302,171,+33681071980,transfert,20201223,102302,19292863988
+33458005730,20201223105932,11,+33633225994,transfert,20201223,105932,19293187651
+33458005730,20201223105211,524,+33632548624,transfert,20201223,105211,19293196881
+33458005730,20201223105906,103,+33785874009,transfert,20201223,105906,19293199319
+33458005730,20201223110015,24,+33633225994,transfert,20201223,110015,19293199407
+33458005730,20201223141853,16,+33613330210,transfert,20201223,141853,19294461338
+33458005730,20201223142032,11,+33613330210,transfert,20201223,142032,19294473771
+33458005730,20201223142538,35,+33613330210,transfert,20201223,142538,19294516328
+33458005730,20201223143724,123,+33613330210,transfert,20201223,143724,19294620200
+33458005730,20201223151224,9,+33326474151,transfert,20201223,151224,19294890500
+33458005730,20201223151607,56,+33633225994,transfert,20201223,151607,19294927812
+33458005730,20201223153158,91,+33675133147,transfert,20201223,153158,19295060013
+33458005730,20201223153100,169,+14015005130,transfert,20201223,153100,19295061989
+33458005730,20201223153515,141,+33616940464,transfert,20201223,153515,19295091402
+33458005730,20201223161645,18,+14015005130,transfert,20201223,161645,19295385270
+33458005730,20201223161737,108,+14015005130,transfert,20201223,161737,19295401275
+33458005730,20201223164507,13,+33769666985,transfert,20201223,164507,19295591221
+33458005730,20201223172015,0,+14015005130,transfert,20201223,172015,19295808812
+33458005730,20201223172032,1147,+14015005130,transfert,20201223,172032,19295910930
+33458005730,20201224082012,8,+971528335798,transfert,20201224,082012,19296430655
+33458005730,20201224092946,14,+33650828798,transfert,20201224,092946,19296680679
+33458005730,20201224103232,430,+33554530307,transfert,20201224,103232,19297148721
+33458005730,20201224114320,46,+33681878470,transfert,20201224,114320,19297593737
+33458005730,20201224142357,4,+33608106241,transfert,20201224,142357,19298159191
+33458005730,20201224143400,3,+33608106241,transfert,20201224,143400,19298207944
+33458005730,20201224153829,3,+33608106241,transfert,20201224,153829,19298497121
+33458005709,20201201085810,18,+33631444094,transfert,20201201,085810,19199905832
+33458005709,20201201090344,9,+22625325065,transfert,20201201,090344,19199945770
+33458005709,20201201092255,46,+33240862442,incoming,20201201,092255,19200132985
+33458005709,20201201094102,438,+33664191086,incoming,20201201,094102,19200387921
+33458005709,20201201095658,160,+22625325065,incoming,20201201,095658,19200510507
+33458005709,20201201102154,338,+33466525818,incoming,20201201,102154,19200846947
+33458005709,20201201103422,135,+33682492334,incoming,20201201,103422,19200957988
+33458005709,20201201103914,318,+33668581764,incoming,20201201,103914,19201041835
+33458005709,20201201113546,256,+33621770322,incoming,20201201,113546,19201698905
+33458005709,20201201134858,257,+33675890059,incoming,20201201,134858,19202478588
+33458005709,20201201141119,17,+33778802136,transfert,20201201,141119,19202645154
+33458005709,20201201141232,14,+33778802136,transfert,20201201,141232,19202658491
+33458005709,20201201140659,421,+33631444094,incoming,20201201,140659,19202669098
+33458005709,20201201141728,129,+33675890059,incoming,20201201,141728,19202733973
+33458005709,20201201142428,732,+33611814766,incoming,20201201,142428,19202914555
+33458005709,20201201144737,1536,+491776111323,incoming,20201201,144737,19203300851
+33458005709,20201201152509,36,+33608106241,incoming,20201201,152509,19203427941
+33458005709,20201201154531,8,+33667572777,transfert,20201201,154531,19203636557
+33458005709,20201201154520,167,+22625325065,incoming,20201201,154520,19203658148
+33458005709,20201201154907,153,+33608106241,incoming,20201201,154907,19203696452
+33458005709,20201201161638,193,+33672455334,incoming,20201201,161638,19203981784
+33458005709,20201201161954,86,+33466525818,incoming,20201201,161954,19203994748
+33458005709,20201201162828,24,+33631444094,incoming,20201201,162828,19204069133
+33458005709,20201201164815,160,+33675890059,incoming,20201201,164815,19204280812
+33458005709,20201202093355,6,+33553672626,transfert,20201202,093355,19205716641
+33458005709,20201202104254,12,+33778802136,transfert,20201202,104254,19206476964
+33458005709,20201202104119,497,+33611403359,incoming,20201202,104119,19206542360
+33458005709,20201202105244,488,+33778802136,incoming,20201202,105244,19206673457
+33458005709,20201202112209,373,+33634608370,incoming,20201202,112209,19206964896
+33458005709,20201202114612,87,+33682525500,incoming,20201202,114612,19207170534
+33458005709,20201202141603,172,+32477377633,incoming,20201202,141603,19208071833
+33458005709,20201202144109,201,+33603693302,incoming,20201202,144109,19208323870
+33458005709,20201202145752,8,+33664191086,transfert,20201202,145752,19208456124
+33458005709,20201202144815,705,+33611176035,incoming,20201202,144815,19208475765
+33458005709,20201202150751,199,+33664191086,incoming,20201202,150751,19208584500
+33458005709,20201202155628,837,+31653817181,incoming,20201202,155628,19209150494
+33458005709,20201202161117,732,+33608106241,incoming,20201202,161117,19209269981
+33458005709,20201202172136,407,+33675890059,incoming,20201202,172136,19209781268
+33458005709,20201202174844,9,+33607426837,transfert,20201202,174844,19209896585
+33458005709,20201202174516,380,+33652394331,incoming,20201202,174516,19209910428
+33458005709,20201203090210,24,+41796851291,transfert,20201203,090210,19210582979
+33458005709,20201203092347,234,+33652394331,incoming,20201203,092347,19210797480
+33458005709,20201203100302,284,+33664191086,incoming,20201203,100302,19211213831
+33458005709,20201203104550,97,+33786816397,incoming,20201203,104550,19211658104
+33458005709,20201203112132,5,+33783696554,transfert,20201203,112132,19212035721
+33458005709,20201203112239,0,+33783696554,miss,20201203,112239,19212047145
+33458005709,20201203114337,0,+498092818921,miss,20201203,114337,19212272981
+33458005709,20201203114346,10,+33611176035,transfert,20201203,114346,19212278586
+33458005709,20201203114712,24,+34919051048,transfert,20201203,114712,19212315463
+33458005709,20201203114828,0,+34919051048,miss,20201203,114828,19212320718
+33458005709,20201203140058,26,+33682525500,incoming,20201203,140058,19213047739
+33458005709,20201203143056,710,+33675890059,incoming,20201203,143056,19213474755
+33458005709,20201203144811,266,+498092818921,incoming,20201203,144811,19213568341
+33458005709,20201203145437,150,+33466525818,incoming,20201203,145437,19213612833
+33458005709,20201203151654,615,+33783696554,incoming,20201203,151654,19213919028
+33458005709,20201203155509,308,+33611174432,incoming,20201203,155509,19214241574
+33458005709,20201203162234,339,+33611176035,incoming,20201203,162234,19214509980
+33458005709,20201203163929,835,+33652394331,incoming,20201203,163929,19214734196
+33458005709,20201203170838,8,+33652394331,transfert,20201203,170838,19214849549
+33458005709,20201203172338,423,+33652394331,incoming,20201203,172338,19214998629
+33458005709,20201203173323,216,+33652394331,incoming,20201203,173323,19215037672
+33458005709,20201203173911,142,+33652394331,incoming,20201203,173911,19215065232
+33458005709,20201203174430,187,+33652394331,incoming,20201203,174430,19215100308
+33458005709,20201204092624,24,+33237642407,transfert,20201204,092624,19216025197
+33458005709,20201204100849,663,+33675890059,incoming,20201204,100849,19216570044
+33458005709,20201204103630,434,+33664191086,incoming,20201204,103630,19216831964
+33458005709,20201204104411,305,+33607559403,incoming,20201204,104411,19216891169
+33458005709,20201204112549,6,+33611176035,transfert,20201204,112549,19217296529
+33458005709,20201204112336,186,+33652394331,incoming,20201204,112336,19217302073
+33458005709,20201204140628,18,+31621181893,transfert,20201204,140628,19218313888
+33458005709,20201204140736,4,+31621181893,transfert,20201204,140736,19218323438
+33458005709,20201204141138,111,+31621181893,incoming,20201204,141138,19218378540
+33458005709,20201204144320,139,+33675552249,incoming,20201204,144320,19218696761
+33458005709,20201204144626,124,+31621181893,incoming,20201204,144626,19218725168
+33458005709,20201204150022,957,+33668581764,incoming,20201204,150022,19218989625
+33458005709,20201204152307,36,+33668581764,incoming,20201204,152307,19219064847
+33458005709,20201207093640,197,+33608106241,incoming,20201207,093640,19223424570
+33458005709,20201207111338,73,+33783696554,incoming,20201207,111338,19224578071
+33458005709,20201207141714,59,+33608106241,incoming,20201207,141714,19225970002
+33458005709,20201207141808,62,+32491515162,incoming,20201207,141808,19225982667
+33458005709,20201207144815,111,+33663800326,incoming,20201207,144815,19226322622
+33458005709,20201207145053,291,+33663800326,incoming,20201207,145053,19226384209
+33458005709,20201207153118,12,+33609925333,transfert,20201207,153118,19226788533
+33458005709,20201207153754,283,+33650828798,incoming,20201207,153754,19226912133
+33458005709,20201207160250,336,+33687344651,incoming,20201207,160250,19227190545
+33458005709,20201207161227,17,+33540713490,incoming,20201207,161227,19227229868
+33458005709,20201207163446,9,+33675890059,transfert,20201207,163446,19227464881
+33458005709,20201207165015,8,+33778802136,transfert,20201207,165015,19227610092
+33458005709,20201207165105,11,+33778802136,transfert,20201207,165105,19227620329
+33458005709,20201207173114,174,+33633225994,incoming,20201207,173114,19227957513
+33458005709,20201208092539,4,+33607426837,transfert,20201208,092539,19229030482
+33458005709,20201208100546,86,+33778802136,incoming,20201208,100546,19229500193
+33458005709,20201208103904,309,+33611814766,incoming,20201208,103904,19229949361
+33458005709,20201208105914,21,+33380537171,transfert,20201208,105914,19230139420
+33458005709,20201208105511,367,+33658898832,incoming,20201208,105511,19230159020
+33458005709,20201208110730,622,+33380537171,incoming,20201208,110730,19230367461
+33458005709,20201208112139,279,+33667572777,incoming,20201208,112139,19230469181
+33458005709,20201208113041,251,+352621161614,incoming,20201208,113041,19230573707
+33458005709,20201208142540,363,+33610599750,incoming,20201208,142540,19231860342
+33458005709,20201208150858,6,+33658898832,transfert,20201208,150858,19232281419
+33458005709,20201208150524,353,+33620594874,incoming,20201208,150524,19232302633
+33458005709,20201208151651,205,+33609106798,incoming,20201208,151651,19232404081
+33458005709,20201208153821,244,+33658898832,incoming,20201208,153821,19232639350
+33458005709,20201208154736,20,+33650054731,transfert,20201208,154736,19232697878
+33458005709,20201208155227,4,+33650054731,transfert,20201208,155227,19232746752
+33458005709,20201208155159,468,+33650828798,incoming,20201208,155159,19232817836
+33458005709,20201208160101,179,+33650054731,incoming,20201208,160101,19232866150
+33458005709,20201209092641,7,+33607426837,transfert,20201209,092641,19234716110
+33458005709,20201209093850,177,+31621181893,incoming,20201209,093850,19234865476
+33458005709,20201209100331,1012,+33625572544,incoming,20201209,100331,19235286863
+33458005709,20201209101954,7,+33760898150,transfert,20201209,101954,19235291088
+33458005709,20201209103126,162,+33755506479,incoming,20201209,103126,19235448483
+33458005709,20201209105050,241,+33760898150,incoming,20201209,105050,19235685656
+33458005709,20201209111900,213,+33625572544,incoming,20201209,111900,19235999695
+33458005709,20201209112356,550,+33553672626,incoming,20201209,112356,19236122245
+33458005709,20201209114043,260,+33627262678,incoming,20201209,114043,19236250005
+33458005709,20201209140237,901,+33642165112,incoming,20201209,140237,19237215182
+33458005709,20201209141944,554,+33682525500,incoming,20201209,141944,19237334660
+33458005709,20201209143932,176,+33642165112,incoming,20201209,143932,19237468918
+33458005709,20201209144352,418,+33611403359,incoming,20201209,144352,19237550309
+33458005709,20201209152417,220,+33172870152,incoming,20201209,152417,19237921487
+33458005709,20201209153620,45,+33650828798,incoming,20201209,153620,19238009913
+33458005709,20201209154558,34,+33172870152,incoming,20201209,154558,19238103545
+33458005709,20201209160150,4,+33675890059,transfert,20201209,160150,19238252597
+33458005709,20201209161833,671,+14015005130,incoming,20201209,161833,19238492892
+33458005709,20201209173729,563,+33782960856,incoming,20201209,173729,19239004931
+33458005709,20201210084321,5,+33627262678,transfert,20201210,084321,19239651450
+33458005709,20201210084616,6,+33627262678,transfert,20201210,084616,19239663082
+33458005709,20201210093826,451,+33624022070,incoming,20201210,093826,19240163171
+33458005709,20201210095813,54,+33632089796,incoming,20201210,095813,19240305080
+33458005709,20201210100819,166,+33622842728,incoming,20201210,100819,19240437854
+33458005709,20201210101204,7,+33622736769,transfert,20201210,101204,19240458201
+33458005709,20201210101114,446,+41795998944,incoming,20201210,101114,19240528000
+33458005709,20201210101831,294,+33607435843,incoming,20201210,101831,19240592238
+33458005709,20201210105010,4,+33611174432,transfert,20201210,105010,19240900575
+33458005709,20201210111834,5,+33687344651,transfert,20201210,111834,19241225274
+33458005709,20201210114441,7,+33638431672,transfert,20201210,114441,19241522587
+33458005709,20201210115817,5,+33607426837,transfert,20201210,115817,19241677797
+33458005709,20201210140444,271,+33642165112,incoming,20201210,140444,19242405923
+33458005709,20201210144532,546,+352621161614,incoming,20201210,144532,19242871713
+33458005709,20201210152134,253,+33977624646,incoming,20201210,152134,19243188503
+33458005709,20201210162001,101,+33650828798,incoming,20201210,162001,19243745658
+33458005709,20201210170831,7,+33540713490,transfert,20201210,170831,19244170977
+33458005709,20201210173137,5,+33627262678,transfert,20201210,173137,19244338831
+33458005709,20201210173415,4,+33627262678,transfert,20201210,173415,19244355592
+33458005709,20201210172627,557,+33695352751,incoming,20201210,172627,19244362382
+33458005709,20201211085409,7,+33611174432,transfert,20201211,085409,19245106695
+33458005709,20201211085457,0,+33611174432,miss,20201211,085457,19245107119
+33458005709,20201211091017,4,+33687344651,transfert,20201211,091017,19245212418
+33458005709,20201211103151,161,+33642165112,incoming,20201211,103151,19246106614
+33458005709,20201211104508,346,+33298282390,incoming,20201211,104508,19246292301
+33458005709,20201211140356,299,+33540713490,incoming,20201211,140356,19247800815
+33458005709,20201211141046,216,+33609925333,incoming,20201211,141046,19247861096
+33458005709,20201211143447,333,+33555361373,incoming,20201211,143447,19248134629
+33458005709,20201211145110,1179,+33660492250,incoming,20201211,145110,19248451726
+33458005709,20201211151732,229,+33627262678,incoming,20201211,151732,19248559296
+33458005709,20201211160050,239,+33540713490,incoming,20201211,160050,19248982026
+33458005709,20201211170311,8,+33258090094,transfert,20201211,170311,19249490589
+33458005709,20201214092650,12,+33650828798,transfert,20201214,092650,19252779439
+33458005709,20201214092754,12,+33650828798,transfert,20201214,092754,19252791415
+33458005709,20201214094512,221,+33650828798,incoming,20201214,094512,19253024491
+33458005709,20201214101312,242,+33662078266,incoming,20201214,101312,19253371510
+33458005709,20201214110648,45,+33611174432,incoming,20201214,110648,19253990305
+33458005709,20201214111049,255,+33662641109,incoming,20201214,111049,19254081008
+33458005709,20201214113610,14,+33751626517,transfert,20201214,113610,19254337748
+33458005709,20201214113658,9,+33751626517,transfert,20201214,113658,19254343577
+33458005709,20201214113005,435,+4940524759116,incoming,20201214,113005,19254345607
+33458005709,20201214115526,948,+33782320399,incoming,20201214,115526,19254696968
+33458005709,20201214140355,5,+33633225994,transfert,20201214,140355,19255310013
+33458005709,20201214140439,14,+33633225994,transfert,20201214,140439,19255317238
+33458005709,20201214141020,7,+33633225994,transfert,20201214,141020,19255387748
+33458005709,20201214142414,5,+33633225994,transfert,20201214,142414,19255547601
+33458005709,20201214140305,1578,+33660803629,incoming,20201214,140305,19255595616
+33458005709,20201214143924,150,+33633225994,incoming,20201214,143924,19255739188
+33458005709,20201214144422,6,+33783696554,transfert,20201214,144422,19255766651
+33458005709,20201214144647,5,+33540713490,transfert,20201214,144647,19255794936
+33458005709,20201214144739,8,+33540713490,transfert,20201214,144739,19255803860
+33458005709,20201214145110,3,+33783696554,transfert,20201214,145110,19255842751
+33458005709,20201214144419,523,+352621161614,incoming,20201214,144419,19255859289
+33458005709,20201214145403,4,+33607435843,transfert,20201214,145403,19255872401
+33458005709,20201214145442,3,+33607435843,transfert,20201214,145442,19255880952
+33458005709,20201214145543,4,+33607435843,transfert,20201214,145543,19255892560
+33458005709,20201214151816,7,+33540713490,transfert,20201214,151816,19256135129
+33458005709,20201214152302,14,+33681365244,transfert,20201214,152302,19256185529
+33458005709,20201214150501,1130,+33783696554,incoming,20201214,150501,19256190804
+33458005709,20201214153027,4,+33607435843,transfert,20201214,153027,19256262448
+33458005709,20201214152440,549,+33458005730,incoming,20201214,152440,19256296498
+33458005709,20201214160247,468,+33609106798,incoming,20201214,160247,19256685447
+33458005709,20201214161203,378,+33540713490,incoming,20201214,161203,19256762333
+33458005709,20201214175144,7,+33675890059,transfert,20201214,175144,19257537545
+33458005709,20201215092328,13,+33644276157,transfert,20201215,092328,19258468052
+33458005709,20201215094247,234,+33664191086,incoming,20201215,094247,19258719158
+33458005709,20201215105225,414,+33664191086,incoming,20201215,105225,19259635435
+33458005709,20201215111310,8,+33644276157,transfert,20201215,111310,19259802456
+33458005709,20201215110944,1385,+33664191086,incoming,20201215,110944,19260038914
+33458005709,20201215113702,3,+33612772780,transfert,20201215,113702,19260094371
+33458005709,20201215113649,372,+33626291753,incoming,20201215,113649,19260160958
+33458005709,20201215114438,199,+33687344651,incoming,20201215,114438,19260218377
+33458005709,20201215140534,292,+33662922805,incoming,20201215,140534,19261108359
+33458005709,20201215142746,12,+33675890059,transfert,20201215,142746,19261308062
+33458005709,20201215142216,560,+23059440365,incoming,20201215,142216,19261344679
+33458005709,20201215143315,4,+33675890059,transfert,20201215,143315,19261367895
+33458005709,20201215143140,112,+33634458094,incoming,20201215,143140,19261369459
+33458005709,20201215143455,24,+421917993675,transfert,20201215,143455,19261390162
+33458005709,20201215145101,269,+33644276157,incoming,20201215,145101,19261606395
+33458005709,20201215145512,10,+33603020980,transfert,20201215,145512,19261610144
+33458005709,20201215145655,270,+33603020980,incoming,20201215,145655,19261673305
+33458005709,20201215162418,636,+33664191086,incoming,20201215,162418,19262670385
+33458005709,20201215165955,7,+33650828798,transfert,20201215,165955,19262912131
+33458005709,20201215172326,572,+33685069651,incoming,20201215,172326,19263177099
+33458005709,20201216100824,29,+33682525500,incoming,20201216,100824,19264701963
+33458005709,20201216102458,23,+33660652411,transfert,20201216,102458,19264901103
+33458005709,20201216102454,18,+498092818921,transfert,20201216,102454,19264908239
+33458005709,20201216101757,991,+33638431672,incoming,20201216,101757,19265008213
+33458005709,20201216112114,406,+36303289308,incoming,20201216,112114,19265623474
+33458005709,20201216140200,10,+33633225994,transfert,20201216,140200,19266630508
+33458005709,20201216140645,37,+33633225994,incoming,20201216,140645,19266679826
+33458005709,20201216152406,50,+33608031810,incoming,20201216,152406,19267471670
+33458005709,20201216163102,234,+33650828798,incoming,20201216,163102,19268118761
+33458005709,20201216170557,134,+33760898150,incoming,20201216,170557,19268394010
+33458005709,20201216171359,489,+33682525500,incoming,20201216,171359,19268500456
+33458005709,20201217090519,6,+33783696554,transfert,20201217,090519,19269433547
+33458005709,20201217093620,11,+33611804741,transfert,20201217,093620,19269765935
+33458005709,20201217093756,13,+352621161614,transfert,20201217,093756,19269788033
+33458005709,20201217093557,215,+33783696554,incoming,20201217,093557,19269801256
+33458005709,20201217094006,158,+352621161614,incoming,20201217,094006,19269838240
+33458005709,20201217095212,295,+33622736769,incoming,20201217,095212,19270011840
+33458005709,20201217101454,45,+33616021813,incoming,20201217,101454,19270251699
+33458005709,20201217101543,0,+33609925333,miss,20201217,101543,19270254197
+33458005709,20201217110332,6,+33609925333,transfert,20201217,110332,19270434390
+33458005709,20201217111344,105,+41227100180,incoming,20201217,111344,19270553179
+33458005709,20201217110236,78,+33644276157,incoming,20201217,110236,19270708117
+33458005709,20201217101651,2074,+33609925333,incoming,20201217,101651,19270792965
+33458005709,20201217113016,12,+33650828798,transfert,20201217,113016,19270900126
+33458005709,20201217110245,11,+33686657019,transfert,20201217,110245,19271090521
+33458005709,20201217115908,4,+33616021813,transfert,20201217,115908,19271148989
+33458005709,20201217140652,47,+352621161614,incoming,20201217,140652,19271283983
+33458005709,20201217141449,249,+33664191086,incoming,20201217,141449,19271400774
+33458005709,20201217142544,627,+33616021813,incoming,20201217,142544,19271573633
+33458005709,20201217144301,303,+33610974737,incoming,20201217,144301,19271695922
+33458005709,20201217145602,177,+33609106798,incoming,20201217,145602,19271807595
+33458005709,20201217151906,601,+33783696554,incoming,20201217,151906,19272111553
+33458005709,20201217154716,108,+33698549500,incoming,20201217,154716,19272309783
+33458005709,20201217161905,0,+33615993463,miss,20201217,161905,19272596211
+33458005709,20201217161249,371,+33783696554,incoming,20201217,161249,19272596547
+33458005709,20201217163323,141,+33698549500,incoming,20201217,163323,19272754132
+33458005709,20201217105836,117,+33644276157,incoming,20201217,105836,19273240423
+33458005709,20201217110516,281,+33609925333,incoming,20201217,110516,19273386834
+33458005709,20201217171127,44,+33609925333,incoming,20201217,171127,19273674071
+33458005709,20201217115820,5,+33616021813,transfert,20201217,115820,19273782728
+33458005709,20201217173141,62,+33652550529,incoming,20201217,173141,19273995341
+33458005709,20201218091756,207,+33652394331,incoming,20201218,091756,19275008468
+33458005709,20201218092904,71,+33675890059,incoming,20201218,092904,19275097339
+33458005709,20201218093814,21,+33664191086,incoming,20201218,093814,19275182182
+33458005709,20201218102552,289,+33698549500,incoming,20201218,102552,19275747246
+33458005709,20201218104313,355,+352621161614,incoming,20201218,104313,19275951416
+33458005709,20201218141610,166,+33476860714,incoming,20201218,141610,19277474751
+33458005709,20201218142524,511,+33608106241,incoming,20201218,142524,19277614714
+33458005709,20201218150032,51,+33609845297,incoming,20201218,150032,19277880538
+33458005709,20201218162707,3,+33682673031,transfert,20201218,162707,19278649796
+33458005709,20201218165845,404,+33782320399,incoming,20201218,165845,19278939443
+33458005709,20201221090022,13,+352621161614,transfert,20201221,090022,19282049138
+33458005709,20201221090156,5,+352621161614,transfert,20201221,090156,19282060827
+33458005709,20201221090506,5,+352621161614,transfert,20201221,090506,19282087666
+33458005709,20201221090652,4,+352621161614,transfert,20201221,090652,19282102509
+33458005709,20201221090839,7,+352621161614,transfert,20201221,090839,19282121711
+33458005709,20201221091045,4,+352621161614,transfert,20201221,091045,19282141286
+33458005709,20201221091251,4,+352621161614,transfert,20201221,091251,19282159001
+33458005709,20201221093021,10,+33603020980,transfert,20201221,093021,19282340341
+33458005709,20201221095812,10,+33681071980,transfert,20201221,095812,19282632688
+33458005709,20201221101813,15,+352621161614,transfert,20201221,101813,19282862662
+33458005709,20201221102438,10,+33554530307,transfert,20201221,102438,19282934682
+33458005709,20201221102521,5,+33554530307,transfert,20201221,102521,19282939506
+33458005709,20201221102542,6,+352621161614,transfert,20201221,102542,19282945378
+33458005709,20201221104742,9,+33633588601,transfert,20201221,104742,19283185815
+33458005709,20201221104723,13,+436508446340,transfert,20201221,104723,19283186431
+33458005709,20201221105337,168,+33633588601,incoming,20201221,105337,19283282358
+33458005709,20201221110715,4,+33681071980,transfert,20201221,110715,19283400903
+33458005709,20201221111048,139,+33652394331,incoming,20201221,111048,19283464117
+33458005709,20201221112003,4,+33633588601,transfert,20201221,112003,19283553435
+33458005709,20201221112332,4,+33633588601,transfert,20201221,112332,19283587517
+33458005709,20201221113010,4,+33633588601,transfert,20201221,113010,19283665223
+33458005709,20201221140441,4,+33607426837,transfert,20201221,140441,19284671869
+33458005709,20201221141004,3,+33607426837,transfert,20201221,141004,19284727526
+33458005709,20201221141752,12,+33607426837,transfert,20201221,141752,19284808877
+33458005709,20201221142851,59,+33681071980,incoming,20201221,142851,19284925729
+33458005709,20201221155041,10,+33607262077,transfert,20201221,155041,19285715355
+33458005709,20201221155229,4,+33607262077,transfert,20201221,155229,19285729174
+33458005709,20201221155941,8,+33607262077,transfert,20201221,155941,19285799450
+33458005709,20201221165609,7,+33652550529,transfert,20201221,165609,19286285362
+33458005709,20201221173638,5,+33660770402,transfert,20201221,173638,19286562812
+33458005709,20201222082247,16,+498092818921,transfert,20201222,082247,19287156347
+33458005709,20201222091837,23,+33258090094,transfert,20201222,091837,19287418386
+33458005709,20201222092702,306,+33258090094,incoming,20201222,092702,19287537567
+33458005709,20201222104933,362,+33633588601,incoming,20201222,104933,19288377145
+33458005709,20201222112132,6,+33633588601,transfert,20201222,112132,19288653805
+33458005709,20201222111853,298,+33632548624,incoming,20201222,111853,19288674194
+33458005709,20201222113821,216,+33777304107,incoming,20201222,113821,19288860720
+33458005709,20201222155046,235,+14015005130,incoming,20201222,155046,19290662752
+33458005709,20201222162021,508,+33613330210,incoming,20201222,162021,19290952052
+33458005709,20201223091240,23,+33633225994,transfert,20201223,091240,19292230020
+33458005709,20201223091350,9,+33633225994,transfert,20201223,091350,19292236779
+33458005709,20201223102302,171,+33681071980,incoming,20201223,102302,19292863868
+33458005709,20201223105932,11,+33633225994,transfert,20201223,105932,19293187551
+33458005709,20201223110015,24,+33633225994,transfert,20201223,110015,19293199066
+33458005709,20201223105906,103,+33785874009,incoming,20201223,105906,19293199120
+33458005709,20201223141853,16,+33613330210,transfert,20201223,141853,19294461496
+33458005709,20201223143724,123,+33613330210,incoming,20201223,143724,19294619381
+33458005709,20201223151607,56,+33633225994,incoming,20201223,151607,19294927639
+33458005709,20201223153100,169,+14015005130,incoming,20201223,153100,19295062000
+33458005709,20201223161645,18,+14015005130,incoming,20201223,161645,19295385476
+33458005709,20201223161737,108,+14015005130,incoming,20201223,161737,19295401182
+33458005709,20201223164507,13,+33769666985,transfert,20201223,164507,19295590981
+33458005709,20201223172015,0,+14015005130,miss,20201223,172015,19295808777
+33458005709,20201223172032,1147,+14015005130,incoming,20201223,172032,19295910939
+33458005709,20201224092946,14,+33650828798,transfert,20201224,092946,19296681137
+33458005709,20201224103232,430,+33554530307,incoming,20201224,103232,19297148971
+33458005709,20201224142357,4,+33608106241,transfert,20201224,142357,19298159130
+33458005709,20201224143400,3,+33608106241,transfert,20201224,143400,19298207952
+33458005709,20201224153829,3,+33608106241,transfert,20201224,153829,19298497139
+33458001861,20201201183820,0,+33609061958,miss,20201201,183820,19204910913
+33458001861,20201202090950,35,+33476844790,incoming,20201202,090950,19205490692
+33458001861,20201202144349,16,+33476249663,transfert,20201202,144349,19208323882
+33458001861,20201204101427,302,+33476580988,incoming,20201204,101427,19216565561
+33458001861,20201204141805,68,+33476234349,incoming,20201204,141805,19218435143
+33458001861,20201208094946,109,+33475818416,incoming,20201208,094946,19229316186
+33458001861,20201210085348,30,+33438021484,incoming,20201210,085348,19239694687
+33458001861,20201210160945,31,anonymous,incoming,20201210,160945,19243638720
+33458001861,20201211091923,29,+33685859465,transfert,20201211,091923,19245304698
+33458001861,20201214150347,41,+33476668548,incoming,20201214,150347,19255981194
+33458001861,20201218093540,56,+33467068029,incoming,20201218,093540,19275160489
+33458001861,20201218133738,9,+33476918446,transfert,20201218,133738,19277183275
+33458001861,20201221141856,11,+33475818433,transfert,20201221,141856,19284821105
+33458001861,20201221142004,81,+33475818433,incoming,20201221,142004,19284845743
+33458001003,20201201142654,0,+33458005730,miss,20201201,142654,19202813769
+33458001003,20201201142709,573,+33458005730,incoming,20201201,142709,19202914486
+33458005707,20201201090429,6,+22625325065,incoming,20201201,090429,19199951665
+33458005707,20201201092450,39,+33632660386,incoming,20201201,092450,19200149106
+33458005707,20201201101610,138,+33687344651,incoming,20201201,101610,19200733696
+33458005707,20201201103159,171,+33540713490,incoming,20201201,103159,19200930424
+33458005707,20201201140956,37,+33611015638,incoming,20201201,140956,19202632895
+33458005707,20201201153750,35,+33385842116,incoming,20201201,153750,19203560786
+33458005707,20201201154348,9,+33667572777,incoming,20201201,154348,19203616599
+33458005707,20201201154420,12,+33667572777,incoming,20201201,154420,19203624468
+33458005707,20201201153019,1337,+33611015638,incoming,20201201,153019,19203703846
+33458005707,20201201162417,75,+33684831849,incoming,20201201,162417,19204037288
+33458005707,20201201162707,202,+33652831666,incoming,20201201,162707,19204086333
+33458005707,20201201164427,70,+33684831849,incoming,20201201,164427,19204229029
+33458005707,20201202090710,16,anonymous,incoming,20201202,090710,19205464666
+33458005707,20201202093453,10,+33553672626,transfert,20201202,093453,19205723076
+33458005707,20201202093230,358,+33667572777,incoming,20201202,093230,19205754276
+33458005707,20201202095626,604,+33667572777,incoming,20201202,095626,19206054434
+33458005707,20201202101256,6,+33603693302,transfert,20201202,101256,19206129663
+33458005707,20201202101158,193,+33783696554,incoming,20201202,101158,19206150366
+33458005707,20201202102207,143,anonymous,incoming,20201202,102207,19206263014
+33458005707,20201202102935,207,+33603693302,incoming,20201202,102935,19206361280
+33458005707,20201202111342,14,+390577309312,transfert,20201202,111342,19206813090
+33458005707,20201202114455,100,+33487931488,incoming,20201202,114455,19207159562
+33458005707,20201202114919,102,+33254745426,incoming,20201202,114919,19207209419
+33458005707,20201202140017,0,anonymous,miss,20201202,140017,19207891203
+33458005707,20201202140922,268,anonymous,incoming,20201202,140922,19208019965
+33458005707,20201202141429,107,+390577309312,incoming,20201202,141429,19208043753
+33458005707,20201202143346,8,+33760898150,transfert,20201202,143346,19208221108
+33458005707,20201202143440,5,+33760898150,transfert,20201202,143440,19208229759
+33458005707,20201202144022,4,+33603693302,transfert,20201202,144022,19208288690
+33458005707,20201202144714,18,+32477377633,transfert,20201202,144714,19208356835
+33458005707,20201202143923,640,+33760898150,incoming,20201202,143923,19208377535
+33458005707,20201202145632,179,+32477377633,incoming,20201202,145632,19208467312
+33458005707,20201202170445,308,+33456585800,incoming,20201202,170445,19209658226
+33458005707,20201202175904,322,+33427180240,incoming,20201202,175904,19209970521
+33458005707,20201203090310,9,+41796851291,transfert,20201203,090310,19210590803
+33458005707,20201203090532,12,+390577309312,transfert,20201203,090532,19210609174
+33458005707,20201203090621,6,+41796851291,transfert,20201203,090621,19210615730
+33458005707,20201203090937,7,+390577309312,transfert,20201203,090937,19210641004
+33458005707,20201203091801,247,+390577309312,incoming,20201203,091801,19210746527
+33458005707,20201203103456,137,+33685675495,incoming,20201203,103456,19211542762
+33458005707,20201203114824,137,+34919051048,incoming,20201203,114824,19212345335
+33458005707,20201203142917,303,+33760898150,incoming,20201203,142917,19213385965
+33458005707,20201203160911,133,+33456141963,incoming,20201203,160911,19214348830
+33458005707,20201203174520,239,+33388207700,incoming,20201203,174520,19215109728
+33458005707,20201204093114,96,+33243988560,incoming,20201204,093114,19216081279
+33458005707,20201204145205,10,+33240478823,transfert,20201204,145205,19218762757
+33458005707,20201204145254,10,+33240478823,transfert,20201204,145254,19218770934
+33458005707,20201204145924,6,+33240478823,transfert,20201204,145924,19218833314
+33458005707,20201204150012,13,+33380240187,transfert,20201204,150012,19218839599
+33458005707,20201204150113,6,+33380240187,transfert,20201204,150113,19218849461
+33458005707,20201204155306,31,+33243466467,incoming,20201204,155306,19219350729
+33458005707,20201204165444,264,+33663028659,incoming,20201204,165444,19219890276
+33458005707,20201204175825,18,+33679506490,incoming,20201204,175825,19220224167
+33458005707,20201207105548,39,+971581078497,incoming,20201207,105548,19224356614
+33458005707,20201207111046,80,+33427180240,incoming,20201207,111046,19224547506
+33458005707,20201207144332,72,+33663028659,incoming,20201207,144332,19226265790
+33458005707,20201207154437,100,+33663028659,incoming,20201207,154437,19226950373
+33458005707,20201207165419,91,+33626890051,incoming,20201207,165419,19227659205
+33458005707,20201207165658,145,+33626890051,incoming,20201207,165658,19227692344
+33458005707,20201208090804,66,+33427180240,incoming,20201208,090804,19228861129
+33458005707,20201208100647,36,+33456141963,incoming,20201208,100647,19229495376
+33458005707,20201208102503,47,+33620753647,incoming,20201208,102503,19229728892
+33458005707,20201208103635,11,+33611814766,transfert,20201208,103635,19229863059
+33458005707,20201208114433,85,+971528335798,incoming,20201208,114433,19230699672
+33458005707,20201208155854,100,+33385981600,incoming,20201208,155854,19232824774
+33458005707,20201208160714,9,+33632660386,transfert,20201208,160714,19232897819
+33458005707,20201208161422,33,+590690619944,incoming,20201208,161422,19232970900
+33458005707,20201208175008,5,+33647840983,transfert,20201208,175008,19233792095
+33458005707,20201209092724,119,+33607426837,incoming,20201209,092724,19234739455
+33458005707,20201209100134,307,+33632660386,incoming,20201209,100134,19235124613
+33458005707,20201209110147,12,+33475371657,transfert,20201209,110147,19235767070
+33458005707,20201209105913,184,+33760898150,incoming,20201209,105913,19235769417
+33458005707,20201209111622,151,+971581078497,incoming,20201209,111622,19235952187
+33458005707,20201209113946,596,+33760898150,incoming,20201209,113946,19236304101
+33458005707,20201209141300,137,+33663028659,incoming,20201209,141300,19237192255
+33458005707,20201209141909,0,+33682525500,miss,20201209,141909,19237230594
+33458005707,20201209171515,332,+33786527951,incoming,20201209,171515,19238854117
+33458005707,20201210101309,915,+33622736769,incoming,20201210,101309,19240647771
+33458005707,20201210105336,243,+33687344651,incoming,20201210,105336,19240983263
+33458005707,20201210110150,167,+33676366666,incoming,20201210,110150,19241065884
+33458005707,20201210111109,52,+33687344651,incoming,20201210,111109,19241142623
+33458005707,20201210115730,4,+33607426837,incoming,20201210,115730,19241670321
+33458005707,20201210150452,372,+33664234929,incoming,20201210,150452,19243037595
+33458005707,20201210154201,44,+33607426837,incoming,20201210,154201,19243363116
+33458005707,20201210163633,27,+33254745426,incoming,20201210,163633,19243888119
+33458005707,20201210164223,117,+33647251310,incoming,20201210,164223,19243954891
+33458005707,20201210171658,64,+33646880205,incoming,20201210,171658,19244241547
+33458005707,20201210173457,86,+33627262678,incoming,20201210,173457,19244365848
+33458005707,20201211083212,6,+33476960350,incoming,20201211,083212,19245024460
+33458005707,20201211100438,338,+33622712457,incoming,20201211,100438,19245826506
+33458005707,20201211104009,47,+33685492291,incoming,20201211,104009,19246176820
+33458005707,20201211115620,659,+33374590034,incoming,20201211,115620,19247127494
+33458005707,20201211140314,180,+33607426837,incoming,20201211,140314,19247770177
+33458005707,20201211140656,9,+212612868138,transfert,20201211,140656,19247785323
+33458005707,20201211140753,147,+212612868138,incoming,20201211,140753,19247818928
+33458005707,20201211141619,46,+33664234929,incoming,20201211,141619,19247888796
+33458005707,20201211143029,185,+33660492250,incoming,20201211,143029,19248062981
+33458005707,20201211152410,69,+33258090094,incoming,20201211,152410,19248595593
+33458005707,20201211170052,24,+33258090094,transfert,20201211,170052,19249476525
+33458005707,20201211170211,16,+33258090094,transfert,20201211,170211,19249484999
+33458005707,20201214093332,6,+33622736769,incoming,20201214,093332,19252851733
+33458005707,20201214101619,186,+33631547015,incoming,20201214,101619,19253402988
+33458005707,20201214104444,812,+33650828798,incoming,20201214,104444,19253875364
+33458005707,20201214114517,108,+33670727835,incoming,20201214,114517,19254460136
+33458005707,20201214140950,88,+33231062020,incoming,20201214,140950,19255395353
+33458005707,20201214145449,69,+33630152851,incoming,20201214,145449,19255890404
+33458005707,20201214150523,42,+33476444492,incoming,20201214,150523,19255998419
+33458005707,20201214150916,147,+33231062020,incoming,20201214,150916,19256057639
+33458005707,20201214151333,51,+33231062020,incoming,20201214,151333,19256086219
+33458005707,20201214152401,600,+33681365244,incoming,20201214,152401,19256296791
+33458005707,20201215094502,116,+33344927100,incoming,20201215,094502,19258728394
+33458005707,20201215101637,196,+41795042424,incoming,20201215,101637,19259133492
+33458005707,20201215105120,134,+33231062020,incoming,20201215,105120,19259564572
+33458005707,20201215110554,6,+33664191086,incoming,20201215,110554,19259715570
+33458005707,20201215111359,196,+33644276157,incoming,20201215,111359,19259848222
+33458005707,20201215114102,92,+33612772780,incoming,20201215,114102,19260157278
+33458005707,20201215143107,5,+33687344651,incoming,20201215,143107,19261343240
+33458005707,20201215145639,60,+33258090094,incoming,20201215,145639,19261631816
+33458005707,20201215164604,274,+33687344651,incoming,20201215,164604,19262821829
+33458005707,20201215165807,93,+33613161148,incoming,20201215,165807,19262905608
+33458005707,20201215175420,7,+33609925333,incoming,20201215,175420,19263322345
+33458005707,20201215175503,4,+33609925333,incoming,20201215,175503,19263325031
+33458005707,20201216094853,6,+33374590034,incoming,20201216,094853,19264486305
+33458005707,20201216095129,620,+33374590034,incoming,20201216,095129,19264621972
+33458005707,20201216100250,51,+33232744872,incoming,20201216,100250,19264643143
+33458005707,20201216104858,126,+33476234343,incoming,20201216,104858,19265193441
+33458005707,20201216110346,12,+33231062020,incoming,20201216,110346,19265336804
+33458005707,20201216112831,3,+33476234343,incoming,20201216,112831,19265629970
+33458005707,20201216113854,7,+33476234343,incoming,20201216,113854,19265745207
+33458005707,20201216114601,13,+33232744872,incoming,20201216,114601,19265827593
+33458005707,20201216143643,54,+262262518357,incoming,20201216,143643,19266994539
+33458005707,20201216150804,140,+33609925333,incoming,20201216,150804,19267324714
+33458005707,20201216151436,124,+33670716902,incoming,20201216,151436,19267385598
+33458005707,20201216162925,3,+33650828798,incoming,20201216,162925,19268074309
+33458005707,20201216163017,12,+33650828798,incoming,20201216,163017,19268084506
+33458005707,20201216163530,30,+33650828798,incoming,20201216,163530,19268128932
+33458005707,20201216163934,85,+33231062020,incoming,20201216,163934,19268173365
+33458005707,20201216170412,0,+33650828798,miss,20201216,170412,19268366734
+33458005707,20201217092834,28,+33609945810,incoming,20201217,092834,19269681881
+33458005707,20201217093718,7,+33611804741,incoming,20201217,093718,19269775411
+33458005707,20201217094209,41,+33233431601,incoming,20201217,094209,19269843156
+33458005707,20201217094506,6,+33622736769,incoming,20201217,094506,19269871593
+33458005707,20201217095100,7,+33622736769,incoming,20201217,095100,19269939243
+33458005707,20201217095221,4,+33650828798,incoming,20201217,095221,19269955149
+33458005707,20201217100258,5,+33233431601,incoming,20201217,100258,19270093416
+33458005707,20201217112942,0,+33650828798,miss,20201217,112942,19270834930
+33458005707,20201217105856,263,+33231062020,incoming,20201217,105856,19271139799
+33458005707,20201217103110,3,+33650828798,incoming,20201217,103110,19271141651
+33458005707,20201217150451,513,+33650828798,incoming,20201217,150451,19271950784
+33458005707,20201217155845,250,+33650828798,incoming,20201217,155845,19272442931
+33458005707,20201217161921,98,+33615993463,incoming,20201217,161921,19272615066
+33458005707,20201218090834,488,+61475285390,incoming,20201218,090834,19274962633
+33458005707,20201218100550,176,+41795042424,incoming,20201218,100550,19275495178
+33458005707,20201218101502,238,+33620032032,incoming,20201218,101502,19275611345
+33458005707,20201218142218,134,+3256260680,incoming,20201218,142218,19277526319
+33458005707,20201218150500,390,+33652394331,incoming,20201218,150500,19277975509
+33458005707,20201218161004,281,+33622736769,incoming,20201218,161004,19278541748
+33458005707,20201218162750,243,+33682673031,incoming,20201218,162750,19278684048
+33458005707,20201218165136,364,+33254745426,incoming,20201218,165136,19278885550
+33458005707,20201221091027,3,+33607426837,incoming,20201221,091027,19282134073
+33458005707,20201221091058,43,+33607426837,incoming,20201221,091058,19282143900
+33458005707,20201221091202,14,+352621161614,incoming,20201221,091202,19282154555
+33458005707,20201221091409,60,+352621161614,incoming,20201221,091409,19282179988
+33458005707,20201221092205,243,+34659874072,incoming,20201221,092205,19282293242
+33458005707,20201221093519,8,+33607426837,incoming,20201221,093519,19282389755
+33458005707,20201221095504,73,+33388159700,incoming,20201221,095504,19282607227
+33458005707,20201221101423,30,+33699299897,incoming,20201221,101423,19282815540
+33458005707,20201221102619,6,+33652394331,incoming,20201221,102619,19282954696
+33458005707,20201221102604,74,+33554530307,incoming,20201221,102604,19282957997
+33458005707,20201221105156,7,+33632548624,incoming,20201221,105156,19283229088
+33458005707,20201221104813,628,+436508446340,incoming,20201221,104813,19283304524
+33458005707,20201221110954,2,+33652394331,incoming,20201221,110954,19283432716
+33458005707,20201221110906,651,+33556466800,incoming,20201221,110906,19283543401
+33458005707,20201221113411,69,+33648794510,incoming,20201221,113411,19283716442
+33458005707,20201221114956,13,+971528335798,incoming,20201221,114956,19283884010
+33458005707,20201221140404,4,+33607426837,incoming,20201221,140404,19284666636
+33458005707,20201221140520,8,+33607426837,incoming,20201221,140520,19284675354
+33458005707,20201221140313,246,+33652394331,incoming,20201221,140313,19284695040
+33458005707,20201221141041,2,+33607426837,incoming,20201221,141041,19284732626
+33458005707,20201221141721,2,+33607426837,incoming,20201221,141721,19284802373
+33458005707,20201221140917,638,+33767671109,incoming,20201221,140917,19284826990
+33458005707,20201221142022,0,+33607426837,miss,20201221,142022,19284831195
+33458005707,20201221142803,323,+33607426837,incoming,20201221,142803,19284961444
+33458005707,20201221145629,104,+33675890059,incoming,20201221,145629,19285207697
+33458005707,20201221154441,96,+33675890059,incoming,20201221,154441,19285670506
+33458005707,20201221155150,1,+33607262077,incoming,20201221,155150,19285720450
+33458005707,20201221160025,132,+33607262077,incoming,20201221,160025,19285822042
+33458005707,20201221173724,85,+33660770402,incoming,20201221,173724,19286571994
+33458005707,20201222100720,8,+33687344651,transfert,20201222,100720,19287878196
+33458005707,20201222100701,396,+33556466800,incoming,20201222,100701,19287939764
+33458005707,20201222102056,70,+33687344651,incoming,20201222,102056,19288027994
+33458005707,20201222115353,7,+33636808097,transfert,20201222,115353,19288978790
+33458005707,20201222115949,5,+33231069898,transfert,20201222,115949,19289033351
+33458005707,20201222163230,146,+22228225822,incoming,20201222,163230,19291007977
+33458005707,20201223090408,4,+33789614820,transfert,20201223,090408,19292166643
+33458005707,20201223090954,5,+33789614820,transfert,20201223,090954,19292205405
+33458005707,20201223091401,8,+33682525500,transfert,20201223,091401,19292237128
+33458005707,20201223092723,4,+33682525500,transfert,20201223,092723,19292340739
+33458005707,20201223093429,1132,+33789614820,incoming,20201223,093429,19292558146
+33458005707,20201223105211,524,+33632548624,incoming,20201223,105211,19293197021
+33458005707,20201223142032,11,+33613330210,incoming,20201223,142032,19294473796
+33458005707,20201223142538,35,+33613330210,incoming,20201223,142538,19294516092
+33458005707,20201223151224,9,+33326474151,incoming,20201223,151224,19294890550
+33458005707,20201223153158,91,+33675133147,incoming,20201223,153158,19295059650
+33458005707,20201223153515,141,+33616940464,incoming,20201223,153515,19295091491
+33458005707,20201224082012,8,+971528335798,incoming,20201224,082012,19296430685
+33458005707,20201224114320,46,+33681878470,incoming,20201224,114320,19297593804