phoneLine,datetime,duration,callingNumber,nature,date,time,idkey
+33458005730,20181130180234,421,+33611174432,transfert,20181130,180234,15498100170
+33458005730,20181130172328,544,+33686036353,transfert,20181130,172328,15497916495
+33458005730,20181130165617,385,+33611174432,transfert,20181130,165617,15497715689
+33458005730,20181130155508,783,+33611174432,transfert,20181130,155508,15497316054
+33458005730,20181130155026,149,+447880252769,transfert,20181130,155026,15497186175
+33458005730,20181130143857,568,+33238700026,transfert,20181130,143857,15496648373
+33458005730,20181130140851,8,+33611174432,transfert,20181130,140851,15496319302
+33458005730,20181130123657,0,+33611174432,transfert,20181130,123657,15495879410
+33458005730,20181130122138,542,+33611174432,transfert,20181130,122138,15495857506
+33458005730,20181130121138,565,+33611174432,transfert,20181130,121138,15495813409
+33458005730,20181130115135,414,+33615621185,transfert,20181130,115135,15495683938
+33458005730,20181130115208,10,+33238700026,transfert,20181130,115208,15495640726
+33458005730,20181130115042,13,+33615621185,transfert,20181130,115042,15495625866
+33458005730,20181130114609,15,+33238700026,transfert,20181130,114609,15495588877
+33458005730,20181130111213,1359,+33648080623,transfert,20181130,111213,15495483389
+33458005730,20181129165050,1191,+33660777976,transfert,20181129,165050,15491964878
+33458005730,20181129165132,0,+33384372351,transfert,20181129,165132,15491821339
+33458005730,20181129122520,117,+33616863377,transfert,20181129,122520,15489933448
+33458005730,20181129122121,37,+33616863377,transfert,20181129,122121,15489908059
+33458005730,20181129120654,747,+33616863377,transfert,20181129,120654,15489894793
+33458005730,20181129112103,215,+33761607765,transfert,20181129,112103,15489485798
+33458005730,20181129110110,452,+33549348936,transfert,20181129,110110,15489340488
+33458005730,20181129102558,435,+33648600528,transfert,20181129,102558,15489010676
+33458005730,20181128155922,125,+33973617432,transfert,20181128,155922,15485470360
+33458005730,20181128154324,452,+33608980096,transfert,20181128,154324,15485394338
+33458005730,20181128154445,11,+33973617432,transfert,20181128,154445,15485350774
+33458005730,20181128145729,440,+33695961014,transfert,20181128,145729,15485041690
+33458005730,20181128112004,111,+33141358948,transfert,20181128,112004,15483680918
+33458005730,20181128110315,880,+33673470543,transfert,20181128,110315,15483649277
+33458005730,20181127172246,140,+33472443434,transfert,20181127,172246,15480601384
+33458005730,20181127171057,84,+33472443434,transfert,20181127,171057,15480505703
+33458005730,20181127170545,5,+33472443434,transfert,20181127,170545,15480458294
+33458005730,20181127164517,285,+33494089935,transfert,20181127,164517,15480332431
+33458005730,20181127163516,9,+33472443434,transfert,20181127,163516,15480211915
+33458005730,20181127162048,4,+33472443434,transfert,20181127,162048,15480092534
+33458005730,20181127161809,8,+33472443434,transfert,20181127,161809,15480073097
+33458005730,20181127161408,60,+33472443434,transfert,20181127,161408,15480046127
+33458005730,20181127155452,92,+33185083636,transfert,20181127,155452,15479885055
+33458005730,20181127152544,1564,+33607559403,transfert,20181127,152544,15479843488
+33458005730,20181127153940,20,+212522231313,transfert,20181127,153940,15479742915
+33458005730,20181127144112,64,+33671764653,transfert,20181127,144112,15479219048
+33458005730,20181127140551,85,+33667642922,transfert,20181127,140551,15478902239
+33458005730,20181127120831,394,+33620465637,transfert,20181127,120831,15478352107
+33458005730,20181127120732,12,+33673460704,transfert,20181127,120732,15478312239
+33458005730,20181127095927,207,+33185083636,transfert,20181127,095927,15477143309
+33458005730,20181127091349,131,+33681264060,transfert,20181127,091349,15476682177
+33458005730,20181127090737,261,+33671764653,transfert,20181127,090737,15476650606
+33458005730,20181126120251,601,+33565591003,transfert,20181126,120251,15472051447
+33458005730,20181126115048,15,+33620645326,transfert,20181126,115048,15471902375
+33458005730,20181126110707,334,+33615621185,transfert,20181126,110707,15471548639
+33458005730,20181126102903,48,+33632660386,transfert,20181126,102903,15471145426
+33458005730,20181126101115,473,+33632660386,transfert,20181126,101115,15471041202
+33458005730,20181126100123,85,+33388180885,transfert,20181126,100123,15470876809
+33458005730,20181123141729,55,+33130125433,transfert,20181123,141729,15460272926
+33458005730,20181123140324,27,+33673460704,transfert,20181123,140324,15460157412
+33458005730,20181123110719,310,+33297010428,transfert,20181123,110719,15459260160
+33458005730,20181122171826,43,+33769494028,transfert,20181122,171826,15456364194
+33458005730,20181122113343,442,+33769494028,transfert,20181122,113343,15453960491
+33458005730,20181122113206,117,+33761607765,transfert,20181122,113206,15453892358
+33458005730,20181122113255,11,+33769494028,transfert,20181122,113255,15453891223
+33458005730,20181122113024,43,+33682225629,transfert,20181122,113024,15453870684
+33458005730,20181122111126,71,+33679223978,transfert,20181122,111126,15453693189
+33458005730,20181122110939,70,+33679223978,transfert,20181122,110939,15453676867
+33458005730,20181122094029,719,+33650556381,transfert,20181122,094029,15452921465
+33458005730,20181121145008,266,+334437256039,transfert,20181121,145008,15449407190
+33458005730,20181121111903,372,+33667642922,transfert,20181121,111903,15448143131
+33458005730,20181121112238,73,+33769494028,transfert,20181121,112238,15448133447
+33458005730,20181121105054,1517,+334437256039,transfert,20181121,105054,15448061348
+33458005730,20181121105816,18,+33494089935,transfert,20181121,105816,15447904089
+33458005730,20181120172456,14,+33609463209,transfert,20181120,172456,15444875726
+33458005730,20181120143622,86,+33616238436,transfert,20181120,143622,15443486359
+33458005730,20181120142521,482,+33616238436,transfert,20181120,142521,15443451467
+33458005730,20181120134757,392,+41799459951,transfert,20181120,134757,15443124857
+33458005730,20181120120002,149,+33296413145,transfert,20181120,120002,15442631580
+33458005730,20181120110915,607,+41213458031,transfert,20181120,110915,15442220542
+33458005730,20181120105555,603,+33629110064,transfert,20181120,105555,15442096019
+33458005730,20181119170356,12,+33130125433,transfert,20181119,170356,15438644493
+33458005730,20181119164947,6,+33673460704,transfert,20181119,164947,15438529968
+33458005730,20181119160545,179,+352661222243,transfert,20181119,160545,15438195236
+33458005730,20181119144056,167,+33649246966,transfert,20181119,144056,15437445294
+33458005730,20181119115812,180,+33298619863,transfert,20181119,115812,15436491313
+33458005730,20181119112128,243,+4798260572,transfert,20181119,112128,15436173945
+33458005730,20181119102914,319,+33761607765,transfert,20181119,102914,15435699284
+33458005730,20181116194246,0,+33679684621,transfert,20181116,194246,15426559553
+33458005730,20181116175404,85,+33494089917,transfert,20181116,175404,15426151145
+33458005730,20181116160636,8,+33687346659,transfert,20181116,160636,15425431458
+33458005730,20181116160602,0,+33130125433,transfert,20181116,160602,15425425303
+33458005730,20181116160448,7,+33687346659,transfert,20181116,160448,15425416531
+33458005730,20181116155139,180,+33620645326,transfert,20181116,155139,15425341006
+33458005730,20181116142039,210,+33769494028,transfert,20181116,142039,15424574985
+33458005730,20181116134820,12,+33184234160,transfert,20181116,134820,15424292512
+33458005730,20181116114515,638,+41788784966,transfert,20181116,114515,15423774695
+33458005730,20181116113038,18,+33130125433,transfert,20181116,113038,15423564284
+33458005730,20181116112651,116,+33130125433,transfert,20181116,112651,15423545585
+33458005730,20181116080205,12,+41788784966,transfert,20181116,080205,15422111253
+33458005730,20181115163432,932,+33649371808,transfert,20181115,163432,15420089400
+33458005730,20181115160700,218,+33615941791,transfert,20181115,160700,15419803281
+33458005730,20181115153614,64,+33468867297,transfert,20181115,153614,15419516827
+33458005730,20181115150118,172,+33787455168,transfert,20181115,150118,15419238827
+33458005730,20181115105550,352,+33442328801,transfert,20181115,105550,15417637526
+33458005730,20181115104823,314,+33660505934,transfert,20181115,104823,15417557430
+33458005730,20181115090701,193,+33610376311,transfert,20181115,090701,15416659214
+33458005730,20181114173234,118,+33559929876,transfert,20181114,173234,15414528581
+33458005730,20181114171130,468,+33141358948,transfert,20181114,171130,15414437467
+33458005730,20181114162110,313,+33673460704,transfert,20181114,162110,15414046156
+33458005730,20181114161229,57,+33559929876,transfert,20181114,161229,15413941179
+33458005730,20181114160356,253,anonymous,transfert,20181114,160356,15413899410
+33458005730,20181114154619,129,+33610376311,transfert,20181114,154619,15413745468
+33458005730,20181114154514,8,+33559929876,transfert,20181114,154514,15413721421
+33458005730,20181114154135,13,+33559929876,transfert,20181114,154135,15413694396
+33458005730,20181114153827,44,+33673460704,transfert,20181114,153827,15413673524
+33458005730,20181114135755,319,+33559929876,transfert,20181114,135755,15412895386
+33458005730,20181114135236,13,+33559929876,transfert,20181114,135236,15412827762
+33458005730,20181114114622,71,+33681186051,transfert,20181114,114622,15412257150
+33458005730,20181114094030,43,+33607559403,transfert,20181114,094030,15411155139
+33458005730,20181113175336,912,+33615060615,transfert,20181113,175336,15409103324
+33458005730,20181113155348,417,+33490455072,transfert,20181113,155348,15408235439
+33458005730,20181113144633,20,+33679684621,transfert,20181113,144633,15407544033
+33458005730,20181113113539,344,+33490455072,transfert,20181113,113539,15406418691
+33458005730,20181113112853,90,+33468867297,transfert,20181113,112853,15406319375
+33458005730,20181113112218,71,+33615060615,transfert,20181113,112218,15406255449
+33458005730,20181112155855,366,+33698084399,transfert,20181112,155855,15401960426
+33458005730,20181112154816,590,+33555361373,transfert,20181112,154816,15401895209
+33458005730,20181112154025,204,+33244276113,transfert,20181112,154025,15401758673
+33458005730,20181112141038,725,+33633268610,transfert,20181112,141038,15400976076
+33458005730,20181112131742,53,+33633268610,transfert,20181112,131742,15400557912
+33458005730,20181112103752,225,+33299423758,transfert,20181112,103752,15399388200
+33458005730,20181109154435,202,+33666495386,transfert,20181109,154435,15389247101
+33458005730,20181109153853,3,+33666495386,transfert,20181109,153853,15389169462
+33458005730,20181109153718,4,+33666495386,transfert,20181109,153718,15389155315
+33458005730,20181109152638,225,+33141864124,transfert,20181109,152638,15389095246
+33458005730,20181109152528,70,+33666495386,transfert,20181109,152528,15389059487
+33458005730,20181109151025,584,+33666495386,transfert,20181109,151025,15389003379
+33458005730,20181109145741,10,+33666495386,transfert,20181109,145741,15388803777
+33458005730,20181109141820,123,+33666495386,transfert,20181109,141820,15388476545
+33458005730,20181109095204,951,+33320817672,transfert,20181109,095204,15386817444
+33458005730,20181109094304,360,+33388180885,transfert,20181109,094304,15386633611
+33458005730,20181109085204,527,+33676559014,transfert,20181109,085204,15386257380
+33458005730,20181108140916,825,+32477708994,transfert,20181108,140916,15382977032
+33458005730,20181108113004,40,+33616758190,transfert,20181108,113004,15382004619
+33458005730,20181107120454,0,+33650598919,transfert,20181107,120454,15376596920
+33458005730,20181107120432,0,+33650598919,transfert,20181107,120432,15376594799
+33458005730,20181107120355,0,+33676432999,transfert,20181107,120355,15376589326
+33458005709,20181130180234,421,+33611174432,incoming,20181130,180234,15498100144
+33458005709,20181130165617,385,+33611174432,incoming,20181130,165617,15497715660
+33458005709,20181130155508,783,+33611174432,incoming,20181130,155508,15497315945
+33458005709,20181130155026,149,+447880252769,incoming,20181130,155026,15497186284
+33458005709,20181130140851,8,+33611174432,transfert,20181130,140851,15496319346
+33458005709,20181130123657,0,+33611174432,miss,20181130,123657,15495879428
+33458005709,20181130122138,542,+33611174432,incoming,20181130,122138,15495857413
+33458005709,20181130121138,565,+33611174432,incoming,20181130,121138,15495813481
+33458005709,20181130115135,414,+33615621185,incoming,20181130,115135,15495683784
+33458005709,20181130115042,13,+33615621185,transfert,20181130,115042,15495625909
+33458005709,20181129112103,215,+33761607765,incoming,20181129,112103,15489486044
+33458005709,20181129102558,435,+33648600528,incoming,20181129,102558,15489010602
+33458005709,20181128145729,440,+33695961014,incoming,20181128,145729,15485041473
+33458005709,20181128142616,35,+33607050453,incoming,20181128,142616,15484731600
+33458005709,20181128141325,218,+33476078858,incoming,20181128,141325,15484650940
+33458005709,20181127172246,140,+33472443434,incoming,20181127,172246,15480601345
+33458005709,20181127171057,84,+33472443434,incoming,20181127,171057,15480505715
+33458005709,20181127170545,5,+33472443434,transfert,20181127,170545,15480458701
+33458005709,20181127163516,9,+33472443434,transfert,20181127,163516,15480211657
+33458005709,20181127161803,309,+33675890059,incoming,20181127,161803,15480110172
+33458005709,20181127162048,4,+33472443434,transfert,20181127,162048,15480092492
+33458005709,20181127161809,8,+33472443434,transfert,20181127,161809,15480073179
+33458005709,20181127161408,60,+33472443434,incoming,20181127,161408,15480046166
+33458005709,20181127144112,64,+33671764653,incoming,20181127,144112,15479219019
+33458005709,20181127140551,85,+33667642922,incoming,20181127,140551,15478902286
+33458005709,20181127120832,394,+33620465637,incoming,20181127,120832,15478352112
+33458005709,20181127120732,12,+33673460704,incoming,20181127,120732,15478312282
+33458005709,20181127090737,261,+33671764653,incoming,20181127,090737,15476650680
+33458005709,20181126110707,334,+33615621185,incoming,20181126,110707,15471548825
+33458005709,20181126100123,85,+33388180885,incoming,20181126,100123,15470876836
+33458005709,20181123140324,27,+33673460704,incoming,20181123,140324,15460157311
+33458005709,20181123110719,310,+33297010428,incoming,20181123,110719,15459260264
+33458005709,20181122153404,64800,+33769494028,incoming,20181122,153404,15458418275
+33458005709,20181122113206,117,+33761607765,incoming,20181122,113206,15453892422
+33458005709,20181122113255,11,+33769494028,transfert,20181122,113255,15453890944
+33458005709,20181122111126,71,+33679223978,incoming,20181122,111126,15453693171
+33458005709,20181122110939,70,+33679223978,incoming,20181122,110939,15453676917
+33458005709,20181122094030,719,+33650556381,incoming,20181122,094030,15452921407
+33458005709,20181121144001,628,+33675890059,incoming,20181121,144001,15449372269
+33458005709,20181121111903,372,+33667642922,incoming,20181121,111903,15448142891
+33458005709,20181120155410,92,+33616238436,incoming,20181120,155410,15444190238
+33458005709,20181120154323,114,+33616238436,incoming,20181120,154323,15444100783
+33458005709,20181120143622,86,+33616238436,incoming,20181120,143622,15443486053
+33458005709,20181120142521,482,+33616238436,incoming,20181120,142521,15443451253
+33458005709,20181119144057,167,+33649246966,incoming,20181119,144057,15437445337
+33458005709,20181119113015,79,+33675890059,incoming,20181119,113015,15436223886
+33458005709,20181119102914,319,+33761607765,incoming,20181119,102914,15435699463
+33458005709,20181116134820,12,+33184234160,transfert,20181116,134820,15424292440
+33458005709,20181116092557,3,+33458005707,incoming,20181116,092557,15422458598
+33458005709,20181115160700,218,+33615941791,incoming,20181115,160700,15419803245
+33458005709,20181115153614,64,+33468867297,incoming,20181115,153614,15419516846
+33458005709,20181115150118,172,+33787455168,incoming,20181115,150118,15419238651
+33458005709,20181115105550,352,+33442328801,incoming,20181115,105550,15417637573
+33458005709,20181115104823,314,+33660505934,incoming,20181115,104823,15417557644
+33458005709,20181114173234,118,+33559929876,incoming,20181114,173234,15414528604
+33458005709,20181114162110,313,+33673460704,incoming,20181114,162110,15414045930
+33458005709,20181114161229,57,+33559929876,transfert,20181114,161229,15413941189
+33458005709,20181114160356,253,anonymous,incoming,20181114,160356,15413899424
+33458005709,20181114154514,8,+33559929876,transfert,20181114,154514,15413721118
+33458005709,20181114154135,13,+33559929876,transfert,20181114,154135,15413694166
+33458005709,20181114135755,319,+33559929876,incoming,20181114,135755,15412895292
+33458005709,20181114135236,13,+33559929876,transfert,20181114,135236,15412827728
+33458005709,20181114114622,71,+33681186051,incoming,20181114,114622,15412257313
+33458005709,20181114094030,43,+33607559403,transfert,20181114,094030,15411155188
+33458005709,20181114093608,4,+33620032032,transfert,20181114,093608,15411111628
+33458005709,20181113155348,417,+33490455072,incoming,20181113,155348,15408236005
+33458005709,20181113141522,302,+33482300091,incoming,20181113,141522,15407301996
+33458005709,20181113113539,344,+33490455072,incoming,20181113,113539,15406417951
+33458005709,20181113112853,90,+33468867297,incoming,20181113,112853,15406319485
+33458005709,20181112161511,1090,+33620032032,incoming,20181112,161511,15402212222
+33458005709,20181112155855,366,+33698084399,incoming,20181112,155855,15401960457
+33458005709,20181112154816,590,+33555361373,incoming,20181112,154816,15401895202
+33458005709,20181112154025,204,+33244276113,incoming,20181112,154025,15401758969
+33458005709,20181112112049,926,+33490075117,incoming,20181112,112049,15399958706
+33458005709,20181112111957,26,+33620032032,incoming,20181112,111957,15399798344
+33458005709,20181112103752,225,+33299423758,incoming,20181112,103752,15399388216
+33458005709,20181109154435,202,+33666495386,incoming,20181109,154435,15389246901
+33458005709,20181109153853,3,+33666495386,transfert,20181109,153853,15389169525
+33458005709,20181109153718,4,+33666495386,transfert,20181109,153718,15389155370
+33458005709,20181109152528,70,+33666495386,incoming,20181109,152528,15389059467
+33458005709,20181109151025,584,+33666495386,incoming,20181109,151025,15389002871
+33458005709,20181109145741,10,+33666495386,transfert,20181109,145741,15388803895
+33458005709,20181109141820,123,+33666495386,incoming,20181109,141820,15388476737
+33458005709,20181109094304,360,+33388180885,incoming,20181109,094304,15386633499
+33458005709,20181109085204,527,+33676559014,incoming,20181109,085204,15386257103
+33458005709,20181108140916,825,+32477708994,incoming,20181108,140916,15382977137
+33458005709,20181108113005,40,+33616758190,incoming,20181108,113005,15382006058
+33458005709,20181107120432,0,+33650598919,miss,20181107,120432,15376594737
+33458005709,20181106170022,0,+33676432999,miss,20181106,170022,15372691939
+33458005709,20181106164914,9,+33676432999,transfert,20181106,164914,15372601793
+33458005709,20181106164358,11,+33676432999,transfert,20181106,164358,15372559174
+33458005707,20181130172328,544,+33686036353,incoming,20181130,172328,15497916485
+33458005707,20181130143857,568,+33238700026,incoming,20181130,143857,15496648463
+33458005707,20181130115208,10,+33238700026,transfert,20181130,115208,15495640758
+33458005707,20181130114609,15,+33238700026,transfert,20181130,114609,15495589075
+33458005707,20181130111213,1359,+33648080623,incoming,20181130,111213,15495483503
+33458005707,20181130101320,31,+33185083636,incoming,20181130,101320,15494733522
+33458005707,20181130100918,2,+33185083636,transfert,20181130,100918,15494694161
+33458005707,20181130100843,4,+33185083636,transfert,20181130,100843,15494682370
+33458005707,20181129165050,1191,+33660777976,incoming,20181129,165050,15491964749
+33458005707,20181129165132,0,+33384372351,miss,20181129,165132,15491821215
+33458005707,20181129122520,117,+33616863377,incoming,20181129,122520,15489933507
+33458005707,20181129122121,37,+33616863377,incoming,20181129,122121,15489908045
+33458005707,20181129120654,747,+33616863377,incoming,20181129,120654,15489894745
+33458005707,20181129110110,452,+33549348936,incoming,20181129,110110,15489340382
+33458005707,20181128171809,57,+33185083636,incoming,20181128,171809,15486007992
+33458005707,20181128155922,125,+33973617432,incoming,20181128,155922,15485470377
+33458005707,20181128154324,452,+33608980096,incoming,20181128,154324,15485394355
+33458005707,20181128154445,11,+33973617432,transfert,20181128,154445,15485350749
+33458005707,20181128143140,96,+33247361275,incoming,20181128,143140,15484791112
+33458005707,20181128112004,111,+33141358948,incoming,20181128,112004,15483680454
+33458005707,20181128110315,880,+33673470543,incoming,20181128,110315,15483649507
+33458005707,20181127164517,285,+33494089935,incoming,20181127,164517,15480332623
+33458005707,20181127155452,92,+33185083636,incoming,20181127,155452,15479885220
+33458005707,20181127152544,1564,+33607559403,incoming,20181127,152544,15479843588
+33458005707,20181127153940,20,+212522231313,transfert,20181127,153940,15479742937
+33458005707,20181127142353,134,+33185083636,incoming,20181127,142353,15479072354
+33458005707,20181127141405,6,+33185083636,transfert,20181127,141405,15478967382
+33458005707,20181127141312,3,+33185083636,transfert,20181127,141312,15478958273
+33458005707,20181127095927,207,+33185083636,incoming,20181127,095927,15477143049
+33458005707,20181127091349,131,+33681264060,incoming,20181127,091349,15476682209
+33458005707,20181126120251,601,+33565591003,incoming,20181126,120251,15472051427
+33458005707,20181126115048,15,+33620645326,incoming,20181126,115048,15471901940
+33458005707,20181126102903,48,+33632660386,incoming,20181126,102903,15471145284
+33458005707,20181126101115,473,+33632660386,incoming,20181126,101115,15471040933
+33458005707,20181123141729,55,+33130125433,incoming,20181123,141729,15460273073
+33458005707,20181122171826,43,+33769494028,incoming,20181122,171826,15456364328
+33458005707,20181122122849,559,+33682225629,incoming,20181122,122849,15454318496
+33458005707,20181122113343,442,+33769494028,incoming,20181122,113343,15453960620
+33458005707,20181122113024,43,+33682225629,transfert,20181122,113024,15453869537
+33458005707,20181122111206,67,+33494089935,incoming,20181122,111206,15453701760
+33458005707,20181122111006,19,+33494089935,transfert,20181122,111006,15453676513
+33458005707,20181122104738,51,+33644661600,incoming,20181122,104738,15453467694
+33458005707,20181122104620,37,+33644661600,incoming,20181122,104620,15453447299
+33458005707,20181121145008,266,+334437256039,incoming,20181121,145008,15449407352
+33458005707,20181121113754,1104,+33494089935,incoming,20181121,113754,15448410632
+33458005707,20181121112238,73,+33769494028,incoming,20181121,112238,15448134494
+33458005707,20181121105054,1517,+334437256039,incoming,20181121,105054,15448061885
+33458005707,20181121105816,18,+33494089935,transfert,20181121,105816,15447903583
+33458005707,20181120172456,14,+33609463209,transfert,20181120,172456,15444875972
+33458005707,20181120151408,1527,+33629110064,incoming,20181120,151408,15444049607
+33458005707,20181120152951,4,+33683457475,transfert,20181120,152951,15443961958
+33458005707,20181120152726,4,+33683457475,transfert,20181120,152726,15443938075
+33458005707,20181120134757,392,+41799459951,incoming,20181120,134757,15443124686
+33458005707,20181120124641,39,+33673460704,transfert,20181120,124641,15442846830
+33458005707,20181120120002,149,+33296413145,incoming,20181120,120002,15442631316
+33458005707,20181120110915,607,+41213458031,incoming,20181120,110915,15442220615
+33458005707,20181120105555,603,+33629110064,incoming,20181120,105555,15442096297
+33458005707,20181119170356,12,+33130125433,transfert,20181119,170356,15438644715
+33458005707,20181119165148,6,+33673460704,transfert,20181119,165148,15438545816
+33458005707,20181119164947,6,+33673460704,transfert,20181119,164947,15438529861
+33458005707,20181119161705,176,+33633268610,incoming,20181119,161705,15438291821
+33458005707,20181119160545,179,+352661222243,incoming,20181119,160545,15438195424
+33458005707,20181119115812,180,+33298619863,incoming,20181119,115812,15436491150
+33458005707,20181119112128,243,+4798260572,incoming,20181119,112128,15436173059
+33458005707,20181116194246,0,+33679684621,miss,20181116,194246,15426559548
+33458005707,20181116175404,85,+33494089917,incoming,20181116,175404,15426151134
+33458005707,20181116160636,8,+33687346659,transfert,20181116,160636,15425431480
+33458005707,20181116160602,0,+33130125433,miss,20181116,160602,15425425242
+33458005707,20181116160448,7,+33687346659,transfert,20181116,160448,15425416662
+33458005707,20181116155139,180,+33620645326,incoming,20181116,155139,15425340969
+33458005707,20181116142039,210,+33769494028,incoming,20181116,142039,15424575006
+33458005707,20181116114515,638,+41788784966,incoming,20181116,114515,15423774706
+33458005707,20181116113038,18,+33130125433,incoming,20181116,113038,15423564217
+33458005707,20181116112651,116,+33130125433,incoming,20181116,112651,15423545852
+33458005707,20181116092529,43,+33679684621,incoming,20181116,092529,15422458338
+33458005707,20181116092204,20,+33679684621,incoming,20181116,092204,15422430543
+33458005707,20181116080205,12,+41788784966,transfert,20181116,080205,15422111252
+33458005707,20181115163432,932,+33649371808,incoming,20181115,163432,15420089439
+33458005707,20181115150145,64,+33621108133,incoming,20181115,150145,15419228781
+33458005707,20181115090701,193,+33610376311,incoming,20181115,090701,15416658935
+33458005707,20181114171130,468,+33141358948,incoming,20181114,171130,15414437492
+33458005707,20181114154619,129,+33610376311,incoming,20181114,154619,15413745232
+33458005707,20181114153827,44,+33673460704,transfert,20181114,153827,15413673683
+33458005707,20181113175336,912,+33615060615,incoming,20181113,175336,15409103319
+33458005707,20181113144633,20,+33679684621,transfert,20181113,144633,15407544049
+33458005707,20181113112218,71,+33615060615,incoming,20181113,112218,15406255965
+33458005707,20181112141038,725,+33633268610,incoming,20181112,141038,15400976382
+33458005707,20181112131742,53,+33633268610,transfert,20181112,131742,15400557899
+33458005707,20181109152638,225,+33141864124,incoming,20181109,152638,15389095188
+33458005707,20181109095204,951,+33320817672,incoming,20181109,095204,15386817511
+33458005707,20181108142709,136,+33476912352,incoming,20181108,142709,15383030709
+33458005707,20181107120454,0,+33650598919,miss,20181107,120454,15376597010
+33458005707,20181107120355,0,+33676432999,miss,20181107,120355,15376589283
+33458005707,20181106164241,0,+33676432999,miss,20181106,164241,15372546424
+33458005708,20181121100339,2842,+33482300091,incoming,20181121,100339,15447831305
+33458005708,20181119150634,1783,+33686567758,incoming,20181119,150634,15437909403
+33458005708,20181107100906,67,+33621161724,incoming,20181107,100906,15375536720
+33458005708,20181106165257,0,+33676432999,miss,20181106,165257,15372632337
+33458005708,20181106164306,13,+33676432999,transfert,20181106,164306,15372550379