phoneLine,datetime,duration,callingNumber,nature,date,time,idkey
+33458005708,20190322140551,0,+33603733999,miss,20190322,140551,16099081664
+33458005708,20190312110356,1811,+33153707494,incoming,20190312,110356,16041386007
+33458005708,20190308173125,0,+33684638546,miss,20190308,173125,16022853587
+33458005708,20190308165933,250,+33684638546,incoming,20190308,165933,16022638849
+33458005730,20190329173248,0,+33247400650,transfert,20190329,173248,16140925920
+33458005730,20190329173010,4,+33247400650,transfert,20190329,173010,16140910549
+33458005730,20190329172445,0,+33247400650,transfert,20190329,172445,16140871405
+33458005730,20190329172323,5,+33247400650,transfert,20190329,172323,16140861356
+33458005730,20190329170623,613,+33247400650,transfert,20190329,170623,16140809401
+33458005730,20190329160420,258,+33613100765,transfert,20190329,160420,16140260617
+33458005730,20190329153917,130,+33651521445,transfert,20190329,153917,16140026813
+33458005730,20190329151743,367,+33442849884,transfert,20190329,151743,16139884284
+33458005730,20190329152321,2,+33686036353,transfert,20190329,152321,16139881710
+33458005730,20190329145016,11,+33442849884,transfert,20190329,145016,16139568069
+33458005730,20190329144319,2,+33686036353,transfert,20190329,144319,16139499995
+33458005730,20190329144328,11,+33442849884,transfert,20190329,144328,16139498811
+33458005730,20190329142802,5,+33686036353,transfert,20190329,142802,16139352192
+33458005730,20190329140443,397,+33442849884,transfert,20190329,140443,16139187953
+33458005730,20190329133050,49,+33637598913,transfert,20190329,133050,16138906356
+33458005730,20190329131349,4,+33686036353,transfert,20190329,131349,16138818559
+33458005730,20190329113736,267,+33603827717,transfert,20190329,113736,16138201669
+33458005730,20190329112757,242,+33681374820,transfert,20190329,112757,16138110689
+33458005730,20190329111549,508,+32477377633,transfert,20190329,111549,16138058120
+33458005730,20190329111903,35,+33631444094,transfert,20190329,111903,16138021700
+33458005730,20190329104155,4,+41786231234,transfert,20190329,104155,16137661995
+33458005730,20190329100347,499,+33603827717,transfert,20190329,100347,16137336842
+33458005730,20190329095121,188,+33677048208,transfert,20190329,095121,16137161035
+33458005730,20190329090836,237,+33677048208,transfert,20190329,090836,16136798729
+33458005730,20190329090707,4,+33677048208,transfert,20190329,090707,16136754417
+33458005730,20190329085018,27,+33677048208,transfert,20190329,085018,16136652263
+33458005730,20190329084734,18,+33677048208,transfert,20190329,084734,16136638130
+33458005730,20190328183555,9,+33695647241,transfert,20190328,183555,16134869918
+33458005730,20190328173009,629,+33684638546,transfert,20190328,173009,16134587992
+33458005730,20190328170202,29,anonymous,transfert,20190328,170202,16134289792
+33458005730,20190328154301,104,+33623664277,transfert,20190328,154301,16133565032
+33458005730,20190328153337,73,+33247400650,transfert,20190328,153337,16133461160
+33458005730,20190328150651,40,+33695647241,transfert,20190328,150651,16133214057
+33458005730,20190328144958,3,+33679778373,transfert,20190328,144958,16133041774
+33458005730,20190328144902,4,+33679778373,transfert,20190328,144902,16133031501
+33458005730,20190328144711,13,+33679778373,transfert,20190328,144711,16133016810
+33458005730,20190328141734,103,+12123838191,transfert,20190328,141734,16132760636
+33458005730,20190328131127,66,+12123838191,transfert,20190328,131127,16132358922
+33458005730,20190328103710,991,+33610070973,transfert,20190328,103710,16131333539
+33458005730,20190328101603,70,+33559122057,transfert,20190328,101603,16130968966
+33458005730,20190328094241,390,+32472684836,transfert,20190328,094241,16130672805
+33458005730,20190328094624,9,+33559122057,transfert,20190328,094624,16130645217
+33458005730,20190328094147,306,anonymous,transfert,20190328,094147,16130643825
+33458005730,20190327172834,339,+33768928025,transfert,20190327,172834,16128099013
+33458005730,20190327162432,2125,+33474215914,transfert,20190327,162432,16127847654
+33458005730,20190327135821,309,+33631444094,transfert,20190327,135821,16126254229
+33458005730,20190327123641,0,+33610070973,transfert,20190327,123641,16125868524
+33458005730,20190327114859,744,+33139622442,transfert,20190327,114859,16125678033
+33458005730,20190327112814,211,+33699253887,transfert,20190327,112814,16125384472
+33458005730,20190327094429,1598,+33685076332,transfert,20190327,094429,16124567833
+33458005730,20190327094313,665,+33677048208,transfert,20190327,094313,16124477708
+33458005730,20190327092359,1137,+33625844764,transfert,20190327,092359,16124336025
+33458005730,20190327094203,3,+33677048208,transfert,20190327,094203,16124331187
+33458005730,20190327094249,1,+33677048208,transfert,20190327,094249,16124330755
+33458005730,20190327093933,103,+33677048208,transfert,20190327,093933,16124317187
+33458005730,20190327093845,3,+33677048208,transfert,20190327,093845,16124294642
+33458005730,20190327093751,10,+33677048208,transfert,20190327,093751,16124285310
+33458005730,20190327091006,1029,+33478900619,transfert,20190327,091006,16124174399
+33458005730,20190327091613,94,+33603827717,transfert,20190327,091613,16124090191
+33458005730,20190327090933,0,+33478900619,transfert,20190327,090933,16124009600
+33458005730,20190327082827,11,+33646447403,transfert,20190327,082827,16123795864
+33458005730,20190326171752,634,+33686036353,transfert,20190326,171752,16121571130
+33458005730,20190326170420,58,+33699083649,transfert,20190326,170420,16121391602
+33458005730,20190326161957,1990,+33646447403,transfert,20190326,161957,16121291391
+33458005730,20190326164341,94,+33387258515,transfert,20190326,164341,16121218859
+33458005730,20190326160138,511,+33651521445,transfert,20190326,160138,16120905150
+33458005730,20190326155946,8,+33651521445,transfert,20190326,155946,16120815587
+33458005730,20190326155000,153,+33442657720,transfert,20190326,155000,16120751982
+33458005730,20190326144946,1404,+33387258515,transfert,20190326,144946,16120394133
+33458005730,20190326144425,655,+33695647241,transfert,20190326,144425,16120225718
+33458005730,20190326142053,219,+33240695444,transfert,20190326,142053,16119935392
+33458005730,20190326120744,1276,+33660492250,transfert,20190326,120744,16119318640
+33458005730,20190326120933,4,+33611340748,transfert,20190326,120933,16119232692
+33458005730,20190326120846,3,+33695929286,transfert,20190326,120846,16119228427
+33458005730,20190326120650,12,+33660492250,transfert,20190326,120650,16119218335
+33458005730,20190326120535,0,+33611340748,transfert,20190326,120535,16119207726
+33458005730,20190326120145,203,+33611340748,transfert,20190326,120145,16119205938
+33458005730,20190326110620,757,+33611340748,transfert,20190326,110620,16118807383
+33458005730,20190326105955,174,+33545685100,transfert,20190326,105955,16118661507
+33458005730,20190326104913,150,+33664111670,transfert,20190326,104913,16118554755
+33458005730,20190326095525,259,+33140967981,transfert,20190326,095525,16118002504
+33458005730,20190326091315,88,+41786231234,transfert,20190326,091315,16117562479
+33458005730,20190325180021,151,+33783341758,transfert,20190325,180021,16115512418
+33458005730,20190325170535,262,anonymous,transfert,20190325,170535,16115132766
+33458005730,20190325164541,129,+33783341758,transfert,20190325,164541,16114955230
+33458005730,20190325164000,4,+33666973566,transfert,20190325,164000,16114884345
+33458005730,20190325163504,12,anonymous,transfert,20190325,163504,16114841533
+33458005730,20190325161300,682,+33772236715,transfert,20190325,161300,16114749063
+33458005730,20190325161123,83,+33254382337,transfert,20190325,161123,16114643978
+33458005730,20190325161203,11,+33772236715,transfert,20190325,161203,16114640842
+33458005730,20190325154813,611,+33254382333,transfert,20190325,154813,16114513588
+33458005730,20190325140212,378,+33684313542,transfert,20190325,140212,16113498049
+33458005730,20190325121258,78,+33648544291,transfert,20190325,121258,16112888793
+33458005730,20190325120959,48,+256773897515,transfert,20190325,120959,16112866030
+33458005730,20190325120454,48,+33388209948,transfert,20190325,120454,16112832735
+33458005730,20190325113126,317,+33467967059,transfert,20190325,113126,16112571700
+33458005730,20190325112953,122,+33612062492,transfert,20190325,112953,16112523218
+33458005730,20190325113028,11,+33467967059,transfert,20190325,113028,16112511530
+33458005730,20190325105001,2253,+33680089125,transfert,20190325,105001,16112477652
+33458005730,20190325112531,18,+33467967059,transfert,20190325,112531,16112460808
+33458005730,20190325104844,19,+33680089125,transfert,20190325,104844,16112057080
+33458005730,20190325103905,238,+33698164124,transfert,20190325,103905,16111989488
+33458005730,20190325103710,108,+33661568014,transfert,20190325,103710,16111943577
+33458005730,20190325101919,452,+33235664343,transfert,20190325,101919,16111808877
+33458005730,20190325100303,202,+33623387341,transfert,20190325,100303,16111584257
+33458005730,20190325095836,4,+33661568014,transfert,20190325,095836,16111507476
+33458005730,20190325094709,487,+33254382326,transfert,20190325,094709,16111467455
+33458005730,20190325091821,458,+32475343484,transfert,20190325,091821,16111162868
+33458005730,20190325092037,44,+33235664343,transfert,20190325,092037,16111113576
+33458005730,20190322181151,397,+33698038343,transfert,20190322,181151,16101000971
+33458005730,20190322175527,338,+33467967059,transfert,20190322,175527,16100910343
+33458005730,20190322174902,38,+33698038343,transfert,20190322,174902,16100836966
+33458005730,20190322161537,10,+33633336464,transfert,20190322,161537,16100171396
+33458005730,20190322155922,208,+41792505008,transfert,20190322,155922,16100071960
+33458005730,20190322152120,8,+41788784966,transfert,20190322,152120,16099742192
+33458005730,20190322151202,9,+33472350027,transfert,20190322,151202,16099662719
+33458005730,20190322145728,565,+41275653232,transfert,20190322,145728,16099613960
+33458005730,20190322150156,29,+33603827717,transfert,20190322,150156,16099578535
+33458005730,20190322142307,295,+33490807673,transfert,20190322,142307,16099280214
+33458005730,20190322140622,486,+421915427855,transfert,20190322,140622,16099161348
+33458005730,20190322141313,1,+33603733999,transfert,20190322,141313,16099150013
+33458005730,20190322135605,5,+421915427855,transfert,20190322,135605,16099014948
+33458005730,20190322134237,10,+421915427855,transfert,20190322,134237,16098951162
+33458005730,20190322115423,303,+393408982813,transfert,20190322,115423,16098483325
+33458005730,20190322114631,0,+33603827717,transfert,20190322,114631,16098376903
+33458005730,20190322113951,419,+33607426837,transfert,20190322,113951,16098376733
+33458005730,20190322114218,278,+33613028046,transfert,20190322,114218,16098375038
+33458005730,20190322113900,17,+33607426837,transfert,20190322,113900,16098303890
+33458005730,20190322112137,445,+393408982813,transfert,20190322,112137,16098207412
+33458005730,20190322110856,174,+33675890059,transfert,20190322,110856,16098048361
+33458005730,20190322105153,347,+33669582398,transfert,20190322,105153,16097911723
+33458005730,20190322102357,122,+33607426837,transfert,20190322,102357,16097575631
+33458005730,20190322102506,12,+393408982813,transfert,20190322,102506,16097573390
+33458005730,20190322091914,613,+33629235917,transfert,20190322,091914,16097025608
+33458005730,20190321181047,1035,+33616373358,transfert,20190321,181047,16095198502
+33458005730,20190321172219,1093,+33493228023,transfert,20190321,172219,16094924998
+33458005730,20190321153340,544,+33611863952,transfert,20190321,153340,16093937740
+33458005730,20190321114702,600,+33676599748,transfert,20190321,114702,16092418906
+33458005730,20190321111709,57,+33762042885,transfert,20190321,111709,16092061390
+33458005730,20190321110620,526,+33685708650,transfert,20190321,110620,16092029185
+33458005730,20190321104227,190,+33238227525,transfert,20190321,104227,16091739524
+33458005730,20190321100144,257,+33686036353,transfert,20190321,100144,16091354449
+33458005730,20190321095903,215,+33661710890,transfert,20190321,095903,16091322407
+33458005730,20190321100054,4,+33686036353,transfert,20190321,100054,16091308029
+33458005730,20190321100010,3,+33686036353,transfert,20190321,100010,16091301775
+33458005730,20190321095821,2,+33661710890,transfert,20190321,095821,16091284367
+33458005730,20190321095419,140,+33675890059,transfert,20190321,095419,16091267611
+33458005730,20190321095518,4,+33661710890,transfert,20190321,095518,16091254636
+33458005730,20190321094432,5,+33442657720,transfert,20190321,094432,16091163473
+33458005730,20190321092504,267,+41763936511,transfert,20190321,092504,16091022347
+33458005730,20190320164222,2107,+33613028046,transfert,20190320,164222,16088471850
+33458005730,20190320170054,62,+33603827717,transfert,20190320,170054,16088329443
+33458005730,20190320163934,76,+41786231234,transfert,20190320,163934,16088133776
+33458005730,20190320163855,4,+41786231234,transfert,20190320,163855,16088119581
+33458005730,20190320160204,578,+594694937374,transfert,20190320,160204,16087889535
+33458005730,20190320154006,1482,+33610254102,transfert,20190320,154006,16087826925
+33458005730,20190320160050,15,+594694937374,transfert,20190320,160050,16087795022
+33458005730,20190320155847,14,+594694937374,transfert,20190320,155847,16087775590
+33458005730,20190320152428,1548,+33616742583,transfert,20190320,152428,16087693677
+33458005730,20190320153531,141,+33984366368,transfert,20190320,153531,16087587698
+33458005730,20190320151449,102,+33620722957,transfert,20190320,151449,16087411024
+33458005730,20190320151537,14,+33470962588,transfert,20190320,151537,16087408694
+33458005730,20190320142827,651,+33686488368,transfert,20190320,142827,16087103393
+33458005730,20190320143207,433,+41792505008,transfert,20190320,143207,16087103232
+33458005730,20190320142500,234,+41786231234,transfert,20190320,142500,16087013349
+33458005730,20190320114749,97,+33666973566,transfert,20190320,114749,16086168892
+33458005730,20190320110658,617,+34934513299,transfert,20190320,110658,16085861218
+33458005730,20190320111119,241,+447771692234,transfert,20190320,111119,16085841495
+33458005730,20190320105950,398,+33607457078,transfert,20190320,105950,16085749664
+33458005730,20190320110552,6,+34934513299,transfert,20190320,110552,16085749544
+33458005730,20190320110359,6,+33609169071,transfert,20190320,110359,16085732259
+33458005730,20190320105444,363,+33616300255,transfert,20190320,105444,16085694448
+33458005730,20190320100838,352,+33684202541,transfert,20190320,100838,16085247664
+33458005730,20190320094651,189,+33442849884,transfert,20190320,094651,16085021886
+33458005730,20190320093557,14,+33620063763,transfert,20190320,093557,16084900318
+33458005730,20190319164929,477,+33442849884,transfert,20190319,164929,16082015432
+33458005730,20190319163910,221,+33620722957,transfert,20190319,163910,16081890594
+33458005730,20190319161915,323,+33686036353,transfert,20190319,161915,16081724556
+33458005730,20190319161503,322,+33669457321,transfert,20190319,161503,16081689522
+33458005730,20190319155025,847,+33611340748,transfert,20190319,155025,16081540319
+33458005730,20190319155845,3,+33686036353,transfert,20190319,155845,16081489797
+33458005730,20190319153319,126,+34934513299,transfert,20190319,153319,16081271560
+33458005730,20190319153113,9,+34934513299,transfert,20190319,153113,16081232756
+33458005730,20190319150129,164,+33783341758,transfert,20190319,150129,16080970604
+33458005730,20190319143253,99,+33177353951,transfert,20190319,143253,16080693955
+33458005730,20190319141222,92,+33559122057,transfert,20190319,141222,16080506224
+33458005730,20190319141106,6,+33783341758,transfert,20190319,141106,16080485239
+33458005730,20190319101842,595,+33177353948,transfert,20190319,101842,16078823395
+33458005730,20190319095253,0,+41786231234,transfert,20190319,095253,16078442805
+33458005730,20190319095211,7,+41786231234,transfert,20190319,095211,16078436613
+33458005730,20190319094502,208,+41786231234,transfert,20190319,094502,16078401121
+33458005730,20190318181347,8,+33632660386,transfert,20190318,181347,16075756203
+33458005730,20190318171328,155,+41792505008,transfert,20190318,171328,16075386085
+33458005730,20190318163422,36,+33619651378,transfert,20190318,163422,16075045834
+33458005730,20190318162026,4,+41786231234,transfert,20190318,162026,16074913998
+33458005730,20190318144454,6,+33563682026,transfert,20190318,144454,16074028534
+33458005730,20190318141703,1338,+3267830185,transfert,20190318,141703,16073976929
+33458005730,20190318142017,9,+33613147652,transfert,20190318,142017,16073811999
+33458005730,20190318140823,15,+3267830185,transfert,20190318,140823,16073704392
+33458005730,20190318120536,9,+33673994859,transfert,20190318,120536,16073111377
+33458005730,20190318112114,765,+33675890059,transfert,20190318,112114,16072841786
+33458005730,20190318111738,125,+33678579738,transfert,20190318,111738,16072718925
+33458005730,20190318102302,72,+420226223030,transfert,20190318,102302,16072173408
+33458005730,20190318100837,14,+33675890059,transfert,20190318,100837,16072014431
+33458005730,20190318093955,901,+33608165380,transfert,20190318,093955,16071874843
+33458005730,20190318092818,543,+33620722957,transfert,20190318,092818,16071706828
+33458005730,20190315154505,611,+33535547427,transfert,20190315,154505,16061371269
+33458005730,20190315152922,108,+33984366368,transfert,20190315,152922,16061161525
+33458005730,20190315150120,817,+33535547427,transfert,20190315,150120,16061018220
+33458005730,20190315144824,634,+33677048208,transfert,20190315,144824,16060882236
+33458005730,20190315144238,185,+33677048208,transfert,20190315,144238,16060765756
+33458005730,20190315110626,1017,+33631444094,transfert,20190315,110626,16059439351
+33458005730,20190315111743,40,+33672892028,transfert,20190315,111743,16059398140
+33458005730,20190315105003,254,+33662417762,transfert,20190315,105003,16059160887
+33458005730,20190315104922,3,+33662417762,transfert,20190315,104922,16059111938
+33458005730,20190315102116,14,+33565690270,transfert,20190315,102116,16058831057
+33458005730,20190315094904,276,+33240695444,transfert,20190315,094904,16058544523
+33458005730,20190315095041,4,+41786231234,transfert,20190315,095041,16058516732
+33458005730,20190315094640,95,+41786231234,transfert,20190315,094640,16058490732
+33458005730,20190315093513,550,+33535547427,transfert,20190315,093513,16058454411
+33458005730,20190315090658,839,+33535547427,transfert,20190315,090658,16058232475
+33458005730,20190315091458,45,+41786231234,transfert,20190315,091458,16058189105
+33458005730,20190315085424,13,+33535547427,transfert,20190315,085424,16058042009
+33458005730,20190315082643,18,+33631444094,transfert,20190315,082643,16057921599
+33458005730,20190314160335,1756,+33478947693,transfert,20190314,160335,16055677273
+33458005730,20190314153505,1045,+3226168512,transfert,20190314,153505,16055307499
+33458005730,20190314152142,110,+33624184360,transfert,20190314,152142,16055016436
+33458005730,20190314145635,427,+41213458034,transfert,20190314,145635,16054822208
+33458005730,20190314145010,178,+33540169952,transfert,20190314,145010,16054721366
+33458005730,20190314142525,77,+33624184360,transfert,20190314,142525,16054474614
+33458005730,20190314113408,341,+33442657720,transfert,20190314,113408,16053465348
+33458005730,20190314110840,6,+33442657720,transfert,20190314,110840,16053153251
+33458005730,20190314110529,77,+33632891463,transfert,20190314,110529,16053131373
+33458005730,20190314110349,27,+33632891463,transfert,20190314,110349,16053108949
+33458005730,20190314110311,1,+33632891463,transfert,20190314,110311,16053102619
+33458005730,20190314105804,142,+33632891463,transfert,20190314,105804,16053069279
+33458005730,20190314103821,301,+33652394331,transfert,20190314,103821,16052895677
+33458005730,20190314100024,148,+41786231234,transfert,20190314,100024,16052453700
+33458005730,20190314094033,383,+33637598913,transfert,20190314,094033,16052297724
+33458005730,20190314090240,31,+33632891463,transfert,20190314,090240,16051895674
+33458005730,20190313175712,198,+33565690270,transfert,20190313,175712,16050158778
+33458005730,20190313173432,467,+33624184360,transfert,20190313,173432,16050052147
+33458005730,20190313164511,61,+33615621185,transfert,20190313,164511,16049685014
+33458005730,20190313162507,4,+33607963979,transfert,20190313,162507,16049520522
+33458005730,20190313160052,1274,+33607963979,transfert,20190313,160052,16049492577
+33458005730,20190313160815,178,+33662417762,transfert,20190313,160815,16049400997
+33458005730,20190313160737,4,+33662417762,transfert,20190313,160737,16049372675
+33458005730,20190313155655,173,+33662417762,transfert,20190313,155655,16049299598
+33458005730,20190313154256,96,+33662417762,transfert,20190313,154256,16049167547
+33458005730,20190313151426,119,+33624184360,transfert,20190313,151426,16048934835
+33458005730,20190313150010,122,+33679442085,transfert,20190313,150010,16048816026
+33458005730,20190313144742,665,+33565690270,transfert,20190313,144742,16048782496
+33458005730,20190313144257,273,+33615621185,transfert,20190313,144257,16048695996
+33458005730,20190313143832,8,+33615621185,transfert,20190313,143832,16048629828
+33458005730,20190313143645,7,+33615621185,transfert,20190313,143645,16048612168
+33458005730,20190313142556,10,+33615621185,transfert,20190313,142556,16048520069
+33458005730,20190313142441,3,+33615621185,transfert,20190313,142441,16048506868
+33458005730,20190313110203,283,+33666152198,transfert,20190313,110203,16047299149
+33458005730,20190313100036,123,+41786231234,transfert,20190313,100036,16046656630
+33458005730,20190313093605,88,+33681541196,transfert,20190313,093605,16046418725
+33458005730,20190313091653,4,+41786231234,transfert,20190313,091653,16046231424
+33458005730,20190313091604,6,+41786231234,transfert,20190313,091604,16046221656
+33458005730,20190313085845,134,+41792505008,transfert,20190313,085845,16046107258
+33458005730,20190312175023,224,+41792505008,transfert,20190312,175023,16044217015
+33458005730,20190312171832,668,+33623667424,transfert,20190312,171832,16044047674
+33458005730,20190312170317,812,+33984366368,transfert,20190312,170317,16043950693
+33458005730,20190312165936,415,+351969607732,transfert,20190312,165936,16043871681
+33458005730,20190312163039,1596,+33676599748,transfert,20190312,163039,16043795938
+33458005730,20190312164927,341,+33609169071,transfert,20190312,164927,16043776151
+33458005730,20190312164322,119,+33476862760,transfert,20190312,164322,16043689105
+33458005730,20190312163153,457,+33685771783,transfert,20190312,163153,16043635595
+33458005730,20190312163043,260,+33610254102,transfert,20190312,163043,16043597054
+33458005730,20190312163044,11,+33685771783,transfert,20190312,163044,16043555650
+33458005730,20190312151426,5,+33661710890,transfert,20190312,151426,16042907778
+33458005730,20190312145106,75,+33984366368,transfert,20190312,145106,16042708130
+33458005730,20190312143551,297,+33661710890,transfert,20190312,143551,16042584165
+33458005730,20190312142511,20,+33783690847,transfert,20190312,142511,16042426141
+33458005730,20190312141217,707,+33778248703,transfert,20190312,141217,16042415633
+33458005730,20190312141115,12,+33778248703,transfert,20190312,141115,16042296547
+33458005730,20190312140758,146,+33783690847,transfert,20190312,140758,16042287473
+33458005730,20190312140812,4,+33615621185,transfert,20190312,140812,16042267768
+33458005730,20190312140154,220,+33984366368,transfert,20190312,140154,16042241146
+33458005730,20190312140312,3,+33615621185,transfert,20190312,140312,16042221856
+33458005730,20190312134959,12,+33984366368,transfert,20190312,134959,16042135423
+33458005730,20190312131101,3,+33984366368,transfert,20190312,131101,16041962719
+33458005730,20190312122541,127,+33171182048,transfert,20190312,122541,16041807533
+33458005730,20190312115052,146,+33615621185,transfert,20190312,115052,16041584057
+33458005730,20190312115343,0,+33615621185,transfert,20190312,115343,16041583747
+33458005730,20190312114428,147,+33624979688,transfert,20190312,114428,16041520537
+33458005730,20190312114623,5,+33615621185,transfert,20190312,114623,16041516740
+33458005730,20190312114535,4,+33615621185,transfert,20190312,114535,16041509580
+33458005730,20190312113409,589,+33624979688,transfert,20190312,113409,16041489655
+33458005730,20190312111606,799,+33767336625,transfert,20190312,111606,16041336900
+33458005730,20190312111801,8,+33616315110,transfert,20190312,111801,16041227819
+33458005730,20190312111042,11,+33767336625,transfert,20190312,111042,16041159635
+33458005730,20190312105838,51,+33616517426,transfert,20190312,105838,16041041897
+33458005730,20190312104804,466,+33387896809,transfert,20190312,104804,16041002066
+33458005730,20190312105352,5,+33616517426,transfert,20190312,105352,16040981335
+33458005730,20190312103230,540,+33611340748,transfert,20190312,103230,16040851741
+33458005730,20190312102524,358,+33611340748,transfert,20190312,102524,16040747637
+33458005730,20190312101403,299,+33615621185,transfert,20190312,101403,16040618939
+33458005730,20190312095029,1089,+33387896809,transfert,20190312,095029,16040506268
+33458005730,20190312092340,1094,+33616517426,transfert,20190312,092340,16040240897
+33458005730,20190311191129,450,+33621877546,transfert,20190311,191129,16038072380
+33458005730,20190311172830,653,+33387896809,transfert,20190311,172830,16037611243
+33458005730,20190311171237,362,+33387896809,transfert,20190311,171237,16037452871
+33458005730,20190311171328,211,+33666973566,transfert,20190311,171328,16037441277
+33458005730,20190311163422,266,+33609453345,transfert,20190311,163422,16037129097
+33458005730,20190311145533,1568,+33689385413,transfert,20190311,145533,16036388304
+33458005730,20190311151108,59,+33607139180,transfert,20190311,151108,16036300487
+33458005730,20190311150458,205,+33767336625,transfert,20190311,150458,16036260285
+33458005730,20190311143127,6,+33620722957,transfert,20190311,143127,16035906637
+33458005730,20190311142219,145,+33688432460,transfert,20190311,142219,16035841075
+33458005730,20190311135919,9,+33767336625,transfert,20190311,135919,16035597384
+33458005730,20190311135805,92,+41786231234,transfert,20190311,135805,16035596281
+33458005730,20190311130347,4,+33608429394,transfert,20190311,130347,16035354944
+33458005730,20190311113331,1075,+33608429394,transfert,20190311,113331,16034986234
+33458005730,20190311111650,206,+33662417762,transfert,20190311,111650,16034558515
+33458005730,20190311103519,99,+33603827717,transfert,20190311,103519,16034111690
+33458005730,20190311100005,54,+33640384866,transfert,20190311,100005,16033688548
+33458005730,20190311095641,151,+33603827717,transfert,20190311,095641,16033665491
+33458005730,20190311093556,202,+33645015395,transfert,20190311,093556,16033495825
+33458005730,20190311093024,471,+33677048208,transfert,20190311,093024,16033472348
+33458005730,20190311093515,3,+33645015395,transfert,20190311,093515,16033461526
+33458005730,20190311091119,135,+33984366368,transfert,20190311,091119,16033264310
+33458005730,20190308174514,1411,+33684169344,transfert,20190308,174514,16023121673
+33458005730,20190308171748,1250,+33238516248,transfert,20190308,171748,16022906629
+33458005730,20190308155959,279,+41786231234,transfert,20190308,155959,16022170503
+33458005730,20190308155915,4,+41786231234,transfert,20190308,155915,16022128797
+33458005730,20190308150933,546,+33684132472,transfert,20190308,150933,16021744902
+33458005730,20190308145654,211,+34659275573,transfert,20190308,145654,16021568306
+33458005730,20190308145734,13,+33684132472,transfert,20190308,145734,16021546142
+33458005730,20190308145527,11,+34659275573,transfert,20190308,145527,16021522598
+33458005730,20190308143144,202,+33683157010,transfert,20190308,143144,16021335903
+33458005730,20190308142123,196,+33565690270,transfert,20190308,142123,16021233270
+33458005730,20190308140433,710,+33565690270,transfert,20190308,140433,16021152342
+33458005730,20190308135027,996,+33624979688,transfert,20190308,135027,16021074028
+33458005730,20190308135207,23,+33565690270,transfert,20190308,135207,16020985786
+33458005730,20190308130252,380,+4540458195,transfert,20190308,130252,16020790846
+33458005730,20190308130155,32,+4540458195,transfert,20190308,130155,16020764261
+33458005730,20190308122035,10,+41786231234,transfert,20190308,122035,16020583371
+33458005730,20190308115253,401,+33442657720,transfert,20190308,115253,16020451922
+33458005730,20190308115104,15,+33442657720,transfert,20190308,115104,16020385402
+33458005730,20190308112349,706,+33627580109,transfert,20190308,112349,16020245783
+33458005730,20190308112926,36,+33624979688,transfert,20190308,112926,16020201731
+33458005730,20190308105216,1000,+33626304782,transfert,20190308,105216,16020011430
+33458005730,20190308092403,57,+41786231234,transfert,20190308,092403,16018970945
+33458005730,20190308090118,415,+41799117378,transfert,20190308,090118,16018833578
+33458005730,20190308090523,132,+33619981661,transfert,20190308,090523,16018829879
+33458005730,20190307173741,1139,+33608844841,transfert,20190307,173741,16016425621
+33458005730,20190307165335,368,+33688432460,transfert,20190307,165335,16015977207
+33458005730,20190307154817,159,+41786231234,transfert,20190307,154817,16015320793
+33458005730,20190307140528,124,+262692913049,transfert,20190307,140528,16014404614
+33458005730,20190307095950,247,+33652130669,transfert,20190307,095950,16012609323
+33458005730,20190307094322,19,+33608429394,transfert,20190307,094322,16012393590
+33458005730,20190307092426,222,+41786231234,transfert,20190307,092426,16012254928
+33458005730,20190307081112,3,+33608429394,transfert,20190307,081112,16011831421
+33458005730,20190307081018,11,+33608429394,transfert,20190307,081018,16011829758
+33458005730,20190306173710,645,+33633219783,transfert,20190306,173710,16009750978
+33458005730,20190306173658,222,+41792505008,transfert,20190306,173658,16009709583
+33458005730,20190306173147,96,+33682694698,transfert,20190306,173147,16009656529
+33458005730,20190306172113,206,+41792505008,transfert,20190306,172113,16009592262
+33458005730,20190306162316,263,anonymous,transfert,20190306,162316,16009112010
+33458005730,20190306160729,227,+33322389353,transfert,20190306,160729,16008963400
+33458005730,20190306132932,1706,+33619981661,transfert,20190306,132932,16007742880
+33458005730,20190306131012,3,+33619981661,transfert,20190306,131012,16007525624
+33458005730,20190306123823,11,+33619981661,transfert,20190306,123823,16007387850
+33458005730,20190306101517,206,+33662417762,transfert,20190306,101517,16006188526
+33458005730,20190306100734,251,+33322389353,transfert,20190306,100734,16006120805
+33458005730,20190306100739,29,+33679684621,transfert,20190306,100739,16006080942
+33458005730,20190306080102,16,+33608429394,transfert,20190306,080102,16005211575
+33458005730,20190305184333,10,+34659275573,transfert,20190305,184333,16003704346
+33458005730,20190305171809,239,+33652394331,transfert,20190305,171809,16003233826
+33458005730,20190305154013,801,+33664794114,transfert,20190305,154013,16002425400
+33458005730,20190305150428,0,+33358931697,transfert,20190305,150428,16001949168
+33458005730,20190305145106,281,+33645015395,transfert,20190305,145106,16001861702
+33458005730,20190305135458,216,+33344878486,transfert,20190305,135458,16001308220
+33458005730,20190305113931,36,+33624184360,transfert,20190305,113931,16000545076
+33458005730,20190305102930,620,+33624184360,transfert,20190305,102930,15999943454
+33458005730,20190305102417,1,+33651486650,transfert,20190305,102417,15999784334
+33458005730,20190305102241,0,+33651486650,transfert,20190305,102241,15999761361
+33458005730,20190305102103,5,+33651486650,transfert,20190305,102103,15999744881
+33458005730,20190305102008,0,+33651486650,transfert,20190305,102008,15999739237
+33458005730,20190305101852,1,+33651486650,transfert,20190305,101852,15999724824
+33458005730,20190305101731,0,+33651486650,transfert,20190305,101731,15999710601
+33458005730,20190305101612,0,+33651486650,transfert,20190305,101612,15999693009
+33458005730,20190305101440,5,+33651486650,transfert,20190305,101440,15999680198
+33458005730,20190305101250,0,+33651486650,transfert,20190305,101250,15999657315
+33458005730,20190305101029,4,+33651486650,transfert,20190305,101029,15999638671
+33458005730,20190305100859,0,+33651486650,transfert,20190305,100859,15999615702
+33458005730,20190305100751,0,+33651486650,transfert,20190305,100751,15999606493
+33458005730,20190305100539,5,+33651486650,transfert,20190305,100539,15999581554
+33458005730,20190305100435,0,+33651486650,transfert,20190305,100435,15999572420
+33458005730,20190305100305,3,+33651486650,transfert,20190305,100305,15999556951
+33458005730,20190305100201,0,+33651486650,transfert,20190305,100201,15999548170
+33458005730,20190305100104,6,+33651486650,transfert,20190305,100104,15999534107
+33458005730,20190305095935,1,+33651486650,transfert,20190305,095935,15999523834
+33458005730,20190305095751,0,+33651486650,transfert,20190305,095751,15999501489
+33458005730,20190305095607,57,+33651486650,transfert,20190305,095607,15999495791
+33458005730,20190305095508,0,+33651486650,transfert,20190305,095508,15999474387
+33458005730,20190305095334,1,+33651486650,transfert,20190305,095334,15999455050
+33458005730,20190305095220,2,+33651486650,transfert,20190305,095220,15999441524
+33458005730,20190305095058,4,+33651486650,transfert,20190305,095058,15999426447
+33458005730,20190305094929,4,+33651486650,transfert,20190305,094929,15999410954
+33458005730,20190305094649,1,+33651486650,transfert,20190305,094649,15999381209
+33458005730,20190305094040,50,+33651486650,transfert,20190305,094040,15999314379
+33458005730,20190305093917,10,+33651486650,transfert,20190305,093917,15999295039
+33458005730,20190305091659,423,+33565690270,transfert,20190305,091659,15999131996
+33458005730,20190304183431,872,+33624184360,transfert,20190304,183431,15996834436
+33458005730,20190304182107,204,+33624184360,transfert,20190304,182107,15996723950
+33458005730,20190304181408,165,+33624184360,transfert,20190304,181408,15996685912
+33458005730,20190304173619,1413,+33663995593,transfert,20190304,173619,15996600944
+33458005730,20190304171350,532,+33540169950,transfert,20190304,171350,15996348951
+33458005730,20190304164954,718,+33776195822,transfert,20190304,164954,15996192515
+33458005730,20190304163702,1304,+33652394331,transfert,20190304,163702,15996169701
+33458005730,20190304164900,13,+33776195822,transfert,20190304,164900,15996095925
+33458005730,20190304155001,49,+33358931697,transfert,20190304,155001,15995579650
+33458005730,20190304154254,334,+447886320072,transfert,20190304,154254,15995557855
+33458005730,20190304151339,193,+33322709213,transfert,20190304,151339,15995258435
+33458005730,20190304144627,13,+33630131880,transfert,20190304,144627,15994942856
+33458005730,20190304142229,198,+33768928025,transfert,20190304,142229,15994717641
+33458005730,20190304135255,121,+32474223224,transfert,20190304,135255,15994429047
+33458005730,20190304121048,12,+33607426837,transfert,20190304,121048,15993928457
+33458005730,20190304113428,187,+33652394331,transfert,20190304,113428,15993609329
+33458005730,20190304112746,7,+33652394331,transfert,20190304,112746,15993512503
+33458005730,20190304111522,656,+33624184360,transfert,20190304,111522,15993496641
+33458005730,20190304110915,567,+33645015395,transfert,20190304,110915,15993415392
+33458005730,20190304110833,5,+33645015395,transfert,20190304,110833,15993311617
+33458005730,20190304103803,838,+33610254102,transfert,20190304,103803,15993125207
+33458005730,20190304084655,391,+33652394331,transfert,20190304,084655,15991968631
+33458005730,20190304085111,13,+41218031888,transfert,20190304,085111,15991960396
+33458005730,20190304080759,3,+33608429394,transfert,20190304,080759,15991751755
+33458005730,20190304080702,14,+33608429394,transfert,20190304,080702,15991747454
+33458005730,20190301184105,60,+33613147652,transfert,20190301,184105,15982840712
+33458005730,20190301160646,561,+33616602708,transfert,20190301,160646,15981897401
+33458005730,20190301155513,446,+33241616232,transfert,20190301,155513,15981793160
+33458005730,20190301153758,268,+33613611343,transfert,20190301,153758,15981635120
+33458005730,20190301151009,179,+33442657720,transfert,20190301,151009,15981376279
+33458005730,20190301121810,1098,+33610254102,transfert,20190301,121810,15980344965
+33458005730,20190301120034,4,+33652394331,transfert,20190301,120034,15980167356
+33458005730,20190301113246,182,+33383257575,transfert,20190301,113246,15979945130
+33458005730,20190301112715,445,+32474223224,transfert,20190301,112715,15979935180
+33458005730,20190301093653,422,+33632427099,transfert,20190301,093653,15978898334
+33458005730,20190301092927,108,+33663130055,transfert,20190301,092927,15978789068
+33458005709,20190329174617,270,+33613100240,incoming,20190329,174617,16141035865
+33458005709,20190329173248,0,+33247400650,miss,20190329,173248,16140925925
+33458005709,20190329173010,4,+33247400650,transfert,20190329,173010,16140910404
+33458005709,20190329172445,0,+33247400650,miss,20190329,172445,16140871215
+33458005709,20190329172323,5,+33247400650,transfert,20190329,172323,16140861161
+33458005709,20190329170623,613,+33247400650,incoming,20190329,170623,16140809124
+33458005709,20190329161617,158,+33681374820,incoming,20190329,161617,16140347364
+33458005709,20190329160420,258,+33613100765,incoming,20190329,160420,16140260033
+33458005709,20190329153917,130,+33651521445,incoming,20190329,153917,16140026881
+33458005709,20190329151743,367,+33442849884,incoming,20190329,151743,16139884539
+33458005709,20190329152321,2,+33686036353,transfert,20190329,152321,16139881763
+33458005709,20190329145016,11,+33442849884,transfert,20190329,145016,16139567759
+33458005709,20190329144319,2,+33686036353,transfert,20190329,144319,16139499557
+33458005709,20190329144328,11,+33442849884,transfert,20190329,144328,16139498766
+33458005709,20190329142645,492,+33637598913,incoming,20190329,142645,16139416002
+33458005709,20190329142802,5,+33686036353,transfert,20190329,142802,16139352300
+33458005709,20190329141324,31,+33637598913,incoming,20190329,141324,16139211777
+33458005709,20190329140443,397,+33442849884,incoming,20190329,140443,16139188049
+33458005709,20190329133050,49,+33637598913,transfert,20190329,133050,16138906318
+33458005709,20190329131349,4,+33686036353,transfert,20190329,131349,16138818556
+33458005709,20190329112757,242,+33681374820,incoming,20190329,112757,16138134769
+33458005709,20190329104155,4,+41786231234,transfert,20190329,104155,16137662069
+33458005709,20190329095121,188,+33677048208,incoming,20190329,095121,16137162296
+33458005709,20190329090707,4,+33677048208,transfert,20190329,090707,16136755325
+33458005709,20190329084734,18,+33677048208,transfert,20190329,084734,16136638154
+33458005709,20190328170202,29,anonymous,incoming,20190328,170202,16134289889
+33458005709,20190328154301,104,+33623664277,incoming,20190328,154301,16133565081
+33458005709,20190328153337,73,+33247400650,incoming,20190328,153337,16133461658
+33458005709,20190328144958,3,+33679778373,transfert,20190328,144958,16133041794
+33458005709,20190328144902,4,+33679778373,transfert,20190328,144902,16133031468
+33458005709,20190328144712,13,+33679778373,transfert,20190328,144712,16133015181
+33458005709,20190328101603,70,+33559122057,incoming,20190328,101603,16130968703
+33458005709,20190328094624,9,+33559122057,transfert,20190328,094624,16130645369
+33458005709,20190328094147,306,anonymous,incoming,20190328,094147,16130644077
+33458005709,20190327172442,357,+33675890059,incoming,20190327,172442,16128078625
+33458005709,20190327114859,744,+33139622442,incoming,20190327,114859,16125677812
+33458005709,20190327112814,211,+33699253887,incoming,20190327,112814,16125384626
+33458005709,20190327092359,1137,+33625844764,incoming,20190327,092359,16124335846
+33458005709,20190327094203,3,+33677048208,transfert,20190327,094203,16124331337
+33458005709,20190327093845,3,+33677048208,transfert,20190327,093845,16124294762
+33458005709,20190327093751,10,+33677048208,transfert,20190327,093751,16124284901
+33458005709,20190326171752,634,+33686036353,incoming,20190326,171752,16121571013
+33458005709,20190326170420,58,+33699083649,transfert,20190326,170420,16121391706
+33458005709,20190326164341,94,+33387258515,incoming,20190326,164341,16121219010
+33458005709,20190326160316,419,+33458005707,incoming,20190326,160316,16120903686
+33458005709,20190326160312,0,+33458005707,miss,20190326,160312,16120843803
+33458005709,20190326155946,8,+33651521445,transfert,20190326,155946,16120815667
+33458005709,20190326144946,1404,+33387258515,incoming,20190326,144946,16120394030
+33458005709,20190326120933,4,+33611340748,transfert,20190326,120933,16119232800
+33458005709,20190326120846,3,+33695929286,transfert,20190326,120846,16119228467
+33458005709,20190326120650,12,+33660492250,transfert,20190326,120650,16119218270
+33458005709,20190326120535,0,+33611340748,miss,20190326,120535,16119207623
+33458005709,20190326120145,203,+33611340748,incoming,20190326,120145,16119206031
+33458005709,20190326110620,757,+33611340748,incoming,20190326,110620,16118807436
+33458005709,20190326105955,174,+33545685100,incoming,20190326,105955,16118660193
+33458005709,20190326091621,16,+33467967059,incoming,20190326,091621,16117582135
+33458005709,20190326091315,88,+41786231234,incoming,20190326,091315,16117562988
+33458005709,20190326083904,0,+33684313542,miss,20190326,083904,16117330555
+33458005709,20190325180021,151,+33783341758,incoming,20190325,180021,16115512447
+33458005709,20190325173726,77,+33684313542,incoming,20190325,173726,16115353061
+33458005709,20190325170535,262,anonymous,incoming,20190325,170535,16115132736
+33458005709,20190325164541,129,+33783341758,incoming,20190325,164541,16114955320
+33458005709,20190325164000,4,+33666973566,transfert,20190325,164000,16114884187
+33458005709,20190325163504,12,anonymous,transfert,20190325,163504,16114841491
+33458005709,20190325153339,755,+33675890059,incoming,20190325,153339,16114407097
+33458005709,20190325120959,48,+256773897515,transfert,20190325,120959,16112866098
+33458005709,20190325120001,41,+33687670617,incoming,20190325,120001,16112795578
+33458005709,20190325113158,276,+33458005707,incoming,20190325,113158,16112576512
+33458005709,20190325113028,11,+33467967059,transfert,20190325,113028,16112511580
+33458005709,20190325112531,18,+33467967059,transfert,20190325,112531,16112460641
+33458005709,20190325111213,3,+33620722957,transfert,20190325,111213,16112317872
+33458005709,20190325103710,108,+33661568014,incoming,20190325,103710,16111943331
+33458005709,20190325095836,4,+33661568014,transfert,20190325,095836,16111507793
+33458005709,20190325095711,13,+33661568014,transfert,20190325,095711,16111492177
+33458005709,20190322175527,338,+33467967059,incoming,20190322,175527,16100910217
+33458005709,20190322172928,951,+3267830185,incoming,20190322,172928,16100810510
+33458005709,20190322171455,191,+41786231234,incoming,20190322,171455,16100639907
+33458005709,20190322171619,5,+33620722957,transfert,20190322,171619,16100631134
+33458005709,20190322160514,921,+41786231234,incoming,20190322,160514,16100205519
+33458005709,20190322155507,4,+41786231234,transfert,20190322,155507,16100013537
+33458005709,20190322155410,7,+41786231234,transfert,20190322,155410,16100006230
+33458005709,20190322152120,8,+41788784966,transfert,20190322,152120,16099742419
+33458005709,20190322151202,9,+33472350027,transfert,20190322,151202,16099663174
+33458005709,20190322150156,29,+33603827717,incoming,20190322,150156,16099578406
+33458005709,20190322142307,295,+33490807673,incoming,20190322,142307,16099280573
+33458005709,20190322140622,486,+421915427855,incoming,20190322,140622,16099161389
+33458005709,20190322135605,5,+421915427855,transfert,20190322,135605,16099015000
+33458005709,20190322134238,10,+421915427855,transfert,20190322,134238,16098951291
+33458005709,20190322115423,303,+393408982813,incoming,20190322,115423,16098483770
+33458005709,20190322114631,0,+33603827717,miss,20190322,114631,16098377201
+33458005709,20190322113951,419,+33607426837,incoming,20190322,113951,16098377144
+33458005709,20190322113900,16,+33607426837,incoming,20190322,113900,16098304812
+33458005709,20190322112137,445,+393408982813,incoming,20190322,112137,16098206381
+33458005709,20190322110743,3,+33675890059,transfert,20190322,110743,16098015688
+33458005709,20190322102357,122,+33607426837,incoming,20190322,102357,16097575165
+33458005709,20190322102506,12,+393408982813,transfert,20190322,102506,16097572678
+33458005709,20190322091526,162,+41786231234,incoming,20190322,091526,16096935666
+33458005709,20190321175330,3,+41786231234,transfert,20190321,175330,16095011992
+33458005709,20190321163922,57,+33675890059,incoming,20190321,163922,16094457949
+33458005709,20190321153340,544,+33611863952,incoming,20190321,153340,16093937510
+33458005709,20190321151101,261,+41786231234,incoming,20190321,151101,16093682906
+33458005709,20190321143000,529,+41786231234,incoming,20190321,143000,16093351519
+33458005709,20190321142833,4,+41786231234,transfert,20190321,142833,16093263523
+33458005709,20190321142720,4,+41786231234,transfert,20190321,142720,16093252283
+33458005709,20190321142646,5,+41786231234,transfert,20190321,142646,16093248390
+33458005709,20190321114702,600,+33676599748,incoming,20190321,114702,16092418556
+33458005709,20190321104227,190,+33238227525,incoming,20190321,104227,16091739895
+33458005709,20190321100054,4,+33686036353,transfert,20190321,100054,16091307615
+33458005709,20190321100010,3,+33686036353,transfert,20190321,100010,16091301118
+33458005709,20190321095821,2,+33661710890,transfert,20190321,095821,16091284394
+33458005709,20190321095518,4,+33661710890,transfert,20190321,095518,16091253563
+33458005709,20190321095259,3,+33675890059,transfert,20190321,095259,16091235276
+33458005709,20190321094720,4,+33675890059,transfert,20190321,094720,16091187115
+33458005709,20190321094632,9,+33675890059,transfert,20190321,094632,16091178362
+33458005709,20190321094432,5,+33442657720,transfert,20190321,094432,16091163336
+33458005709,20190321092504,267,+41763936511,incoming,20190321,092504,16091022831
+33458005709,20190320181117,238,+41786231234,incoming,20190320,181117,16088850975
+33458005709,20190320175729,253,+41786231234,incoming,20190320,175729,16088774995
+33458005709,20190320174530,459,+41786231234,incoming,20190320,174530,16088725154
+33458005709,20190320173844,8,+33632891463,incoming,20190320,173844,16088635748
+33458005709,20190320170054,62,+33603827717,incoming,20190320,170054,16088329653
+33458005709,20190320164857,80,+41786231234,incoming,20190320,164857,16088223308
+33458005709,20190320163621,406,+594694937374,incoming,20190320,163621,16088157927
+33458005709,20190320163855,4,+41786231234,transfert,20190320,163855,16088119595
+33458005709,20190320160204,578,+594694937374,incoming,20190320,160204,16087889449
+33458005709,20190320155818,62,+33769494028,incoming,20190320,155818,16087778151
+33458005709,20190320153531,141,+33984366368,incoming,20190320,153531,16087588223
+33458005709,20190320151449,102,+33620722957,incoming,20190320,151449,16087411498
+33458005709,20190320151537,14,+33470962588,transfert,20190320,151537,16087409001
+33458005709,20190320142500,234,+41786231234,incoming,20190320,142500,16087013436
+33458005709,20190320114749,97,+33666973566,incoming,20190320,114749,16086169032
+33458005709,20190320110658,617,+34934513299,incoming,20190320,110658,16085861612
+33458005709,20190320110552,6,+34934513299,transfert,20190320,110552,16085750212
+33458005709,20190320105950,398,+33607457078,incoming,20190320,105950,16085749790
+33458005709,20190320110359,6,+33609169071,transfert,20190320,110359,16085732365
+33458005709,20190320100838,352,+33684202541,incoming,20190320,100838,16085247550
+33458005709,20190320094651,189,+33442849884,incoming,20190320,094651,16085021945
+33458005709,20190320093557,14,+33620063763,transfert,20190320,093557,16084899763
+33458005709,20190319163910,221,+33620722957,incoming,20190319,163910,16081890544
+33458005709,20190319161915,323,+33686036353,incoming,20190319,161915,16081724654
+33458005709,20190319155025,847,+33611340748,incoming,20190319,155025,16081540265
+33458005709,20190319155845,3,+33686036353,transfert,20190319,155845,16081489661
+33458005709,20190319153319,126,+34934513299,incoming,20190319,153319,16081271486
+33458005709,20190319153113,9,+34934513299,transfert,20190319,153113,16081232045
+33458005709,20190319150129,164,+33783341758,incoming,20190319,150129,16080970390
+33458005709,20190319141222,92,+33559122057,incoming,20190319,141222,16080506150
+33458005709,20190319141106,6,+33783341758,transfert,20190319,141106,16080485294
+33458005709,20190319095253,0,+41786231234,miss,20190319,095253,16078443417
+33458005709,20190319095211,7,+41786231234,transfert,20190319,095211,16078436916
+33458005709,20190319094502,208,+41786231234,incoming,20190319,094502,16078400423
+33458005709,20190318181347,8,+33632660386,transfert,20190318,181347,16075756296
+33458005709,20190318163422,36,+33619651378,transfert,20190318,163422,16075045717
+33458005709,20190318162026,4,+41786231234,transfert,20190318,162026,16074914290
+33458005709,20190318161937,5,+41786231234,transfert,20190318,161937,16074907166
+33458005709,20190318145516,123,+33675890059,incoming,20190318,145516,16074146656
+33458005709,20190318141703,1338,+3267830185,incoming,20190318,141703,16073976861
+33458005709,20190318142017,9,+33613147652,transfert,20190318,142017,16073811579
+33458005709,20190318140823,15,+3267830185,transfert,20190318,140823,16073704705
+33458005709,20190318120536,9,+33673994859,transfert,20190318,120536,16073111365
+33458005709,20190318111325,108,+33675890059,incoming,20190318,111325,16072675259
+33458005709,20190318102049,210,+33675890059,incoming,20190318,102049,16072177518
+33458005709,20190318100837,14,+33675890059,transfert,20190318,100837,16072014371
+33458005709,20190318100750,3,+33675890059,transfert,20190318,100750,16072005355
+33458005709,20190318100705,12,+33675890059,transfert,20190318,100705,16071999701
+33458005709,20190315154505,611,+33535547427,incoming,20190315,154505,16061371382
+33458005709,20190315152922,107,+33984366368,incoming,20190315,152922,16061161560
+33458005709,20190315150121,817,+33535547427,incoming,20190315,150121,16061018330
+33458005709,20190315144824,634,+33677048208,incoming,20190315,144824,16060882205
+33458005709,20190315144238,185,+33677048208,incoming,20190315,144238,16060765642
+33458005709,20190315143437,127,+41786231234,incoming,20190315,143437,16060680662
+33458005709,20190315111743,40,+33672892028,transfert,20190315,111743,16059397925
+33458005709,20190315104922,3,+33662417762,transfert,20190315,104922,16059111969
+33458005709,20190315102116,14,+33565690270,transfert,20190315,102116,16058831165
+33458005709,20190315095557,67,+41786231234,incoming,20190315,095557,16058578990
+33458005709,20190315094904,276,+33240695444,incoming,20190315,094904,16058544551
+33458005709,20190315095137,4,+41786231234,transfert,20190315,095137,16058525469
+33458005709,20190315095041,4,+41786231234,transfert,20190315,095041,16058516678
+33458005709,20190315094640,95,+41786231234,incoming,20190315,094640,16058491589
+33458005709,20190315093513,550,+33535547427,incoming,20190315,093513,16058454352
+33458005709,20190315090658,839,+33535547427,incoming,20190315,090658,16058232831
+33458005709,20190315091458,45,+41786231234,transfert,20190315,091458,16058187584
+33458005709,20190315085424,13,+33535547427,transfert,20190315,085424,16058042071
+33458005709,20190314145635,427,+41213458034,incoming,20190314,145635,16054822344
+33458005709,20190314113408,341,+33442657720,incoming,20190314,113408,16053465292
+33458005709,20190314110840,6,+33442657720,transfert,20190314,110840,16053153140
+33458005709,20190314110529,77,+33632891463,incoming,20190314,110529,16053131338
+33458005709,20190314110349,27,+33632891463,incoming,20190314,110349,16053108969
+33458005709,20190314110311,1,+33632891463,incoming,20190314,110311,16053102747
+33458005709,20190314105804,142,+33632891463,incoming,20190314,105804,16053069526
+33458005709,20190314103821,301,+33652394331,incoming,20190314,103821,16052896297
+33458005709,20190314100024,148,+41786231234,incoming,20190314,100024,16052452478
+33458005709,20190314094033,383,+33637598913,incoming,20190314,094033,16052297535
+33458005709,20190314090240,31,+33632891463,transfert,20190314,090240,16051895607
+33458005709,20190314090138,4,+33632891463,transfert,20190314,090138,16051885540
+33458005709,20190314090002,9,+33632891463,transfert,20190314,090002,16051873928
+33458005709,20190313175712,198,+33565690270,incoming,20190313,175712,16050158745
+33458005709,20190313164511,61,+33615621185,incoming,20190313,164511,16049684987
+33458005709,20190313164017,88,+33782298799,incoming,20190313,164017,16049651197
+33458005709,20190313162507,4,+33607963979,transfert,20190313,162507,16049521157
+33458005709,20190313160052,1274,+33607963979,incoming,20190313,160052,16049491712
+33458005709,20190313160737,4,+33662417762,transfert,20190313,160737,16049372116
+33458005709,20190313154926,10,+33782298799,transfert,20190313,154926,16049211327
+33458005709,20190313144742,665,+33565690270,incoming,20190313,144742,16048782483
+33458005709,20190313144257,273,+33615621185,incoming,20190313,144257,16048695865
+33458005709,20190313143832,8,+33615621185,transfert,20190313,143832,16048629770
+33458005709,20190313143645,7,+33615621185,transfert,20190313,143645,16048611848
+33458005709,20190313142556,10,+33615621185,transfert,20190313,142556,16048520032
+33458005709,20190313142441,3,+33615621185,transfert,20190313,142441,16048506991
+33458005709,20190313100036,123,+41786231234,incoming,20190313,100036,16046656452
+33458005709,20190313093605,88,+33681541196,incoming,20190313,093605,16046418157
+33458005709,20190313091653,4,+41786231234,transfert,20190313,091653,16046230952
+33458005709,20190313091604,6,+41786231234,transfert,20190313,091604,16046221673
+33458005709,20190312164927,341,+33609169071,incoming,20190312,164927,16043776020
+33458005709,20190312163153,457,+33685771783,incoming,20190312,163153,16043635792
+33458005709,20190312153716,158,+33767336625,incoming,20190312,153716,16043115907
+33458005709,20190312153617,22,+33767336625,incoming,20190312,153617,16043088466
+33458005709,20190312151426,5,+33661710890,transfert,20190312,151426,16042906946
+33458005709,20190312143552,297,+33661710890,incoming,20190312,143552,16042583077
+33458005709,20190312142511,20,+33783690847,incoming,20190312,142511,16042426308
+33458005709,20190312141217,707,+33778248703,incoming,20190312,141217,16042415533
+33458005709,20190312141115,12,+33778248703,transfert,20190312,141115,16042296523
+33458005709,20190312140758,146,+33783690847,incoming,20190312,140758,16042287397
+33458005709,20190312140812,4,+33615621185,transfert,20190312,140812,16042267549
+33458005709,20190312140312,3,+33615621185,transfert,20190312,140312,16042221889
+33458005709,20190312134959,12,+33984366368,transfert,20190312,134959,16042135466
+33458005709,20190312131101,3,+33984366368,transfert,20190312,131101,16041962731
+33458005709,20190312115359,107,+33615621185,incoming,20190312,115359,16041604433
+33458005709,20190312115052,146,+33615621185,incoming,20190312,115052,16041584169
+33458005709,20190312115343,0,+33615621185,miss,20190312,115343,16041583496
+33458005709,20190312114428,147,+33624979688,incoming,20190312,114428,16041521131
+33458005709,20190312114624,5,+33615621185,transfert,20190312,114624,16041515995
+33458005709,20190312114535,4,+33615621185,transfert,20190312,114535,16041510424
+33458005709,20190312113409,589,+33624979688,incoming,20190312,113409,16041489280
+33458005709,20190312111606,799,+33767336625,incoming,20190312,111606,16041335990
+33458005709,20190312111042,11,+33767336625,transfert,20190312,111042,16041159582
+33458005709,20190312105838,51,+33616517426,incoming,20190312,105838,16041041081
+33458005709,20190312104804,466,+33387896809,incoming,20190312,104804,16041001701
+33458005709,20190312105352,5,+33616517426,transfert,20190312,105352,16040981714
+33458005709,20190312103230,540,+33611340748,incoming,20190312,103230,16040851760
+33458005709,20190312102524,358,+33611340748,incoming,20190312,102524,16040746375
+33458005709,20190312101403,299,+33615621185,incoming,20190312,101403,16040619432
+33458005709,20190312095029,1089,+33387896809,incoming,20190312,095029,16040507637
+33458005709,20190312092340,1094,+33616517426,incoming,20190312,092340,16040241335
+33458005709,20190311172830,653,+33387896809,incoming,20190311,172830,16037611221
+33458005709,20190311171237,362,+33387896809,incoming,20190311,171237,16037452813
+33458005709,20190311160639,29,+33675890059,incoming,20190311,160639,16036827000
+33458005709,20190311155902,152,+33675890059,incoming,20190311,155902,16036777584
+33458005709,20190311155819,4,+33675890059,transfert,20190311,155819,16036748318
+33458005709,20190311154033,154,+33632891463,incoming,20190311,154033,16036608337
+33458005709,20190311153220,53,+33767336625,incoming,20190311,153220,16036511339
+33458005709,20190311150458,205,+33767336625,incoming,20190311,150458,16036260411
+33458005709,20190311142219,145,+33688432460,incoming,20190311,142219,16035841641
+33458005709,20190311135919,9,+33767336625,transfert,20190311,135919,16035597440
+33458005709,20190311135805,92,+41786231234,incoming,20190311,135805,16035596536
+33458005709,20190311130347,4,+33608429394,transfert,20190311,130347,16035354938
+33458005709,20190311113331,1075,+33608429394,incoming,20190311,113331,16034986368
+33458005709,20190311111650,206,+33662417762,incoming,20190311,111650,16034555831
+33458005709,20190311103519,99,+33603827717,incoming,20190311,103519,16034111488
+33458005709,20190311103142,189,+33661568014,incoming,20190311,103142,16034090299
+33458005709,20190311100005,54,+33640384866,incoming,20190311,100005,16033688632
+33458005709,20190311095641,151,+33603827717,incoming,20190311,095641,16033665564
+33458005709,20190311093024,471,+33677048208,incoming,20190311,093024,16033469444
+33458005709,20190311093515,3,+33645015395,transfert,20190311,093515,16033450022
+33458005709,20190311084131,13,+33982366900,transfert,20190311,084131,16033048140
+33458005709,20190308155959,279,+41786231234,incoming,20190308,155959,16022170296
+33458005709,20190308155915,4,+41786231234,transfert,20190308,155915,16022128890
+33458005709,20190308155831,5,+41786231234,transfert,20190308,155831,16022121416
+33458005709,20190308151520,147,+33673994859,incoming,20190308,151520,16021737137
+33458005709,20190308145654,211,+34659275573,incoming,20190308,145654,16021569243
+33458005709,20190308143144,202,+33683157010,incoming,20190308,143144,16021335919
+33458005709,20190308142123,196,+33565690270,incoming,20190308,142123,16021233192
+33458005709,20190308140433,710,+33565690270,incoming,20190308,140433,16021151939
+33458005709,20190308135207,23,+33565690270,transfert,20190308,135207,16020985767
+33458005709,20190308130155,32,+4540458195,transfert,20190308,130155,16020764277
+33458005709,20190308122035,10,+41786231234,transfert,20190308,122035,16020583309
+33458005709,20190308115253,401,+33442657720,incoming,20190308,115253,16020451806
+33458005709,20190308115104,15,+33442657720,transfert,20190308,115104,16020385941
+33458005709,20190308113030,3,+33632891463,transfert,20190308,113030,16020206640
+33458005709,20190308092403,57,+41786231234,incoming,20190308,092403,16018970999
+33458005709,20190308090118,415,+41799117378,incoming,20190308,090118,16018834410
+33458005709,20190307165335,368,+33688432460,incoming,20190307,165335,16015977079
+33458005709,20190307154817,159,+41786231234,incoming,20190307,154817,16015320831
+33458005709,20190307145316,168,+33662417762,incoming,20190307,145316,16014824695
+33458005709,20190307143448,781,+33675890059,incoming,20190307,143448,16014745571
+33458005709,20190307104312,135,+33675890059,incoming,20190307,104312,16013039596
+33458005709,20190307100501,40,+33661568014,incoming,20190307,100501,16012628743
+33458005709,20190307095718,3,+33675890059,transfert,20190307,095718,16012540303
+33458005709,20190307095632,12,+33675890059,transfert,20190307,095632,16012535103
+33458005709,20190307092426,222,+41786231234,incoming,20190307,092426,16012255088
+33458005709,20190307081112,3,+33608429394,transfert,20190307,081112,16011831324
+33458005709,20190306170618,107,+33662417762,incoming,20190306,170618,16009463288
+33458005709,20190306162317,263,anonymous,incoming,20190306,162317,16009112125
+33458005709,20190306160729,227,+33322389353,incoming,20190306,160729,16008963385
+33458005709,20190306153717,87,+41787306254,incoming,20190306,153717,16008671817
+33458005709,20190306104651,471,+33675890059,incoming,20190306,104651,16006545612
+33458005709,20190306101517,206,+33662417762,incoming,20190306,101517,16006188167
+33458005709,20190306100734,251,+33322389353,incoming,20190306,100734,16006119375
+33458005709,20190306092129,759,+33675890059,incoming,20190306,092129,16005736699
+33458005709,20190306093005,3,+33632891463,transfert,20190306,093005,16005699431
+33458005709,20190306092618,5,+33632891463,transfert,20190306,092618,16005665510
+33458005709,20190306090838,3,+33632891463,transfert,20190306,090838,16005503969
+33458005709,20190306090820,0,+33632891463,miss,20190306,090820,16005497880
+33458005709,20190306090136,3,+33632891463,transfert,20190306,090136,16005444892
+33458005709,20190305171809,239,+33652394331,incoming,20190305,171809,16003233424
+33458005709,20190305150429,0,+33358931697,miss,20190305,150429,16001946750
+33458005709,20190305143054,190,+33251679519,incoming,20190305,143054,16001648082
+33458005709,20190305135458,216,+33344878486,incoming,20190305,135458,16001308161
+33458005709,20190305092657,4327,+33688767779,incoming,20190305,092657,15999931567
+33458005709,20190305102417,1,+33651486650,transfert,20190305,102417,15999783908
+33458005709,20190305102241,0,+33651486650,miss,20190305,102241,15999761021
+33458005709,20190305102103,5,+33651486650,transfert,20190305,102103,15999744846
+33458005709,20190305102008,0,+33651486650,miss,20190305,102008,15999737977
+33458005709,20190305101852,1,+33651486650,transfert,20190305,101852,15999724771
+33458005709,20190305101731,0,+33651486650,miss,20190305,101731,15999710312
+33458005709,20190305101612,0,+33651486650,miss,20190305,101612,15999693697
+33458005709,20190305101440,5,+33651486650,transfert,20190305,101440,15999680485
+33458005709,20190305101250,0,+33651486650,miss,20190305,101250,15999657382
+33458005709,20190305101029,4,+33651486650,transfert,20190305,101029,15999639060
+33458005709,20190305100859,0,+33651486650,miss,20190305,100859,15999616839
+33458005709,20190305100752,0,+33651486650,miss,20190305,100752,15999603262
+33458005709,20190305100539,5,+33651486650,transfert,20190305,100539,15999582554
+33458005709,20190305100435,0,+33651486650,miss,20190305,100435,15999572638
+33458005709,20190305100305,3,+33651486650,transfert,20190305,100305,15999556387
+33458005709,20190305100201,0,+33651486650,miss,20190305,100201,15999547367
+33458005709,20190305100104,6,+33651486650,transfert,20190305,100104,15999533636
+33458005709,20190305095935,1,+33651486650,transfert,20190305,095935,15999524155
+33458005709,20190305095751,0,+33651486650,miss,20190305,095751,15999502149
+33458005709,20190305095607,57,+33651486650,transfert,20190305,095607,15999494693
+33458005709,20190305095508,0,+33651486650,miss,20190305,095508,15999474832
+33458005709,20190305095335,1,+33651486650,transfert,20190305,095335,15999454100
+33458005709,20190305095220,2,+33651486650,transfert,20190305,095220,15999441775
+33458005709,20190305095058,4,+33651486650,transfert,20190305,095058,15999426111
+33458005709,20190305094929,4,+33651486650,transfert,20190305,094929,15999411231
+33458005709,20190305094649,1,+33651486650,transfert,20190305,094649,15999382695
+33458005709,20190305093917,10,+33651486650,transfert,20190305,093917,15999296259
+33458005709,20190305093139,47,+33251679519,transfert,20190305,093139,15999219551
+33458005709,20190305093034,3,+33632891463,transfert,20190305,093034,15999200529
+33458005709,20190305092555,74,+33632891463,incoming,20190305,092555,15999164957
+33458005709,20190305090259,155,+33251679519,incoming,20190305,090259,15998957147
+33458005709,20190305082639,11,+33251679519,transfert,20190305,082639,15998759025
+33458005709,20190304173619,1413,+33663995593,incoming,20190304,173619,15996600976
+33458005709,20190304163702,1304,+33652394331,incoming,20190304,163702,15996169625
+33458005709,20190304164900,13,+33776195822,transfert,20190304,164900,15996095929
+33458005709,20190304155001,49,+33358931697,incoming,20190304,155001,15995579506
+33458005709,20190304154254,334,+447886320072,incoming,20190304,154254,15995557845
+33458005709,20190304144627,13,+33630131880,incoming,20190304,144627,15994942154
+33458005709,20190304121048,12,+33607426837,transfert,20190304,121048,15993928498
+33458005709,20190304113428,187,+33652394331,incoming,20190304,113428,15993608510
+33458005709,20190304112027,489,+33675890059,incoming,20190304,112027,15993520581
+33458005709,20190304112746,7,+33652394331,transfert,20190304,112746,15993512705
+33458005709,20190304110915,567,+33645015395,incoming,20190304,110915,15993415559
+33458005709,20190304084655,391,+33652394331,incoming,20190304,084655,15991968652
+33458005709,20190304085111,13,+41218031888,transfert,20190304,085111,15991960371
+33458005709,20190304080759,3,+33608429394,transfert,20190304,080759,15991751797
+33458005709,20190301184105,60,+33613147652,transfert,20190301,184105,15982840746
+33458005709,20190301155919,406,+33620032032,incoming,20190301,155919,15981816708
+33458005709,20190301153758,268,+33613611343,incoming,20190301,153758,15981635146
+33458005709,20190301145440,26,+33632427099,incoming,20190301,145440,15981209319
+33458005709,20190301120034,4,+33652394331,transfert,20190301,120034,15980167343
+33458005709,20190301092927,108,+33663130055,incoming,20190301,092927,15978789079
+33458005709,20190301091226,726,+33675890059,incoming,20190301,091226,15978736046
+33458005707,20190329113736,267,+33603827717,incoming,20190329,113736,16138201713
+33458005707,20190329111549,508,+32477377633,incoming,20190329,111549,16138130791
+33458005707,20190329111903,35,+33631444094,incoming,20190329,111903,16138017842
+33458005707,20190329100347,499,+33603827717,incoming,20190329,100347,16137336623
+33458005707,20190329090836,237,+33677048208,incoming,20190329,090836,16136799127
+33458005707,20190329085018,27,+33677048208,incoming,20190329,085018,16136651959
+33458005707,20190328183555,9,+33695647241,transfert,20190328,183555,16134869967
+33458005707,20190328173009,629,+33684638546,incoming,20190328,173009,16134587975
+33458005707,20190328150651,40,+33695647241,incoming,20190328,150651,16133213723
+33458005707,20190328141734,103,+12123838191,incoming,20190328,141734,16132760685
+33458005707,20190328131127,66,+12123838191,incoming,20190328,131127,16132358948
+33458005707,20190328103710,991,+33610070973,incoming,20190328,103710,16131333653
+33458005707,20190328095257,78,+33673542090,incoming,20190328,095257,16130727506
+33458005707,20190328094241,390,+32472684836,incoming,20190328,094241,16130673679
+33458005707,20190327172834,339,+33768928025,incoming,20190327,172834,16128099112
+33458005707,20190327162432,2125,+33474215914,incoming,20190327,162432,16127849475
+33458005707,20190327135821,309,+33631444094,incoming,20190327,135821,16126254718
+33458005707,20190327123641,0,+33610070973,miss,20190327,123641,16125868565
+33458005707,20190327094429,1598,+33685076332,incoming,20190327,094429,16124597356
+33458005707,20190327094313,665,+33677048208,incoming,20190327,094313,16124473032
+33458005707,20190327094249,1,+33677048208,incoming,20190327,094249,16124331181
+33458005707,20190327093933,103,+33677048208,incoming,20190327,093933,16124317862
+33458005707,20190327091006,1029,+33478900619,incoming,20190327,091006,16124173028
+33458005707,20190327091613,94,+33603827717,incoming,20190327,091613,16124089970
+33458005707,20190327090933,0,+33478900619,miss,20190327,090933,16124009542
+33458005707,20190327082827,11,+33646447403,transfert,20190327,082827,16123795877
+33458005707,20190326161957,1990,+33646447403,incoming,20190326,161957,16121291167
+33458005707,20190326160138,511,+33651521445,incoming,20190326,160138,16120905279
+33458005707,20190326155000,153,+33442657720,incoming,20190326,155000,16120751916
+33458005707,20190326144425,655,+33695647241,incoming,20190326,144425,16120225819
+33458005707,20190326142053,219,+33240695444,incoming,20190326,142053,16119935266
+33458005707,20190326120744,1276,+33660492250,incoming,20190326,120744,16119318718
+33458005707,20190326104913,150,+33664111670,incoming,20190326,104913,16118554801
+33458005707,20190326095525,259,+33140967981,incoming,20190326,095525,16118001645
+33458005707,20190325161300,682,+33772236715,incoming,20190325,161300,16114749057
+33458005707,20190325161123,83,+33254382337,incoming,20190325,161123,16114643749
+33458005707,20190325161203,11,+33772236715,transfert,20190325,161203,16114641082
+33458005707,20190325154813,611,+33254382333,incoming,20190325,154813,16114513595
+33458005707,20190325140212,378,+33684313542,incoming,20190325,140212,16113497988
+33458005707,20190325121258,78,+33648544291,incoming,20190325,121258,16112888820
+33458005707,20190325120454,48,+33388209948,incoming,20190325,120454,16112832973
+33458005707,20190325113126,317,+33467967059,incoming,20190325,113126,16112571254
+33458005707,20190325112953,122,+33612062492,incoming,20190325,112953,16112522947
+33458005707,20190325105001,2253,+33680089125,incoming,20190325,105001,16112478107
+33458005707,20190325111307,9,+33620722957,transfert,20190325,111307,16112329464
+33458005707,20190325104844,19,+33680089125,incoming,20190325,104844,16112057296
+33458005707,20190325103905,238,+33698164124,incoming,20190325,103905,16111990307
+33458005707,20190325101919,452,+33235664343,incoming,20190325,101919,16111808529
+33458005707,20190325100303,202,+33623387341,incoming,20190325,100303,16111584681
+33458005707,20190325094709,487,+33254382326,incoming,20190325,094709,16111467584
+33458005707,20190325091821,458,+32475343484,incoming,20190325,091821,16111162649
+33458005707,20190325092037,44,+33235664343,transfert,20190325,092037,16111112974
+33458005707,20190322181151,397,+33698038343,incoming,20190322,181151,16101001029
+33458005707,20190322181035,23,+33698038343,transfert,20190322,181035,16100964978
+33458005707,20190322180910,0,+33698038343,miss,20190322,180910,16100954043
+33458005707,20190322174902,38,+33698038343,incoming,20190322,174902,16100836950
+33458005707,20190322161537,10,+33633336464,transfert,20190322,161537,16100171414
+33458005707,20190322155922,208,+41792505008,incoming,20190322,155922,16100072041
+33458005707,20190322145728,565,+41275653232,incoming,20190322,145728,16099613942
+33458005707,20190322141313,1,+33603733999,incoming,20190322,141313,16099149969
+33458005707,20190322114218,278,+33613028046,incoming,20190322,114218,16098375245
+33458005707,20190322110856,174,+33675890059,incoming,20190322,110856,16098048457
+33458005707,20190322105153,347,+33669582398,incoming,20190322,105153,16097911372
+33458005707,20190322091914,613,+33629235917,incoming,20190322,091914,16097025959
+33458005707,20190321181047,1035,+33616373358,incoming,20190321,181047,16095198592
+33458005707,20190321172219,1093,+33493228023,incoming,20190321,172219,16094924863
+33458005707,20190321111709,57,+33762042885,incoming,20190321,111709,16092061221
+33458005707,20190321110620,526,+33685708650,incoming,20190321,110620,16092029300
+33458005707,20190321100145,257,+33686036353,incoming,20190321,100145,16091358154
+33458005707,20190321095903,215,+33661710890,incoming,20190321,095903,16091322331
+33458005707,20190321095419,140,+33675890059,incoming,20190321,095419,16091267983
+33458005707,20190320164222,2107,+33613028046,incoming,20190320,164222,16088471924
+33458005707,20190320163934,76,+41786231234,incoming,20190320,163934,16088134114
+33458005707,20190320154006,1482,+33610254102,incoming,20190320,154006,16087826937
+33458005707,20190320160050,15,+594694937374,transfert,20190320,160050,16087795140
+33458005707,20190320155847,14,+594694937374,transfert,20190320,155847,16087775497
+33458005707,20190320152428,1548,+33616742583,incoming,20190320,152428,16087693786
+33458005707,20190320143207,433,+41792505008,incoming,20190320,143207,16087103324
+33458005707,20190320142827,651,+33686488368,incoming,20190320,142827,16087103245
+33458005707,20190320111119,241,+447771692234,incoming,20190320,111119,16085842444
+33458005707,20190320105444,363,+33616300255,incoming,20190320,105444,16085694337
+33458005707,20190319164929,477,+33442849884,incoming,20190319,164929,16082016025
+33458005707,20190319161503,322,+33669457321,incoming,20190319,161503,16081689991
+33458005707,20190319143253,99,+33177353951,incoming,20190319,143253,16080693910
+33458005707,20190319101842,595,+33177353948,incoming,20190319,101842,16078823306
+33458005707,20190318171328,155,+41792505008,incoming,20190318,171328,16075385966
+33458005707,20190318144454,6,+33563682026,transfert,20190318,144454,16074028361
+33458005707,20190318112114,765,+33675890059,incoming,20190318,112114,16072841765
+33458005707,20190318111738,125,+33678579738,transfert,20190318,111738,16072718847
+33458005707,20190318102302,72,+420226223030,incoming,20190318,102302,16072172448
+33458005707,20190318093955,901,+33608165380,incoming,20190318,093955,16071875491
+33458005707,20190318092818,543,+33620722957,incoming,20190318,092818,16071706936
+33458005707,20190318091824,0,+33458001003,miss,20190318,091824,16071524882
+33458005707,20190315110626,1017,+33631444094,incoming,20190315,110626,16059439226
+33458005707,20190315105003,254,+33662417762,incoming,20190315,105003,16059160759
+33458005707,20190315082643,18,+33631444094,transfert,20190315,082643,16057921603
+33458005707,20190314160335,1756,+33478947693,incoming,20190314,160335,16055677223
+33458005707,20190314153505,1045,+3226168512,incoming,20190314,153505,16055307640
+33458005707,20190314152142,110,+33624184360,incoming,20190314,152142,16055016135
+33458005707,20190314145010,178,+33540169952,incoming,20190314,145010,16054721414
+33458005707,20190314142525,77,+33624184360,incoming,20190314,142525,16054474579
+33458005707,20190313173432,467,+33624184360,incoming,20190313,173432,16050052100
+33458005707,20190313160815,178,+33662417762,incoming,20190313,160815,16049400871
+33458005707,20190313155655,173,+33662417762,incoming,20190313,155655,16049300485
+33458005707,20190313154256,96,+33662417762,incoming,20190313,154256,16049167521
+33458005707,20190313151426,119,+33624184360,incoming,20190313,151426,16048935054
+33458005707,20190313150010,122,+33679442085,incoming,20190313,150010,16048815382
+33458005707,20190313111659,97,+33320433535,incoming,20190313,111659,16047411499
+33458005707,20190313110203,283,+33666152198,incoming,20190313,110203,16047298096
+33458005707,20190313085845,134,+41792505008,incoming,20190313,085845,16046107042
+33458005707,20190312175023,224,+41792505008,incoming,20190312,175023,16044216898
+33458005707,20190312171832,668,+33623667424,incoming,20190312,171832,16044047733
+33458005707,20190312170317,812,+33984366368,incoming,20190312,170317,16043950750
+33458005707,20190312165936,415,+351969607732,incoming,20190312,165936,16043871283
+33458005707,20190312163039,1596,+33676599748,incoming,20190312,163039,16043795882
+33458005707,20190312164322,119,+33476862760,incoming,20190312,164322,16043689165
+33458005707,20190312163043,260,+33610254102,incoming,20190312,163043,16043596106
+33458005707,20190312163044,11,+33685771783,transfert,20190312,163044,16043555655
+33458005707,20190312145106,75,+33984366368,incoming,20190312,145106,16042708011
+33458005707,20190312140154,220,+33984366368,incoming,20190312,140154,16042241673
+33458005707,20190312122541,127,+33171182048,incoming,20190312,122541,16041807457
+33458005707,20190312111801,8,+33616315110,incoming,20190312,111801,16041227861
+33458005707,20190311191129,450,+33621877546,incoming,20190311,191129,16038072376
+33458005707,20190311171328,211,+33666973566,incoming,20190311,171328,16037441343
+33458005707,20190311163422,266,+33609453345,incoming,20190311,163422,16037129151
+33458005707,20190311145533,1568,+33689385413,incoming,20190311,145533,16036388742
+33458005707,20190311151108,59,+33607139180,transfert,20190311,151108,16036300764
+33458005707,20190311142942,116,+971565030665,incoming,20190311,142942,16035907706
+33458005707,20190311143127,6,+33620722957,transfert,20190311,143127,16035906553
+33458005707,20190311093556,202,+33645015395,incoming,20190311,093556,16033476111
+33458005707,20190311091119,135,+33984366368,incoming,20190311,091119,16033274922
+33458005707,20190308174514,1411,+33684169344,incoming,20190308,174514,16023121646
+33458005707,20190308171748,1250,+33238516248,incoming,20190308,171748,16022906541
+33458005707,20190308160316,129,+33609061958,incoming,20190308,160316,16022176074
+33458005707,20190308150933,546,+33684132472,incoming,20190308,150933,16021745188
+33458005707,20190308145832,8,+33684132472,transfert,20190308,145832,16021552988
+33458005707,20190308145734,13,+33684132472,transfert,20190308,145734,16021546187
+33458005707,20190308145527,11,+34659275573,transfert,20190308,145527,16021523368
+33458005707,20190308135027,996,+33624979688,incoming,20190308,135027,16021073950
+33458005707,20190308130252,380,+4540458195,incoming,20190308,130252,16020790849
+33458005707,20190308112349,706,+33627580109,incoming,20190308,112349,16020245331
+33458005707,20190308112926,36,+33624979688,transfert,20190308,112926,16020201342
+33458005707,20190308105216,1000,+33626304782,incoming,20190308,105216,16020011758
+33458005707,20190308100319,119,+33476234451,incoming,20190308,100319,16019355256
+33458005707,20190308090523,132,+33619981661,incoming,20190308,090523,16018829973
+33458005707,20190307173741,1139,+33608844841,incoming,20190307,173741,16016425705
+33458005707,20190307140528,124,+262692913049,incoming,20190307,140528,16014404961
+33458005707,20190307102018,198,+33476234451,incoming,20190307,102018,16012815519
+33458005707,20190307095951,247,+33652130669,incoming,20190307,095951,16012606571
+33458005707,20190307094322,19,+33608429394,transfert,20190307,094322,16012393500
+33458005707,20190307092417,5,+33476234451,transfert,20190307,092417,16012220264
+33458005707,20190307081018,11,+33608429394,transfert,20190307,081018,16011829761
+33458005707,20190306173710,645,+33633219783,incoming,20190306,173710,16009751021
+33458005707,20190306173658,222,+41792505008,incoming,20190306,173658,16009709700
+33458005707,20190306173147,96,+33682694698,incoming,20190306,173147,16009656670
+33458005707,20190306172113,206,+41792505008,incoming,20190306,172113,16009592236
+33458005707,20190306132932,1706,+33619981661,incoming,20190306,132932,16007742957
+33458005707,20190306131012,3,+33619981661,transfert,20190306,131012,16007525627
+33458005707,20190306123823,11,+33619981661,transfert,20190306,123823,16007387867
+33458005707,20190306100739,29,+33679684621,incoming,20190306,100739,16006080547
+33458005707,20190306080102,16,+33608429394,transfert,20190306,080102,16005211547
+33458005707,20190305184333,10,+34659275573,transfert,20190305,184333,16003704353
+33458005707,20190305164849,101,+33456400700,incoming,20190305,164849,16002964964
+33458005707,20190305154013,801,+33664794114,incoming,20190305,154013,16002425518
+33458005707,20190305151903,182,+33615428454,incoming,20190305,151903,16002113333
+33458005707,20190305145106,281,+33645015395,incoming,20190305,145106,16001862017
+33458005707,20190305143655,148,+33624184360,incoming,20190305,143655,16001701581
+33458005707,20190305142842,425,+33624184360,incoming,20190305,142842,16001666834
+33458005707,20190305113931,36,+33624184360,incoming,20190305,113931,16000545132
+33458005707,20190305102930,620,+33624184360,incoming,20190305,102930,15999943418
+33458005707,20190305094040,50,+33651486650,incoming,20190305,094040,15999314973
+33458005707,20190305091659,423,+33565690270,incoming,20190305,091659,15999132014
+33458005707,20190304183431,872,+33624184360,incoming,20190304,183431,15996834356
+33458005707,20190304182107,204,+33624184360,incoming,20190304,182107,15996723915
+33458005707,20190304181408,165,+33624184360,incoming,20190304,181408,15996685902
+33458005707,20190304171350,532,+33540169950,incoming,20190304,171350,15996348915
+33458005707,20190304164954,718,+33776195822,incoming,20190304,164954,15996192536
+33458005707,20190304151339,193,+33322709213,incoming,20190304,151339,15995258230
+33458005707,20190304142229,198,+33768928025,incoming,20190304,142229,15994717929
+33458005707,20190304135255,121,+32474223224,incoming,20190304,135255,15994429120
+33458005707,20190304111522,656,+33624184360,incoming,20190304,111522,15993496118
+33458005707,20190304110833,5,+33645015395,transfert,20190304,110833,15993311454
+33458005707,20190304103803,838,+33610254102,incoming,20190304,103803,15993125717
+33458005707,20190304080702,14,+33608429394,transfert,20190304,080702,15991747465
+33458005707,20190301160646,561,+33616602708,incoming,20190301,160646,15981897511
+33458005707,20190301155513,446,+33241616232,incoming,20190301,155513,15981793196
+33458005707,20190301151009,179,+33442657720,incoming,20190301,151009,15981376442
+33458005707,20190301121810,1098,+33610254102,incoming,20190301,121810,15980344932
+33458005707,20190301113246,182,+33383257575,incoming,20190301,113246,15979945003
+33458005707,20190301112715,445,+32474223224,incoming,20190301,112715,15979935139
+33458005707,20190301093653,422,+33632427099,incoming,20190301,093653,15978898866
+33458001003,20190329113742,267,+33458005707,incoming,20190329,113742,16138195141
+33458001003,20190329111557,508,+33458005707,incoming,20190329,111557,16138141302
+33458001003,20190329100355,499,+33458005707,incoming,20190329,100355,16137338293
+33458001003,20190329090850,237,+33458005707,incoming,20190329,090850,16136797336
+33458001003,20190329085028,27,+33458005707,incoming,20190329,085028,16136652266
+33458001003,20190328173110,567,+33458005707,incoming,20190328,173110,16134587507
+33458001003,20190328160705,146,+33456400700,incoming,20190328,160705,16133806759
+33458001003,20190328150701,40,+33458005707,incoming,20190328,150701,16133214089
+33458001003,20190328141739,103,+33458005707,incoming,20190328,141739,16132761644
+33458001003,20190328131136,66,+33458005707,incoming,20190328,131136,16132358750
+33458001003,20190328103719,991,+33458005707,incoming,20190328,103719,16131334026
+33458001003,20190328095305,78,+33458005707,incoming,20190328,095305,16130726781
+33458001003,20190328094253,390,+33458005707,incoming,20190328,094253,16130672057
+33458001003,20190327172837,339,+33458005707,incoming,20190327,172837,16128098893
+33458001003,20190327162445,2125,+33458005707,incoming,20190327,162445,16127849165
+33458001003,20190327143149,194,anonymous,incoming,20190327,143149,16126557978
+33458001003,20190327135837,289,+33458005707,incoming,20190327,135837,16126254259
+33458001003,20190327094316,665,+33458005707,incoming,20190327,094316,16124475608
+33458001003,20190327091009,1029,+33458005707,incoming,20190327,091009,16124173629
+33458001003,20190327090939,10,+33458005707,incoming,20190327,090939,16124016339
+33458001003,20190326120753,1276,+33458005707,incoming,20190326,120753,16119318771
+33458001003,20190326120205,140,+33603733999,incoming,20190326,120205,16119202611
+33458001003,20190326104920,150,+33458005707,incoming,20190326,104920,16118555634
+33458001003,20190326095530,259,+33458005707,incoming,20190326,095530,16118001767
+33458001003,20190325155825,52,+33695647241,incoming,20190325,155825,16114522278
+33458001003,20190325154824,611,+33458005707,incoming,20190325,154824,16114513367
+33458001003,20190325154900,10,+33695647241,transfert,20190325,154900,16114433671
+33458001003,20190325144125,414,+33607085327,incoming,20190325,144125,16113888852
+33458001003,20190325141920,111,+33615151483,incoming,20190325,141920,16113627104
+33458001003,20190325140220,378,+33458005707,incoming,20190325,140220,16113496741
+33458001003,20190325121312,78,+33458005707,incoming,20190325,121312,16112888067
+33458001003,20190325120709,66,+33695647241,incoming,20190325,120709,16112847389
+33458001003,20190325120505,48,+33458005707,incoming,20190325,120505,16112832782
+33458001003,20190325112958,122,+33458005707,incoming,20190325,112958,16112522159
+33458001003,20190325105006,2253,+33458005707,incoming,20190325,105006,16112479549
+33458001003,20190325104850,19,+33458005707,incoming,20190325,104850,16112061104
+33458001003,20190325103911,238,+33458005707,incoming,20190325,103911,16111986777
+33458001003,20190322155931,208,+33458005707,incoming,20190322,155931,16100072205
+33458001003,20190322145740,565,+33458005707,incoming,20190322,145740,16099614134
+33458001003,20190322114224,278,+33458005707,incoming,20190322,114224,16098375017
+33458001003,20190322110906,174,+33458005707,incoming,20190322,110906,16098048627
+33458001003,20190322105203,347,+33458005707,incoming,20190322,105203,16097912064
+33458001003,20190322091922,613,+33458005707,incoming,20190322,091922,16097027112
+33458001003,20190321181058,1035,+33458005707,incoming,20190321,181058,16095197851
+33458001003,20190321172228,1093,+33458005707,incoming,20190321,172228,16094923628
+33458001003,20190321111717,57,+33458005707,incoming,20190321,111717,16092057901
+33458001003,20190321110628,526,+33458005707,incoming,20190321,110628,16092032506
+33458001003,20190321095911,215,+33458005707,incoming,20190321,095911,16091319852
+33458001003,20190321095429,140,+33458005707,incoming,20190321,095429,16091267270
+33458001003,20190320164226,2107,+33458005707,incoming,20190320,164226,16088472644
+33458001003,20190320163940,76,+33458005707,incoming,20190320,163940,16088133488
+33458001003,20190320152433,1548,+33458005707,incoming,20190320,152433,16087693759
+33458001003,20190320142836,651,+33458005707,incoming,20190320,142836,16087103836
+33458001003,20190320105504,341,+33458005707,incoming,20190320,105504,16085694529
+33458001003,20190319164934,477,+33458005707,incoming,20190319,164934,16082016171
+33458001003,20190319161510,322,+33458005707,incoming,20190319,161510,16081689291
+33458001003,20190319143300,99,+33458005707,incoming,20190319,143300,16080694395
+33458001003,20190319101852,595,+33458005707,incoming,20190319,101852,16078823332
+33458001003,20190319095006,491,+41218610623,incoming,20190319,095006,16078491218
+33458001003,20190318171335,155,+33458005707,incoming,20190318,171335,16075384426
+33458001003,20190318164211,217,+33661106704,incoming,20190318,164211,16075130153
+33458001003,20190318161622,508,+33615151483,incoming,20190318,161622,16074952513
+33458001003,20190318112119,765,+33458005707,incoming,20190318,112119,16072841671
+33458001003,20190318111800,0,+33458005707,miss,20190318,111800,16072699644
+33458001003,20190318102312,72,+33458005707,incoming,20190318,102312,16072172992
+33458001003,20190318094006,901,+33458005707,incoming,20190318,094006,16071874483
+33458001003,20190318092825,543,+33458005707,incoming,20190318,092825,16071707901
+33458001003,20190315110634,1017,+33458005707,incoming,20190315,110634,16059440738
+33458001003,20190315105011,254,+33458005707,incoming,20190315,105011,16059161541
+33458001003,20190314153637,958,+33458005707,incoming,20190314,153637,16055305921
+33458001003,20190314152149,110,+33458005707,incoming,20190314,152149,16055017060
+33458001003,20190314135249,662,+33626367641,incoming,20190314,135249,16054261093
+33458001003,20190314113106,57,+41792505008,incoming,20190314,113106,16053389121
+33458001003,20190313173438,467,+33458005707,incoming,20190313,173438,16050050895
+33458001003,20190313160821,178,+33458005707,incoming,20190313,160821,16049401485
+33458001003,20190313155700,173,+33458005707,incoming,20190313,155700,16049300239
+33458001003,20190313154304,96,+33458005707,incoming,20190313,154304,16049167709
+33458001003,20190313110212,283,+33458005707,incoming,20190313,110212,16047298890
+33458001003,20190313085853,134,+33458005707,incoming,20190313,085853,16046107139
+33458001003,20190312175028,224,+33458005707,incoming,20190312,175028,16044217749
+33458001003,20190312171839,668,+33458005707,incoming,20190312,171839,16044048231
+33458001003,20190312165946,415,+33458005707,incoming,20190312,165946,16043871119
+33458001003,20190312163045,1596,+33458005707,incoming,20190312,163045,16043794669
+33458001003,20190312162715,90,+33680245729,incoming,20190312,162715,16043541125
+33458001003,20190312145115,75,+33458005707,incoming,20190312,145115,16042708767
+33458001003,20190312140203,220,+33458005707,incoming,20190312,140203,16042240261
+33458001003,20190312122552,127,+33458005707,incoming,20190312,122552,16041806789
+33458001003,20190312111809,8,+33458005707,incoming,20190312,111809,16041227598
+33458001003,20190312093608,52,+33633219783,incoming,20190312,093608,16040190628
+33458001003,20190311171335,211,+33458005707,incoming,20190311,171335,16037441254
+33458001003,20190311145541,1568,+33458005707,incoming,20190311,145541,16036386868
+33458001003,20190311142952,116,+33458005707,incoming,20190311,142952,16035907756
+33458001003,20190311100101,9,+33685708650,transfert,20190311,100101,16033693826
+33458001003,20190311093611,202,+33458005707,incoming,20190311,093611,16033493390
+33458001003,20190311091124,135,+33458005707,incoming,20190311,091124,16033257799
+33458001003,20190308171758,1250,+33458005707,incoming,20190308,171758,16022906557
+33458001003,20190308150939,546,+33458005707,incoming,20190308,150939,16021743651
+33458001003,20190308141219,183,+4540458195,incoming,20190308,141219,16021141817
+33458001003,20190308135034,996,+33458005707,incoming,20190308,135034,16021073832
+33458001003,20190308130303,380,+33458005707,incoming,20190308,130303,16020790426
+33458001003,20190308105224,1000,+33458005707,incoming,20190308,105224,16020009206
+33458001003,20190308100856,370,+33547749611,incoming,20190308,100856,16019455461
+33458001003,20190308100325,119,+33458005707,incoming,20190308,100325,16019353467
+33458001003,20190308090531,132,+33458005707,incoming,20190308,090531,16018831021
+33458001003,20190307173747,1139,+33458005707,incoming,20190307,173747,16016425313
+33458001003,20190307153334,1551,+33603090023,incoming,20190307,153334,16015406343
+33458001003,20190307145817,78,+33686213611,incoming,20190307,145817,16014856580
+33458001003,20190307140536,124,+33458005707,incoming,20190307,140536,16014405948
+33458001003,20190307102023,198,+33458005707,incoming,20190307,102023,16012817777
+33458001003,20190307095956,248,+33458005707,incoming,20190307,095956,16012609988
+33458001003,20190306174550,122,+33458005707,incoming,20190306,174550,16009751121
+33458001003,20190306173707,222,+33458005707,incoming,20190306,173707,16009710862
+33458001003,20190306172120,206,+33458005707,incoming,20190306,172120,16009591850
+33458001003,20190306132940,1706,+33458005707,incoming,20190306,132940,16007742131
+33458001003,20190306102418,189,+33679684621,incoming,20190306,102418,16006267064
+33458001003,20190305164900,101,+33458005707,incoming,20190305,164900,16002962529
+33458001003,20190305154021,801,+33458005707,incoming,20190305,154021,16002425369
+33458001003,20190305113939,36,+33458005707,incoming,20190305,113939,16000541564
+33458001003,20190305102938,620,+33458005707,incoming,20190305,102938,15999939060
+33458001003,20190305094048,51,+33458005707,incoming,20190305,094048,15999315561
+33458001003,20190305091711,423,+33458005707,incoming,20190305,091711,15999134125
+33458001003,20190304171357,532,+33458005707,incoming,20190304,171357,15996349530
+33458001003,20190304165000,718,+33458005707,incoming,20190304,165000,15996193173
+33458001003,20190304151354,193,+33458005707,incoming,20190304,151354,15995257611
+33458001003,20190304142238,198,+33458005707,incoming,20190304,142238,15994719218
+33458001003,20190304135303,122,+33458005707,incoming,20190304,135303,15994430017
+33458001003,20190304103811,838,+33458005707,incoming,20190304,103811,15993126469
+33458001003,20190301160653,561,+33458005707,incoming,20190301,160653,15981898396
+33458001003,20190301155522,446,+33458005707,incoming,20190301,155522,15981793132
+33458001003,20190301151022,179,+33458005707,incoming,20190301,151022,15981374213
+33458001003,20190301112729,446,+33458005707,incoming,20190301,112729,15979934935
+33458001003,20190301093703,422,+33458005707,incoming,20190301,093703,15978898486