phoneLine,datetime,duration,callingNumber,nature,date,time,idkey
+33458005709,20190228153551,274,+33616863377,incoming,20190228,153551,15975488596
+33458005709,20190228144049,0,+33673195931,miss,20190228,144049,15975000112
+33458005709,20190228144001,3,+33673195931,transfert,20190228,144001,15974996790
+33458005709,20190228140954,850,+33673195931,incoming,20190228,140954,15974860101
+33458005709,20190228141415,10,+33442849884,transfert,20190228,141415,15974783460
+33458005709,20190228135012,5,+33673195931,transfert,20190228,135012,15974613775
+33458005709,20190228113036,11,+33389884804,transfert,20190228,113036,15973878032
+33458005709,20190228111309,833,+33675890059,incoming,20190228,111309,15973839876
+33458005709,20190228110941,102,+33650556381,incoming,20190228,110941,15973690804
+33458005709,20190228103405,298,+33675890059,incoming,20190228,103405,15973362561
+33458005709,20190228094220,161,+41799459951,incoming,20190228,094220,15972790282
+33458005709,20190228085621,101,+33615621185,incoming,20190228,085621,15972353442
+33458005709,20190227164639,143,+33559122057,incoming,20190227,164639,15970039221
+33458005709,20190227164336,97,+33223211200,incoming,20190227,164336,15970008504
+33458005709,20190227161502,176,+33661568014,incoming,20190227,161502,15969763651
+33458005709,20190227154755,490,+33669608902,incoming,20190227,154755,15969564769
+33458005709,20190227154050,270,+33673460704,incoming,20190227,154050,15969470972
+33458005709,20190227143558,197,+33476983182,incoming,20190227,143558,15968899998
+33458005709,20190227135426,528,+33661568014,incoming,20190227,135426,15968602964
+33458005709,20190227113647,7,+33675890059,transfert,20190227,113647,15967831774
+33458005709,20190227112231,3,+33675890059,transfert,20190227,112231,15967692163
+33458005709,20190227112042,3,+33675890059,transfert,20190227,112042,15967674589
+33458005709,20190227111955,4,+33675890059,transfert,20190227,111955,15967671485
+33458005709,20190227111938,0,+33675890059,miss,20190227,111938,15967662892
+33458005709,20190227110914,129,+33675890059,incoming,20190227,110914,15967588450
+33458005709,20190227103532,1336,+33675890059,incoming,20190227,103532,15967457199
+33458005709,20190227102302,88,+33675890059,incoming,20190227,102302,15967121544
+33458005709,20190227090818,156,+33984366368,incoming,20190227,090818,15966383925
+33458005709,20190226174513,4,+33675890059,transfert,20190226,174513,15964434285
+33458005709,20190226155106,126,+33494974430,incoming,20190226,155106,15963497486
+33458005709,20190226155011,49,+33645705016,transfert,20190226,155011,15963481127
+33458005709,20190226154859,91,+33685381243,incoming,20190226,154859,15963476758
+33458005709,20190226151332,62,+33675890059,incoming,20190226,151332,15963139384
+33458005709,20190226144635,146,+33476983182,incoming,20190226,144635,15962895160
+33458005709,20190226144239,235,+33494974430,incoming,20190226,144239,15962872323
+33458005709,20190226141731,13,+33984366368,transfert,20190226,141731,15962606769
+33458005709,20190226141211,35,+41799459951,incoming,20190226,141211,15962559516
+33458005709,20190226104721,187,+33442657720,incoming,20190226,104721,15961277949
+33458005709,20190226104820,11,+33645705016,transfert,20190226,104820,15961260639
+33458005709,20190226094139,300,+33685381243,incoming,20190226,094139,15960604391
+33458005709,20190226093933,5,+33685381243,transfert,20190226,093933,15960543500
+33458005709,20190226091654,560,+33685381243,incoming,20190226,091654,15960416220
+33458005709,20190226091219,145,+33685381243,incoming,20190226,091219,15960315214
+33458005709,20190225171251,419,+33633243774,incoming,20190225,171251,15957869672
+33458005709,20190225163908,192,+33652394331,incoming,20190225,163908,15957578397
+33458005709,20190225155643,29,+33559122057,incoming,20190225,155643,15957168208
+33458005709,20190225151631,114,+33664672181,incoming,20190225,151631,15956797168
+33458005709,20190225150602,376,+33620063763,incoming,20190225,150602,15956738915
+33458005709,20190225145353,546,+33620063763,incoming,20190225,145353,15956656906
+33458005709,20190225145322,20,+33620063763,incoming,20190225,145322,15956560052
+33458005709,20190225144319,211,+33620063763,incoming,20190225,144319,15956497270
+33458005709,20190225142053,354,+33559122057,incoming,20190225,142053,15956313189
+33458005709,20190225141923,8,+33559122057,transfert,20190225,141923,15956251919
+33458005709,20190225141317,224,+33661568014,incoming,20190225,141317,15956224215
+33458005709,20190225141630,4,+33559122057,transfert,20190225,141630,15956223666
+33458005709,20190225141512,11,+33559122057,transfert,20190225,141512,15956211766
+33458005709,20190225135610,430,+33685381243,incoming,20190225,135610,15956105414
+33458005709,20190225123425,79,+32497592475,transfert,20190225,123425,15955714136
+33458005709,20190225100932,379,+33458005707,incoming,20190225,100932,15954490812
+33458005709,20190225100853,0,+33458005707,miss,20190225,100853,15954417929
+33458005709,20190225100902,7,+33458005707,incoming,20190225,100902,15954417870
+33458005709,20190225100834,1,+33458005707,incoming,20190225,100834,15954411660
+33458005709,20190225100814,4,+33458005707,incoming,20190225,100814,15954411611
+33458005709,20190225100720,3,+33458005707,incoming,20190225,100720,15954397460
+33458005709,20190225094508,974,+33494974430,incoming,20190225,094508,15954333838
+33458005709,20190225091346,3,+33652394331,transfert,20190225,091346,15953875452
+33458005709,20190225090445,10,+33652394331,transfert,20190225,090445,15953794798
+33458005709,20190225085305,261,+33675890059,incoming,20190225,085305,15953747962
+33458005709,20190222165529,0,+33458005707,miss,20190222,165529,15944275277
+33458005709,20190222145459,272,+33633243774,incoming,20190222,145459,15943428405
+33458005709,20190222142204,135,+33611174432,incoming,20190222,142204,15943141169
+33458005709,20190222114056,58,+33615621185,incoming,20190222,114056,15942253238
+33458005709,20190222114008,5,+33615621185,transfert,20190222,114008,15942239630
+33458005709,20190222101415,140,+33652394331,incoming,20190222,101415,15941446362
+33458005709,20190222100513,127,+33358931697,incoming,20190222,100513,15941366427
+33458005709,20190222095928,75,+33660959720,incoming,20190222,095928,15941299596
+33458005709,20190222093027,331,+33652394331,incoming,20190222,093027,15941067583
+33458005709,20190222092507,65,+33675890059,incoming,20190222,092507,15940981949
+33458005709,20190222092050,0,+33458005707,miss,20190222,092050,15940935913
+33458005709,20190222091927,3,+33676432999,transfert,20190222,091927,15940926613
+33458005709,20190222091401,0,+33458005707,transfert,20190222,091401,15940885908
+33458005709,20190222091225,11,+33358931697,transfert,20190222,091225,15940876071
+33458005709,20190222091120,13,+33358931697,transfert,20190222,091120,15940865240
+33458005709,20190221181349,55,+33633679128,transfert,20190221,181349,15938911389
+33458005709,20190221155629,320,+33603827717,incoming,20190221,155629,15938025117
+33458005709,20190221154407,332,+33633679128,incoming,20190221,154407,15937922551
+33458005709,20190221151433,409,+33698573482,incoming,20190221,151433,15937684276
+33458005709,20190221144357,462,+33645015395,incoming,20190221,144357,15937413499
+33458005709,20190221141133,783,+33458005707,incoming,20190221,141133,15937175367
+33458005709,20190221141252,53,+33633679128,transfert,20190221,141252,15937093919
+33458005709,20190221141129,0,+33458005707,miss,20190221,141129,15937073378
+33458005709,20190221141107,10,+33458005707,incoming,20190221,141107,15937070756
+33458005709,20190221115854,687,+33240695444,incoming,20190221,115854,15936525281
+33458005709,20190220171200,306,+33645705016,incoming,20190220,171200,15932648296
+33458005709,20190220165955,181,+33669457418,incoming,20190220,165955,15932540036
+33458005709,20190220160315,114,+33675890059,incoming,20190220,160315,15932064703
+33458005709,20190220150041,353,+33615621185,incoming,20190220,150041,15931579290
+33458005709,20190220150001,5,+33615621185,transfert,20190220,150001,15931522647
+33458005709,20190220144700,107,anonymous,incoming,20190220,144700,15931418384
+33458005709,20190220114441,787,+33660492250,incoming,20190220,114441,15930549781
+33458005709,20190220112613,304,+33607963979,incoming,20190220,112613,15930325840
+33458005709,20190220111637,103,+33603827717,incoming,20190220,111637,15930212598
+33458005709,20190220110727,134,anonymous,incoming,20190220,110727,15930138411
+33458005709,20190220110316,162,+33607963979,incoming,20190220,110316,15930109365
+33458005709,20190220104059,323,+33607963979,incoming,20190220,104059,15929923484
+33458005709,20190220103458,104,+33603827717,incoming,20190220,103458,15929828202
+33458005709,20190220103255,16,+33603827717,incoming,20190220,103255,15929785038
+33458005709,20190220101301,348,+33555361373,incoming,20190220,101301,15929636755
+33458005709,20190219174507,59,+33607963979,incoming,20190219,174507,15926995573
+33458005709,20190219173730,437,+33607963979,incoming,20190219,173730,15926988390
+33458005709,20190219173026,200,+33467967059,incoming,20190219,173026,15926914006
+33458005709,20190219173052,21,+33458005707,transfert,20190219,173052,15926895905
+33458005709,20190219163515,183,+33611424770,incoming,20190219,163515,15926494633
+33458005709,20190219161834,247,+33658898832,incoming,20190219,161834,15926352710
+33458005709,20190219161748,6,+33658898832,transfert,20190219,161748,15926311892
+33458005709,20190219154916,320,+33320336742,incoming,20190219,154916,15926088453
+33458005709,20190219144823,347,+33645705016,incoming,20190219,144823,15925508067
+33458005709,20190219143125,105,+33603827717,incoming,20190219,143125,15925302911
+33458005709,20190219114133,799,+33629020184,incoming,20190219,114133,15924464582
+33458005709,20190219115006,5,+33611174432,transfert,20190219,115006,15924426481
+33458005709,20190219114809,40,+33611875634,transfert,20190219,114809,15924415058
+33458005709,20190219113845,160,+33603827717,incoming,20190219,113845,15924345206
+33458005709,20190219110755,4,+33645015395,transfert,20190219,110755,15924022882
+33458005709,20190219104424,4,+33603827717,transfert,20190219,104424,15923788939
+33458005709,20190219102127,93,+33686036353,incoming,20190219,102127,15923578715
+33458005709,20190219101503,164,+33680012144,incoming,20190219,101503,15923528327
+33458005709,20190219101536,3,+33603827717,transfert,20190219,101536,15923510144
+33458005709,20190219094023,268,+33299582112,incoming,20190219,094023,15923185006
+33458005709,20190219090730,98,+33603827717,incoming,20190219,090730,15922852603
+33458005709,20190218121312,4,+33652394331,transfert,20190218,121312,15918263666
+33458005709,20190218115416,256,+33652394331,incoming,20190218,115416,15918163505
+33458005709,20190218105546,281,+33685381243,incoming,20190218,105546,15917595219
+33458005709,20190218104732,354,+33685381243,incoming,20190218,104732,15917521258
+33458005709,20190218104514,64,+33299206020,incoming,20190218,104514,15917451989
+33458005709,20190218103955,229,+33685381243,incoming,20190218,103955,15917426883
+33458005709,20190218101417,145,+33686036353,incoming,20190218,101417,15917158579
+33458005709,20190216151924,0,+33682056522,miss,20190216,151924,15910794362
+33458005709,20190215200401,0,+33458005707,miss,20190215,200401,15908131303
+33458005709,20190215200335,0,+33458005707,miss,20190215,200335,15908130695
+33458005709,20190215200249,0,+33458005707,miss,20190215,200249,15908127444
+33458005709,20190215200044,2,+33458005707,transfert,20190215,200044,15908123204
+33458005709,20190215195837,0,+33458005707,miss,20190215,195837,15908118160
+33458005709,20190215164343,153,+33675890059,incoming,20190215,164343,15907200474
+33458005709,20190215143041,66,+33385981600,incoming,20190215,143041,15906113627
+33458005709,20190215141717,29,+33559923413,transfert,20190215,141717,15906003984
+33458005709,20190215104658,78,+33676599748,incoming,20190215,104658,15904660135
+33458005709,20190215100424,149,+33615375658,incoming,20190215,100424,15904274207
+33458005709,20190215094256,340,+33615375658,incoming,20190215,094256,15904096489
+33458005709,20190214163940,95,+33612737148,incoming,20190214,163940,15901315351
+33458005709,20190214161140,659,+33619767858,incoming,20190214,161140,15901159053
+33458005709,20190214155048,215,+33632891463,incoming,20190214,155048,15900902586
+33458005709,20190214154804,147,+33685381243,incoming,20190214,154804,15900864400
+33458005709,20190214154843,5,+33652394331,transfert,20190214,154843,15900851693
+33458005709,20190214152905,347,+33685381243,incoming,20190214,152905,15900714925
+33458005709,20190214145520,151,+33650054731,incoming,20190214,145520,15900365258
+33458005709,20190214141755,1469,+33494974430,incoming,20190214,141755,15900227789
+33458005709,20190214143031,12,+33650054731,transfert,20190214,143031,15900138026
+33458005709,20190214142439,11,+33650054731,transfert,20190214,142439,15900090556
+33458005709,20190214125935,54,+33685381243,transfert,20190214,125935,15899661714
+33458005709,20190214120522,8,+33670181428,transfert,20190214,120522,15899421586
+33458005709,20190214114839,768,+33675890059,incoming,20190214,114839,15899394385
+33458005709,20190214105519,372,+33608429394,incoming,20190214,105519,15898846055
+33458005709,20190214104447,352,+33468810461,incoming,20190214,104447,15898748629
+33458005709,20190214102356,562,+33607559403,incoming,20190214,102356,15898584426
+33458005709,20190214101955,176,+33494974430,incoming,20190214,101955,15898480742
+33458005709,20190214095952,525,+33772236715,incoming,20190214,095952,15898332663
+33458005709,20190213152605,696,+33468898412,incoming,20190213,152605,15895132897
+33458005709,20190213111155,263,+33442361212,incoming,20190213,111155,15893275687
+33458005709,20190213101609,113,+33658898832,incoming,20190213,101609,15892712761
+33458005709,20190213101026,171,+33632891463,incoming,20190213,101026,15892662996
+33458005709,20190213100709,76,+33611174432,incoming,20190213,100709,15892620081
+33458005709,20190213100540,76,+33611174432,incoming,20190213,100540,15892607951
+33458005709,20190213095035,662,+33611174432,incoming,20190213,095035,15892555395
+33458005709,20190213093537,380,+33607559403,incoming,20190213,093537,15892382189
+33458005709,20190213091715,34,+33607559403,transfert,20190213,091715,15892175982
+33458005709,20190212170330,5,+33660959720,transfert,20190212,170330,15890075882
+33458005709,20190212163616,134,+41213458031,incoming,20190212,163616,15889851776
+33458005709,20190212160855,0,+33660959720,miss,20190212,160855,15889601671
+33458005709,20190212160754,6,+33660959720,transfert,20190212,160754,15889591991
+33458005709,20190212152339,150,+33388180885,incoming,20190212,152339,15889194454
+33458005709,20190212152405,0,+33684086723,miss,20190212,152405,15889177165
+33458005709,20190212140104,310,+33388180885,incoming,20190212,140104,15888429462
+33458005709,20190212115921,155,+33565591003,incoming,20190212,115921,15887754784
+33458005709,20190212111843,3,+33688026645,transfert,20190212,111843,15887312332
+33458005709,20190212111617,56,+33458005707,transfert,20190212,111617,15887296027
+33458005709,20190212111522,0,+33458005707,miss,20190212,111522,15887276709
+33458005709,20190212111444,0,+33458005707,transfert,20190212,111444,15887272247
+33458005709,20190212111325,5,+33688026645,transfert,20190212,111325,15887257352
+33458005709,20190212111239,10,+33688026645,transfert,20190212,111239,15887253073
+33458005709,20190212110542,258,+33607457078,incoming,20190212,110542,15887224621
+33458005709,20190212104123,183,+33626767894,incoming,20190212,104123,15886964815
+33458005709,20190212103555,312,+352621797979,incoming,20190212,103555,15886929863
+33458005709,20190212102419,77,+33626767894,incoming,20190212,102419,15886764497
+33458005709,20190212095622,188,+33661875288,incoming,20190212,095622,15886483194
+33458005709,20190212084137,0,+33612737148,miss,20190212,084137,15885855021
+33458005709,20190211171655,114,+33684202541,incoming,20190211,171655,15883884985
+33458005709,20190211161859,12,+33617081813,transfert,20190211,161859,15883372116
+33458005709,20190211152327,188,+33247361275,incoming,20190211,152327,15882871439
+33458005709,20190211144215,76,+33607559403,transfert,20190211,144215,15882431053
+33458005709,20190211143528,432,+33458005707,incoming,20190211,143528,15882418567
+33458005709,20190211143525,1,+33458005707,incoming,20190211,143525,15882345136
+33458005709,20190211143515,1,+33458005707,incoming,20190211,143515,15882342231
+33458005709,20190211114819,422,+33388180885,incoming,20190211,114819,15881392740
+33458005709,20190211114935,8,+33432751245,transfert,20190211,114935,15881340772
+33458005709,20190211114858,5,+33432751245,transfert,20190211,114858,15881331049
+33458005709,20190211111901,140,+33603827717,incoming,20190211,111901,15881064998
+33458005709,20190211111122,324,+33632891463,incoming,20190211,111122,15881021438
+33458005709,20190211111526,4,+33603827717,transfert,20190211,111526,15881012157
+33458005709,20190211105618,77,+33388180885,transfert,20190211,105618,15880824626
+33458005709,20190211105222,339,+33607559403,incoming,20190211,105222,15880823348
+33458005709,20190211104336,386,+41213458031,incoming,20190211,104336,15880739349
+33458005709,20190211104912,6,+33388180885,transfert,20190211,104912,15880736062
+33458005709,20190211103901,11,+33388180885,transfert,20190211,103901,15880627363
+33458005709,20190211103608,38,+33603827717,incoming,20190211,103608,15880605453
+33458005709,20190211095922,165,+33661875288,incoming,20190211,095922,15880245904
+33458005709,20190211094702,154,+33603827717,incoming,20190211,094702,15880115141
+33458005709,20190211094733,40,+352621797979,transfert,20190211,094733,15880103814
+33458005709,20190211092237,183,+33603827717,incoming,20190211,092237,15879884907
+33458005709,20190211085005,69,+33607559403,transfert,20190211,085005,15879613951
+33458005709,20190211084841,3,+33603827717,transfert,20190211,084841,15879601828
+33458005709,20190208173754,598,+447528677163,incoming,20190208,173754,15870453852
+33458005709,20190208165539,12,+393408982813,transfert,20190208,165539,15870114806
+33458005709,20190208160755,64,+33623310729,incoming,20190208,160755,15869750674
+33458005709,20190208155432,530,+33555361373,incoming,20190208,155432,15869707919
+33458005709,20190208155659,4,+33607119109,transfert,20190208,155659,15869659537
+33458005709,20190208142636,590,+33626767894,incoming,20190208,142636,15868967987
+33458005709,20190208113852,13,+33467493949,transfert,20190208,113852,15867897646
+33458005709,20190208092137,93,+33388180885,incoming,20190208,092137,15866644764
+33458005709,20190208091956,0,+33388180885,miss,20190208,091956,15866620381
+33458005709,20190208084157,6,+33626767894,transfert,20190208,084157,15866392590
+33458005709,20190207171053,1806,+33609169071,incoming,20190207,171053,15864616842
+33458005709,20190207172312,0,+33674350898,miss,20190207,172312,15864499211
+33458005709,20190207165655,250,+33611174432,incoming,20190207,165655,15864340037
+33458005709,20190207162717,120,+33615621185,incoming,20190207,162717,15864071039
+33458005709,20190207160545,368,+33626767894,incoming,20190207,160545,15863908128
+33458005709,20190207154556,2,+33388180885,incoming,20190207,154556,15863659977
+33458005709,20190207144746,635,+33686036353,incoming,20190207,144746,15863253950
+33458005709,20190207143639,200,+33615621185,incoming,20190207,143639,15863097760
+33458005709,20190207143659,6,+33686036353,transfert,20190207,143659,15863073839
+33458005709,20190207084357,35,+33607119109,transfert,20190207,084357,15860514437
+33458005709,20190206170849,676,+33666973566,incoming,20190206,170849,15858647778
+33458005709,20190206170250,161,+33666973566,incoming,20190206,170250,15858537539
+33458005709,20190206163742,212,+33688026645,incoming,20190206,163742,15858357253
+33458005709,20190206163137,106,+33688026645,incoming,20190206,163137,15858288624
+33458005709,20190206161730,222,+33688026645,incoming,20190206,161730,15858188149
+33458005709,20190206154742,536,+33676900130,incoming,20190206,154742,15857966722
+33458005709,20190206151438,198,+41213458031,incoming,20190206,151438,15857641565
+33458005709,20190206150505,10,+41213458031,transfert,20190206,150505,15857537038
+33458005709,20190206145403,12,+41213458031,transfert,20190206,145403,15857443926
+33458005709,20190206145317,11,+41213458031,transfert,20190206,145317,15857437465
+33458005709,20190206142112,76,+33680573866,incoming,20190206,142112,15857190703
+33458005709,20190206135831,591,+33612962057,incoming,20190206,135831,15857073321
+33458005709,20190206140446,14,+41213458031,transfert,20190206,140446,15857049515
+33458005709,20190206133318,6,+41213458031,transfert,20190206,133318,15856887396
+33458005709,20190206130741,3,+41213458031,transfert,20190206,130741,15856790975
+33458005709,20190206130230,14,+41213458031,transfert,20190206,130230,15856773636
+33458005709,20190206115248,124,+33623387341,incoming,20190206,115248,15856449728
+33458005709,20190206105529,106,+33673460704,incoming,20190206,105529,15855872524
+33458005709,20190206101046,233,+33658898832,incoming,20190206,101046,15855421285
+33458005709,20190206095202,3,+33658898832,transfert,20190206,095202,15855207242
+33458005709,20190205152406,79,+33684202541,incoming,20190205,152406,15851466346
+33458005709,20190205112800,1342,+41584604393,incoming,20190205,112800,15849956896
+33458005709,20190205103003,406,+33612737148,incoming,20190205,103003,15849164886
+33458005709,20190205101408,204,+33684086723,incoming,20190205,101408,15848972745
+33458005709,20190205101126,175,+33666973566,incoming,20190205,101126,15848941057
+33458005709,20190205100342,371,+33388180885,incoming,20190205,100342,15848901688
+33458005709,20190205091814,988,+33682641878,incoming,20190205,091814,15848536207
+33458005709,20190204172119,339,+33472350027,incoming,20190204,172119,15846162093
+33458005709,20190204164026,321,+3243823444,incoming,20190204,164026,15845824108
+33458005709,20190204154642,542,+33223211200,incoming,20190204,154642,15845347263
+33458005709,20190204154130,144,+33688026645,incoming,20190204,154130,15845230466
+33458005709,20190204150232,55,+33155123966,incoming,20190204,150232,15844839059
+33458005709,20190204141854,665,+33771242003,incoming,20190204,141854,15844513853
+33458005709,20190204122501,141,+33590041788,incoming,20190204,122501,15843772486
+33458005709,20190204105320,5,+33688026645,transfert,20190204,105320,15842888931
+33458005709,20190204100259,194,+33388180885,incoming,20190204,100259,15842402269
+33458005709,20190201171654,131,+33607448742,incoming,20190201,171654,15832103853
+33458005709,20190201165702,187,+33613611343,incoming,20190201,165702,15831992755
+33458005709,20190201164005,397,+33662417762,incoming,20190201,164005,15831891876
+33458005709,20190201161434,134,+590690619944,incoming,20190201,161434,15831673288
+33458005709,20190201155638,300,+33658898832,incoming,20190201,155638,15831552551
+33458005709,20190201155718,4,+33662417762,transfert,20190201,155718,15831519089
+33458005709,20190201151007,120,+33673460704,incoming,20190201,151007,15831126898
+33458005709,20190201151046,11,+33658898832,transfert,20190201,151046,15831117150
+33458005709,20190201150308,157,+33388180885,incoming,20190201,150308,15831067453
+33458005709,20190201145133,258,+33603827717,incoming,20190201,145133,15830970866
+33458005709,20190201145505,3,+33673460704,transfert,20190201,145505,15830965676
+33458005709,20190201145349,16,+33673460704,transfert,20190201,145349,15830958369
+33458005709,20190201145257,17,+33458005707,transfert,20190201,145257,15830950253
+33458005709,20190201145251,0,+33458005707,miss,20190201,145251,15830942903
+33458005709,20190201145235,0,+33458005707,miss,20190201,145235,15830939941
+33458005709,20190201141808,4,+590690619944,transfert,20190201,141808,15830608547
+33458005709,20190201140556,4,+590690619944,transfert,20190201,140556,15830497640
+33458005709,20190201140343,13,+590690619944,transfert,20190201,140343,15830481508
+33458005709,20190201134707,4,+33659582529,transfert,20190201,134707,15830396502
+33458005709,20190201131952,12,+590690619944,transfert,20190201,131952,15830278302
+33458005709,20190201110855,4,+33681264060,transfert,20190201,110855,15829478142
+33458005709,20190201110209,10,+33549348936,transfert,20190201,110209,15829416839
+33458005709,20190201104608,4,+33681264060,transfert,20190201,104608,15829260496
+33458005709,20190201103657,11,+33146084889,transfert,20190201,103657,15829174242
+33458005709,20190201092302,446,+33675890059,incoming,20190201,092302,15828545471
+33458005709,20190201091327,284,+33673460704,incoming,20190201,091327,15828448208
+33458005709,20190201085823,4,+33673460704,transfert,20190201,085823,15828307426
+33458005709,20190201085411,6,+33607426837,transfert,20190201,085411,15828289032
+33458001003,20190228143400,238,+41794263488,incoming,20190228,143400,15974974393
+33458001003,20190228113205,211,+33458005707,incoming,20190228,113205,15973916445
+33458001003,20190228092611,134,+33458005707,incoming,20190228,092611,15972612729
+33458001003,20190228085545,595,+33458005707,incoming,20190228,085545,15972401947
+33458001003,20190227112523,210,+33458005707,incoming,20190227,112523,15967747730
+33458001003,20190227105846,179,+33458005707,incoming,20190227,105846,15967497425
+33458001003,20190227103922,129,+33458005707,incoming,20190227,103922,15967293250
+33458001003,20190226172715,142,+33458005707,incoming,20190226,172715,15964320515
+33458001003,20190226153916,1067,+33458005707,incoming,20190226,153916,15963530080
+33458001003,20190226151240,352,+33458005707,incoming,20190226,151240,15963177141
+33458001003,20190226144210,137,+33458005707,incoming,20190226,144210,15962849117
+33458001003,20190226142329,616,+33458005707,incoming,20190226,142329,15962748693
+33458001003,20190226141047,434,+33458005707,incoming,20190226,141047,15962606309
+33458001003,20190226135455,204,+33458005707,incoming,20190226,135455,15962442473
+33458001003,20190226105128,111,+33458005707,incoming,20190226,105128,15961302689
+33458001003,20190225133716,0,+33458005707,miss,20190225,133716,15955945916
+33458001003,20190225133645,3,+33458005707,incoming,20190225,133645,15955944013
+33458001003,20190222165650,0,+33458005707,miss,20190222,165650,15944285315
+33458001003,20190222165616,0,+33458005707,miss,20190222,165616,15944280037
+33458005708,20190215200131,0,+33458005707,miss,20190215,200131,15908124606
+33458005708,20190215195942,0,+33458005707,miss,20190215,195942,15908120926
+33458005730,20190228153550,274,+33616863377,transfert,20190228,153550,15975489573
+33458005730,20190228144049,0,+33673195931,transfert,20190228,144049,15975000073
+33458005730,20190228144001,3,+33673195931,transfert,20190228,144001,15974996208
+33458005730,20190228140954,850,+33673195931,transfert,20190228,140954,15974859967
+33458005730,20190228141415,10,+33442849884,transfert,20190228,141415,15974782732
+33458005730,20190228135012,5,+33673195931,transfert,20190228,135012,15974613789
+33458005730,20190228113150,211,+33389884804,transfert,20190228,113150,15973916201
+33458005730,20190228113036,11,+33389884804,transfert,20190228,113036,15973877864
+33458005730,20190228110941,103,+33650556381,transfert,20190228,110941,15973690464
+33458005730,20190228094220,161,+41799459951,transfert,20190228,094220,15972790687
+33458005730,20190228092602,134,+33562799886,transfert,20190228,092602,15972612743
+33458005730,20190228085538,595,+35679470043,transfert,20190228,085538,15972398338
+33458005730,20190228085621,101,+33615621185,transfert,20190228,085621,15972353461
+33458005730,20190227164336,97,+33223211200,transfert,20190227,164336,15970008500
+33458005730,20190227154755,490,+33669608902,transfert,20190227,154755,15969564736
+33458005730,20190227154050,270,+33673460704,transfert,20190227,154050,15969470877
+33458005730,20190227143558,197,+33476983182,transfert,20190227,143558,15968900298
+33458005730,20190227112515,210,+33442657720,transfert,20190227,112515,15967745375
+33458005730,20190227105838,179,+33241616232,transfert,20190227,105838,15967500981
+33458005730,20190227090818,156,+33984366368,transfert,20190227,090818,15966384134
+33458005730,20190226175214,313,+33675890059,transfert,20190226,175214,15964513294
+33458005730,20190226172706,142,+33442657720,transfert,20190226,172706,15964320426
+33458005730,20190226153909,1067,+33642686678,transfert,20190226,153909,15963528922
+33458005730,20190226155011,49,+33645705016,transfert,20190226,155011,15963481032
+33458005730,20190226151231,352,+41794263488,transfert,20190226,151231,15963176299
+33458005730,20190226144635,146,+33476983182,transfert,20190226,144635,15962895015
+33458005730,20190226144239,235,+33494974430,transfert,20190226,144239,15962872478
+33458005730,20190226144201,137,+33783341758,transfert,20190226,144201,15962849502
+33458005730,20190226142321,616,+33984366368,transfert,20190226,142321,15962748954
+33458005730,20190226141040,434,+33616670716,transfert,20190226,141040,15962607400
+33458005730,20190226141731,13,+33984366368,transfert,20190226,141731,15962606631
+33458005730,20190226141211,35,+41799459951,transfert,20190226,141211,15962559924
+33458005730,20190226140421,12,+33616670716,transfert,20190226,140421,15962486762
+33458005730,20190226135804,406,+33783341758,transfert,20190226,135804,15962486570
+33458005730,20190226135445,204,+33562799886,transfert,20190226,135445,15962442440
+33458005730,20190226105118,111,+33442657720,transfert,20190226,105118,15961302603
+33458005730,20190226104721,187,+33442657720,transfert,20190226,104721,15961277310
+33458005730,20190226104820,11,+33645705016,transfert,20190226,104820,15961260874
+33458005730,20190226100954,1395,+33389884804,transfert,20190226,100954,15961099394
+33458005730,20190226094139,300,+33685381243,transfert,20190226,094139,15960605478
+33458005730,20190226093933,5,+33685381243,transfert,20190226,093933,15960543146
+33458005730,20190226091654,560,+33685381243,transfert,20190226,091654,15960416181
+33458005730,20190226091219,145,+33685381243,transfert,20190226,091219,15960314646
+33458005730,20190225171251,419,+33633243774,transfert,20190225,171251,15957869571
+33458005730,20190225163908,192,+33652394331,transfert,20190225,163908,15957578288
+33458005730,20190225153829,1260,+97147095064,transfert,20190225,153829,15957187092
+33458005730,20190225155643,29,+33559122057,transfert,20190225,155643,15957168027
+33458005730,20190225145914,134,+886277335962,transfert,20190225,145914,15956642984
+33458005730,20190225144319,211,+33620063763,transfert,20190225,144319,15956496717
+33458005730,20190225142053,354,+33559122057,transfert,20190225,142053,15956312985
+33458005730,20190225141512,11,+33559122057,transfert,20190225,141512,15956211823
+33458005730,20190225135610,430,+33685381243,transfert,20190225,135610,15956105310
+33458005730,20190225133714,1,+33679684621,transfert,20190225,133714,15955946424
+33458005730,20190225133639,4,+33679684621,transfert,20190225,133639,15955943573
+33458005730,20190225132646,162,+41799459951,transfert,20190225,132646,15955912938
+33458005730,20190225102842,1237,+33609287790,transfert,20190225,102842,15954828384
+33458005730,20190225100925,379,+33652394331,transfert,20190225,100925,15954487425
+33458005730,20190225100533,211,+33652394331,transfert,20190225,100533,15954418398
+33458005730,20190225094508,974,+33494974430,transfert,20190225,094508,15954334749
+33458005730,20190225095345,24,+33984366368,transfert,20190225,095345,15954262846
+33458005730,20190225091753,1767,+33652394331,transfert,20190225,091753,15954194838
+33458005730,20190225090023,818,+33984366368,transfert,20190225,090023,15953876701
+33458005730,20190225091346,3,+33652394331,transfert,20190225,091346,15953875158
+33458005730,20190225090531,9,+33652394331,transfert,20190225,090531,15953801745
+33458005730,20190225090444,10,+33652394331,transfert,20190225,090444,15953796277
+33458005730,20190222165646,0,+33676432999,transfert,20190222,165646,15944285799
+33458005730,20190222154839,151,+33614307192,transfert,20190222,154839,15943813105
+33458005730,20190222152421,223,+33645015395,transfert,20190222,152421,15943648455
+33458005730,20190222145459,272,+33633243774,transfert,20190222,145459,15943428322
+33458005730,20190222142204,135,+33611174432,transfert,20190222,142204,15943141208
+33458005730,20190222140524,335,+33772236715,transfert,20190222,140524,15943038252
+33458005730,20190222140436,4,+33772236715,transfert,20190222,140436,15942993029
+33458005730,20190222135615,4,+33772236715,transfert,20190222,135615,15942941006
+33458005730,20190222122708,63,+33772236715,transfert,20190222,122708,15942580712
+33458005730,20190222114056,58,+33615621185,transfert,20190222,114056,15942252721
+33458005730,20190222114008,5,+33615621185,transfert,20190222,114008,15942238617
+33458005730,20190222111024,80,+33944221155,transfert,20190222,111024,15941985270
+33458005730,20190222102202,275,+33984366368,transfert,20190222,102202,15941543705
+33458005730,20190222101415,140,+33652394331,transfert,20190222,101415,15941446351
+33458005730,20190222100513,127,+33358931697,transfert,20190222,100513,15941366856
+33458005730,20190222095928,75,+33660959720,transfert,20190222,095928,15941300346
+33458005730,20190222094346,393,+33630481676,transfert,20190222,094346,15941202705
+33458005730,20190222093027,331,+33652394331,transfert,20190222,093027,15941067340
+33458005730,20190222093339,110,+33565690270,transfert,20190222,093339,15941062039
+33458005730,20190222092605,273,+33565690270,transfert,20190222,092605,15941019938
+33458005730,20190222092931,12,+33652394331,transfert,20190222,092931,15941015118
+33458005730,20190222091927,3,+33676432999,transfert,20190222,091927,15940926807
+33458005730,20190222091330,297,+33358931697,transfert,20190222,091330,15940917988
+33458005730,20190222091225,11,+33358931697,transfert,20190222,091225,15940876055
+33458005730,20190222091120,13,+33358931697,transfert,20190222,091120,15940865340
+33458005730,20190221174923,1329,+33662687578,transfert,20190221,174923,15938892911
+33458005730,20190221160424,323,+41265667097,transfert,20190221,160424,15938084631
+33458005730,20190221151433,409,+33698573482,transfert,20190221,151433,15937684284
+33458005730,20190221144357,462,+33645015395,transfert,20190221,144357,15937413647
+33458005730,20190221141352,838,+33645015395,transfert,20190221,141352,15937201945
+33458005730,20190221140757,991,+33652394331,transfert,20190221,140757,15937175593
+33458005730,20190221141252,53,+33633679128,transfert,20190221,141252,15937093830
+33458005730,20190221115854,687,+33240695444,transfert,20190221,115854,15936525338
+33458005730,20190221114745,920,+33613611343,transfert,20190221,114745,15936481620
+33458005730,20190221115019,15,+33611353049,transfert,20190221,115019,15936381070
+33458005730,20190220174032,245,+33676432999,transfert,20190220,174032,15932854347
+33458005730,20190220171200,306,+33645705016,transfert,20190220,171200,15932648341
+33458005730,20190220165955,181,+33669457418,transfert,20190220,165955,15932540051
+33458005730,20190220165313,139,+33545685100,transfert,20190220,165313,15932484621
+33458005730,20190220150041,353,+33615621185,transfert,20190220,150041,15931579554
+33458005730,20190220150001,5,+33615621185,transfert,20190220,150001,15931522777
+33458005730,20190220144700,107,anonymous,transfert,20190220,144700,15931418104
+33458005730,20190220114441,787,+33660492250,transfert,20190220,114441,15930549234
+33458005730,20190220112613,304,+33607963979,transfert,20190220,112613,15930325929
+33458005730,20190220111637,103,+33603827717,transfert,20190220,111637,15930211785
+33458005730,20190220110727,134,anonymous,transfert,20190220,110727,15930138497
+33458005730,20190220110316,162,+33607963979,transfert,20190220,110316,15930109458
+33458005730,20190220105846,161,+33663357218,transfert,20190220,105846,15930064749
+33458005730,20190220104548,91,+33627327661,transfert,20190220,104548,15929933227
+33458005730,20190220104059,323,+33607963979,transfert,20190220,104059,15929923474
+33458005730,20190220100806,2112,+33442849884,transfert,20190220,100806,15929889622
+33458005730,20190220103458,104,+33603827717,transfert,20190220,103458,15929828068
+33458005730,20190220103255,16,+33603827717,transfert,20190220,103255,15929784900
+33458005730,20190220101301,348,+33555361373,transfert,20190220,101301,15929636802
+33458005730,20190219174507,59,+33607963979,transfert,20190219,174507,15926995563
+33458005730,20190219173730,437,+33607963979,transfert,20190219,173730,15926988498
+33458005730,20190219173123,506,+41774122410,transfert,20190219,173123,15926955689
+33458005730,20190219173026,200,+33467967059,transfert,20190219,173026,15926913988
+33458005730,20190219172319,496,+33607963979,transfert,20190219,172319,15926895342
+33458005730,20190219173037,4,+41774122410,transfert,20190219,173037,15926892590
+33458005730,20190219172830,75,+33467967059,transfert,20190219,172830,15926886705
+33458005730,20190219172729,16,+33467967059,transfert,20190219,172729,15926872374
+33458005730,20190219170432,88,+33650556381,transfert,20190219,170432,15926715394
+33458005730,20190219163515,183,+33611424770,transfert,20190219,163515,15926494675
+33458005730,20190219162622,607,+33611174432,transfert,20190219,162622,15926477336
+33458005730,20190219163442,18,+41774122410,transfert,20190219,163442,15926469449
+33458005730,20190219161834,247,+33658898832,transfert,20190219,161834,15926352725
+33458005730,20190219161734,123,+33614307192,transfert,20190219,161734,15926322855
+33458005730,20190219161748,6,+33658898832,transfert,20190219,161748,15926311901
+33458005730,20190219154916,320,+33320336742,transfert,20190219,154916,15926088584
+33458005730,20190219144823,347,+33645705016,transfert,20190219,144823,15925508228
+33458005730,20190219143125,105,+33603827717,transfert,20190219,143125,15925302693
+33458005730,20190219115949,156,+33652394331,transfert,20190219,115949,15924525430
+33458005730,20190219114133,799,+33629020184,transfert,20190219,114133,15924465142
+33458005730,20190219115006,5,+33611174432,transfert,20190219,115006,15924426493
+33458005730,20190219114809,40,+33611875634,transfert,20190219,114809,15924414988
+33458005730,20190219113845,160,+33603827717,transfert,20190219,113845,15924345067
+33458005730,20190219112908,165,+33562799886,transfert,20190219,112908,15924257380
+33458005730,20190219110838,356,+33645015395,transfert,20190219,110838,15924087517
+33458005730,20190219110313,312,+33663357218,transfert,20190219,110313,15924024193
+33458005730,20190219110755,4,+33645015395,transfert,20190219,110755,15924023056
+33458005730,20190219104424,4,+33603827717,transfert,20190219,104424,15923789128
+33458005730,20190219103401,546,+33652394331,transfert,20190219,103401,15923775476
+33458005730,20190219104049,43,+41793483459,transfert,20190219,104049,15923763341
+33458005730,20190219102127,93,+33686036353,transfert,20190219,102127,15923577790
+33458005730,20190219101503,164,+33680012144,transfert,20190219,101503,15923528249
+33458005730,20190219101536,3,+33603827717,transfert,20190219,101536,15923510358
+33458005730,20190219094023,268,+33299582112,transfert,20190219,094023,15923187238
+33458005730,20190219090730,98,+33603827717,transfert,20190219,090730,15922852878
+33458005730,20190218172713,1085,+33467967059,transfert,20190218,172713,15920780160
+33458005730,20190218154543,109,+33652394331,transfert,20190218,154543,15919754951
+33458005730,20190218154600,11,+33663357218,transfert,20190218,154600,15919743337
+33458005730,20190218145450,8,+41788784966,transfert,20190218,145450,15919248247
+33458005730,20190218121312,4,+33652394331,transfert,20190218,121312,15918263717
+33458005730,20190218115416,256,+33652394331,transfert,20190218,115416,15918163517
+33458005730,20190218110433,67,+33763643867,transfert,20190218,110433,15917650055
+33458005730,20190218105546,281,+33685381243,transfert,20190218,105546,15917595428
+33458005730,20190218104414,608,+33613611343,transfert,20190218,104414,15917532379
+33458005730,20190218104732,354,+33685381243,transfert,20190218,104732,15917521203
+33458005730,20190218104514,64,+33299206020,transfert,20190218,104514,15917452003
+33458005730,20190218103955,229,+33685381243,transfert,20190218,103955,15917426839
+33458005730,20190218101417,145,+33686036353,transfert,20190218,101417,15917158293
+33458005730,20190218100513,180,+33663357218,transfert,20190218,100513,15917070608
+33458005730,20190216095435,11,+33617963056,transfert,20190216,095435,15909862500
+33458005730,20190215200358,0,+33676432999,transfert,20190215,200358,15908132299
+33458005730,20190215200332,0,+33676432999,transfert,20190215,200332,15908130490
+33458005730,20190215200240,17,+33676432999,transfert,20190215,200240,15908128179
+33458005730,20190215200125,11,+33676432999,transfert,20190215,200125,15908124553
+33458005730,20190215200032,33,+33676432999,transfert,20190215,200032,15908123201
+33458005730,20190215160002,172,+33676599748,transfert,20190215,160002,15906831938
+33458005730,20190215154235,729,+33676599748,transfert,20190215,154235,15906763306
+33458005730,20190215143041,66,+33385981600,transfert,20190215,143041,15906113608
+33458005730,20190215112833,196,+33442361212,transfert,20190215,112833,15905063319
+33458005730,20190215105132,1001,+41794263488,transfert,20190215,105132,15904854518
+33458005730,20190215104658,78,+33676599748,transfert,20190215,104658,15904660202
+33458005730,20190215100424,149,+33615375658,transfert,20190215,100424,15904275025
+33458005730,20190215094901,449,+33652394331,transfert,20190215,094901,15904168172
+33458005730,20190215094256,340,+33615375658,transfert,20190215,094256,15904096629
+33458005730,20190215081138,8,+262692913049,transfert,20190215,081138,15903569258
+33458005730,20190214164409,752,+33645015395,transfert,20190214,164409,15901447055
+33458005730,20190214163940,95,+33612737148,transfert,20190214,163940,15901315418
+33458005730,20190214162504,237,+33652394331,transfert,20190214,162504,15901212748
+33458005730,20190214161140,659,+33619767858,transfert,20190214,161140,15901159038
+33458005730,20190214154008,827,+33629708330,transfert,20190214,154008,15900898323
+33458005730,20190214154843,5,+33652394331,transfert,20190214,154843,15900851768
+33458005730,20190214154746,3,+33652394331,transfert,20190214,154746,15900842480
+33458005730,20190214154447,45,+33652394331,transfert,20190214,154447,15900820680
+33458005730,20190214152905,347,+33685381243,transfert,20190214,152905,15900714985
+33458005730,20190214151100,2,+33772236715,transfert,20190214,151100,15900491206
+33458005730,20190214145638,283,+32473708856,transfert,20190214,145638,15900401011
+33458005730,20190214145520,151,+33650054731,transfert,20190214,145520,15900365433
+33458005730,20190214141755,1469,+33494974430,transfert,20190214,141755,15900227805
+33458005730,20190214143030,12,+33650054731,transfert,20190214,143030,15900136388
+33458005730,20190214142439,11,+33650054731,transfert,20190214,142439,15900090509
+33458005730,20190214135238,558,+41786231234,transfert,20190214,135238,15899903070
+33458005730,20190214125935,54,+33685381243,transfert,20190214,125935,15899661671
+33458005730,20190214125406,11,+32473708856,transfert,20190214,125406,15899636430
+33458005730,20190214120615,4,+33670181428,transfert,20190214,120615,15899426056
+33458005730,20190214120522,8,+33670181428,transfert,20190214,120522,15899421525
+33458005730,20190214111709,1041,+33761274463,transfert,20190214,111709,15899152789
+33458005730,20190214111613,11,+33761274463,transfert,20190214,111613,15898983347
+33458005730,20190214105519,372,+33608429394,transfert,20190214,105519,15898846120
+33458005730,20190214105426,11,+33608429394,transfert,20190214,105426,15898785930
+33458005730,20190214104447,352,+33468810461,transfert,20190214,104447,15898748841
+33458005730,20190214102356,562,+33607559403,transfert,20190214,102356,15898583881
+33458005730,20190214101955,176,+33494974430,transfert,20190214,101955,15898480445
+33458005730,20190214094946,573,+33783341758,transfert,20190214,094946,15898234345
+33458005730,20190214094817,13,+33783341758,transfert,20190214,094817,15898132637
+33458005730,20190213152605,696,+33468898412,transfert,20190213,152605,15895132647
+33458005730,20190213151051,262,+33772236715,transfert,20190213,151051,15894939029
+33458005730,20190213150222,6,+33772236715,transfert,20190213,150222,15894830913
+33458005730,20190213150119,15,+33772236715,transfert,20190213,150119,15894821963
+33458005730,20190213145213,173,+33772236715,transfert,20190213,145213,15894760515
+33458005730,20190213110917,1316,+33680012144,transfert,20190213,110917,15893409675
+33458005730,20190213111155,263,+33442361212,transfert,20190213,111155,15893274440
+33458005730,20190213111032,12,+33442361212,transfert,20190213,111032,15893227372
+33458005730,20190213101609,113,+33658898832,transfert,20190213,101609,15892713004
+33458005730,20190213100709,76,+33611174432,transfert,20190213,100709,15892620792
+33458005730,20190213100540,76,+33611174432,transfert,20190213,100540,15892608028
+33458005730,20190213095035,662,+33611174432,transfert,20190213,095035,15892555405
+33458005730,20190213093537,380,+33607559403,transfert,20190213,093537,15892382158
+33458005730,20190213091715,34,+33607559403,transfert,20190213,091715,15892176069
+33458005730,20190212170330,5,+33660959720,transfert,20190212,170330,15890075685
+33458005730,20190212160930,105,+33660959720,transfert,20190212,160930,15889621823
+33458005730,20190212160855,0,+33660959720,transfert,20190212,160855,15889601693
+33458005730,20190212160754,6,+33660959720,transfert,20190212,160754,15889591892
+33458005730,20190212154427,87,+33663357218,transfert,20190212,154427,15889385686
+33458005730,20190212152339,150,+33388180885,transfert,20190212,152339,15889194310
+33458005730,20190212152025,77,+33476512223,transfert,20190212,152025,15889153684
+33458005730,20190212140104,310,+33388180885,transfert,20190212,140104,15888429502
+33458005730,20190212115921,155,+33565591003,transfert,20190212,115921,15887754536
+33458005730,20190212111354,205,+33688026645,transfert,20190212,111354,15887295684
+33458005730,20190212111325,5,+33688026645,transfert,20190212,111325,15887257278
+33458005730,20190212110542,258,+33607457078,transfert,20190212,110542,15887223407
+33458005730,20190212104123,183,+33626767894,transfert,20190212,104123,15886965775
+33458005730,20190212102419,77,+33626767894,transfert,20190212,102419,15886764719
+33458005730,20190212095622,188,+33661875288,transfert,20190212,095622,15886483448
+33458005730,20190212084137,0,+33612737148,transfert,20190212,084137,15885855050
+33458005730,20190211171655,114,+33684202541,transfert,20190211,171655,15883884846
+33458005730,20190211161859,12,+33617081813,transfert,20190211,161859,15883372020
+33458005730,20190211152327,188,+33247361275,transfert,20190211,152327,15882871634
+33458005730,20190211144215,76,+33607559403,transfert,20190211,144215,15882430982
+33458005730,20190211124713,10,+32474552224,transfert,20190211,124713,15881664826
+33458005730,20190211114819,422,+33388180885,transfert,20190211,114819,15881392728
+33458005730,20190211111901,140,+33603827717,transfert,20190211,111901,15881064778
+33458005730,20190211111526,4,+33603827717,transfert,20190211,111526,15881012057
+33458005730,20190211105618,77,+33388180885,transfert,20190211,105618,15880826672
+33458005730,20190211105222,339,+33607559403,transfert,20190211,105222,15880823769
+33458005730,20190211103901,11,+33388180885,transfert,20190211,103901,15880627342
+33458005730,20190211103608,38,+33603827717,transfert,20190211,103608,15880605017
+33458005730,20190211095922,165,+33661875288,transfert,20190211,095922,15880245281
+33458005730,20190211094702,154,+33603827717,transfert,20190211,094702,15880116320
+33458005730,20190211094733,40,+352621797979,transfert,20190211,094733,15880103934
+33458005730,20190211092237,183,+33603827717,transfert,20190211,092237,15879884838
+33458005730,20190211085005,69,+33607559403,transfert,20190211,085005,15879614500
+33458005730,20190211084841,3,+33603827717,transfert,20190211,084841,15879601934
+33458005730,20190209112826,0,+33783341758,transfert,20190209,112826,15873027470
+33458005730,20190208173754,598,+447528677163,transfert,20190208,173754,15870453790
+33458005730,20190208165539,12,+393408982813,transfert,20190208,165539,15870114681
+33458005730,20190208155432,530,+33555361373,transfert,20190208,155432,15869707984
+33458005730,20190208154829,197,+33629020184,transfert,20190208,154829,15869616078
+33458005730,20190208143933,9,+33616891034,transfert,20190208,143933,15868998289
+33458005730,20190208142636,590,+33626767894,transfert,20190208,142636,15868967930
+33458005730,20190208141808,21,+33467493949,transfert,20190208,141808,15868810574
+33458005730,20190208113948,420,+33467493949,transfert,20190208,113948,15867969733
+33458005730,20190208113852,13,+33467493949,transfert,20190208,113852,15867896805
+33458005730,20190208092137,93,+33388180885,transfert,20190208,092137,15866644402
+33458005730,20190208091956,0,+33388180885,transfert,20190208,091956,15866620636
+33458005730,20190208084157,6,+33626767894,transfert,20190208,084157,15866392617
+33458005730,20190207171053,1806,+33609169071,transfert,20190207,171053,15864616886
+33458005730,20190207165655,250,+33611174432,transfert,20190207,165655,15864339710
+33458005730,20190207161822,82,+33668056931,transfert,20190207,161822,15863983383
+33458005730,20190207160545,368,+33626767894,transfert,20190207,160545,15863908039
+33458005730,20190207160428,194,+33685381243,transfert,20190207,160428,15863876413
+33458005730,20190207154556,2,+33388180885,transfert,20190207,154556,15863660478
+33458005730,20190207144746,635,+33686036353,transfert,20190207,144746,15863253904
+33458005730,20190207143639,200,+33615621185,transfert,20190207,143639,15863097934
+33458005730,20190207143659,6,+33686036353,transfert,20190207,143659,15863073802
+33458005730,20190207142947,43,+33685381243,transfert,20190207,142947,15863020428
+33458005730,20190206170849,676,+33666973566,transfert,20190206,170849,15858647518
+33458005730,20190206170250,161,+33666973566,transfert,20190206,170250,15858537684
+33458005730,20190206160012,1208,+33134979314,transfert,20190206,160012,15858180100
+33458005730,20190206145403,12,+41213458031,transfert,20190206,145403,15857444177
+33458005730,20190206142112,76,+33680573866,transfert,20190206,142112,15857190368
+33458005730,20190206135831,591,+33612962057,transfert,20190206,135831,15857073127
+33458005730,20190206140446,14,+41213458031,transfert,20190206,140446,15857049656
+33458005730,20190206133318,6,+41213458031,transfert,20190206,133318,15856887401
+33458005730,20190206132418,17,+33142185634,transfert,20190206,132418,15856852715
+33458005730,20190206130741,3,+41213458031,transfert,20190206,130741,15856791027
+33458005730,20190206130230,14,+41213458031,transfert,20190206,130230,15856773629
+33458005730,20190206115248,124,+33623387341,transfert,20190206,115248,15856450996
+33458005730,20190206105529,106,+33673460704,transfert,20190206,105529,15855872628
+33458005730,20190206104803,61,+33685381243,transfert,20190206,104803,15855786513
+33458005730,20190206102140,777,+33663357218,transfert,20190206,102140,15855624995
+33458005730,20190206101046,233,+33658898832,transfert,20190206,101046,15855421486
+33458005730,20190206095202,3,+33658898832,transfert,20190206,095202,15855207294
+33458005730,20190206094646,189,+33682682641,transfert,20190206,094646,15855185633
+33458005730,20190206093458,421,+33682682641,transfert,20190206,093458,15855118622
+33458005730,20190205171328,1318,+33492905199,transfert,20190205,171328,15852648447
+33458005730,20190205173151,37,+33612962057,transfert,20190205,173151,15852630566
+33458005730,20190205161515,2644,+33645705016,transfert,20190205,161515,15852363878
+33458005730,20190205165649,5,+33492905199,transfert,20190205,165649,15852341099
+33458005730,20190205165559,9,+33492905199,transfert,20190205,165559,15852335284
+33458005730,20190205152406,79,+33684202541,transfert,20190205,152406,15851466446
+33458005730,20190205141914,824,+33611043368,transfert,20190205,141914,15850957113
+33458005730,20190205112800,1342,+41584604393,transfert,20190205,112800,15849957005
+33458005730,20190205113329,633,+33670552006,transfert,20190205,113329,15849890187
+33458005730,20190205103003,406,+33612737148,transfert,20190205,103003,15849165216
+33458005730,20190205102014,14,+33612737148,transfert,20190205,102014,15849004495
+33458005730,20190205101126,175,+33666973566,transfert,20190205,101126,15848941221
+33458005730,20190205100342,371,+33388180885,transfert,20190205,100342,15848901709
+33458005730,20190205091814,988,+33682641878,transfert,20190205,091814,15848535636
+33458005730,20190204172119,339,+33472350027,transfert,20190204,172119,15846161863
+33458005730,20190204164026,321,+3243823444,transfert,20190204,164026,15845824301
+33458005730,20190204154642,542,+33223211200,transfert,20190204,154642,15845347294
+33458005730,20190204153721,711,+33648939169,transfert,20190204,153721,15845281811
+33458005730,20190204154130,144,+33688026645,transfert,20190204,154130,15845230552
+33458005730,20190204153057,384,+33297558815,transfert,20190204,153057,15845170165
+33458005730,20190204153621,11,+33648939169,transfert,20190204,153621,15845164130
+33458005730,20190204150232,55,+33155123966,transfert,20190204,150232,15844839705
+33458005730,20190204144856,6,+33670552006,transfert,20190204,144856,15844693870
+33458005730,20190204144759,5,+33670552006,transfert,20190204,144759,15844684146
+33458005730,20190204143935,92,+33952026925,transfert,20190204,143935,15844617003
+33458005730,20190204141854,665,+33771242003,transfert,20190204,141854,15844514055
+33458005730,20190204122501,141,+33590041788,transfert,20190204,122501,15843772517
+33458005730,20190204105320,5,+33688026645,transfert,20190204,105320,15842888985
+33458005730,20190204100259,194,+33388180885,transfert,20190204,100259,15842401785
+33458005730,20190201165702,187,+33613611343,transfert,20190201,165702,15831992640
+33458005730,20190201164005,397,+33662417762,transfert,20190201,164005,15831891985
+33458005730,20190201163852,3,+33662417762,transfert,20190201,163852,15831841193
+33458005730,20190201161434,134,+590690619944,transfert,20190201,161434,15831673380
+33458005730,20190201161348,3,+590690619944,transfert,20190201,161348,15831652074
+33458005730,20190201155755,518,+33662417762,transfert,20190201,155755,15831590258
+33458005730,20190201155638,300,+33658898832,transfert,20190201,155638,15831552766
+33458005730,20190201155944,4,+33670552006,transfert,20190201,155944,15831537408
+33458005730,20190201153754,1193,+33661568014,transfert,20190201,153754,15831520165
+33458005730,20190201155718,4,+33662417762,transfert,20190201,155718,15831518981
+33458005730,20190201155704,0,+33662417762,transfert,20190201,155704,15831514113
+33458005730,20190201155529,4,+33662417762,transfert,20190201,155529,15831505297
+33458005730,20190201155148,0,+33662417762,transfert,20190201,155148,15831476202
+33458005730,20190201151544,96,+33662417762,transfert,20190201,151544,15831180175
+33458005730,20190201151007,120,+33673460704,transfert,20190201,151007,15831127181
+33458005730,20190201151045,11,+33658898832,transfert,20190201,151045,15831117657
+33458005730,20190201150308,157,+33388180885,transfert,20190201,150308,15831067155
+33458005730,20190201145547,41,+33673460704,transfert,20190201,145547,15830978354
+33458005730,20190201145133,258,+33603827717,transfert,20190201,145133,15830970663
+33458005730,20190201145505,3,+33673460704,transfert,20190201,145505,15830965682
+33458005730,20190201145349,16,+33673460704,transfert,20190201,145349,15830958560
+33458005730,20190201145112,134,+33388180885,transfert,20190201,145112,15830950634
+33458005730,20190201141839,530,+590690619944,transfert,20190201,141839,15830692084
+33458005730,20190201141808,4,+590690619944,transfert,20190201,141808,15830608246
+33458005730,20190201140556,4,+590690619944,transfert,20190201,140556,15830497626
+33458005730,20190201140343,13,+590690619944,transfert,20190201,140343,15830481615
+33458005730,20190201134707,4,+33659582529,transfert,20190201,134707,15830396493
+33458005730,20190201131952,12,+590690619944,transfert,20190201,131952,15830278316
+33458005730,20190201113436,348,+33681878470,transfert,20190201,113436,15829754717
+33458005730,20190201110256,465,+33549348936,transfert,20190201,110256,15829495562
+33458005730,20190201110855,4,+33681264060,transfert,20190201,110855,15829478513
+33458005730,20190201110831,0,+33681264060,transfert,20190201,110831,15829470422
+33458005730,20190201110209,10,+33549348936,transfert,20190201,110209,15829416485
+33458005730,20190201104707,293,+33681264060,transfert,20190201,104707,15829317177
+33458005730,20190201104740,0,+33146084889,transfert,20190201,104740,15829272006
+33458005730,20190201104608,4,+33681264060,transfert,20190201,104608,15829260672
+33458005730,20190201103747,60,+33146084889,transfert,20190201,103747,15829184963
+33458005730,20190201103657,11,+33146084889,transfert,20190201,103657,15829174382
+33458005730,20190201101511,136,+33358931697,transfert,20190201,101511,15828976765
+33458005730,20190201100359,550,+33238570303,transfert,20190201,100359,15828934745
+33458005730,20190201093216,454,+33238570303,transfert,20190201,093216,15828626703
+33458005730,20190201092216,33,+33662417762,transfert,20190201,092216,15828484542
+33458005730,20190201091327,284,+33673460704,transfert,20190201,091327,15828448085
+33458005730,20190201090917,316,+33607426837,transfert,20190201,090917,15828416908
+33458005730,20190201085823,4,+33673460704,transfert,20190201,085823,15828307307
+33458005730,20190201085453,108,+33607426837,transfert,20190201,085453,15828297477
+33458005730,20190201085411,6,+33607426837,transfert,20190201,085411,15828289120
+33458005730,20190201083825,0,+33681878470,transfert,20190201,083825,15828214150
+33458005730,20190201083045,15,+33681878470,transfert,20190201,083045,15828175732
+33458005707,20190228113150,211,+33389884804,incoming,20190228,113150,15973917388
+33458005707,20190228092602,134,+33562799886,incoming,20190228,092602,15972612250
+33458005707,20190228085538,595,+35679470043,incoming,20190228,085538,15972398846
+33458005707,20190227112515,210,+33442657720,incoming,20190227,112515,15967745661
+33458005707,20190227105838,179,+33241616232,incoming,20190227,105838,15967500856
+33458005707,20190227103913,129,+33630481676,incoming,20190227,103913,15967291217
+33458005707,20190226175214,313,+33675890059,incoming,20190226,175214,15964513340
+33458005707,20190226172706,142,+33442657720,incoming,20190226,172706,15964320359
+33458005707,20190226153909,1067,+33642686678,incoming,20190226,153909,15963529183
+33458005707,20190226151231,352,+41794263488,incoming,20190226,151231,15963176287
+33458005707,20190226144201,137,+33783341758,incoming,20190226,144201,15962849807
+33458005707,20190226142321,616,+33984366368,incoming,20190226,142321,15962748907
+33458005707,20190226141040,434,+33616670716,incoming,20190226,141040,15962607379
+33458005707,20190226140421,12,+33616670716,transfert,20190226,140421,15962486693
+33458005707,20190226135804,406,+33783341758,incoming,20190226,135804,15962486632
+33458005707,20190226135446,204,+33562799886,incoming,20190226,135446,15962441865
+33458005707,20190226105118,111,+33442657720,incoming,20190226,105118,15961302732
+33458005707,20190226100954,1395,+33389884804,incoming,20190226,100954,15961099344
+33458005707,20190225170550,212,+33664672181,incoming,20190225,170550,15957797392
+33458005707,20190225153829,1260,+97147095064,incoming,20190225,153829,15957186042
+33458005707,20190225145914,134,+886277335962,incoming,20190225,145914,15956645593
+33458005707,20190225133714,1,+33679684621,incoming,20190225,133714,15955946450
+33458005707,20190225133639,3,+33679684621,incoming,20190225,133639,15955943659
+33458005707,20190225132646,162,+41799459951,incoming,20190225,132646,15955912929
+33458005707,20190225102842,1237,+33609287790,incoming,20190225,102842,15954828488
+33458005707,20190225100925,379,+33652394331,incoming,20190225,100925,15954487490
+33458005707,20190225100533,211,+33652394331,incoming,20190225,100533,15954418357
+33458005707,20190225095345,24,+33984366368,incoming,20190225,095345,15954262945
+33458005707,20190225091753,1767,+33652394331,incoming,20190225,091753,15954194757
+33458005707,20190225090024,817,+33984366368,incoming,20190225,090024,15953875517
+33458005707,20190225090531,9,+33652394331,transfert,20190225,090531,15953801265
+33458005707,20190222165646,0,+33676432999,miss,20190222,165646,15944286018
+33458005707,20190222154839,151,+33614307192,incoming,20190222,154839,15943813093
+33458005707,20190222152421,223,+33645015395,incoming,20190222,152421,15943648530
+33458005707,20190222140524,335,+33772236715,incoming,20190222,140524,15943038214
+33458005707,20190222140436,4,+33772236715,transfert,20190222,140436,15942993118
+33458005707,20190222135615,4,+33772236715,transfert,20190222,135615,15942940943
+33458005707,20190222122708,63,+33772236715,incoming,20190222,122708,15942580782
+33458005707,20190222111024,80,+33944221155,incoming,20190222,111024,15941985962
+33458005707,20190222102202,275,+33984366368,incoming,20190222,102202,15941543187
+33458005707,20190222094346,393,+33630481676,incoming,20190222,094346,15941202842
+33458005707,20190222093339,110,+33565690270,incoming,20190222,093339,15941061923
+33458005707,20190222092605,273,+33565690270,incoming,20190222,092605,15941019519
+33458005707,20190222092931,12,+33652394331,transfert,20190222,092931,15941014911
+33458005707,20190222091330,297,+33358931697,incoming,20190222,091330,15940917892
+33458005707,20190221174923,1329,+33662687578,incoming,20190221,174923,15938892956
+33458005707,20190221160424,323,+41265667097,incoming,20190221,160424,15938084932
+33458005707,20190221141352,838,+33645015395,incoming,20190221,141352,15937202022
+33458005707,20190221140757,991,+33652394331,incoming,20190221,140757,15937175954
+33458005707,20190221114745,920,+33613611343,incoming,20190221,114745,15936481610
+33458005707,20190221115019,15,+33611353049,transfert,20190221,115019,15936381102
+33458005707,20190220174032,245,+33676432999,incoming,20190220,174032,15932854402
+33458005707,20190220165313,139,+33545685100,incoming,20190220,165313,15932484770
+33458005707,20190220105846,161,+33663357218,incoming,20190220,105846,15930067442
+33458005707,20190220104548,91,+33627327661,incoming,20190220,104548,15929933352
+33458005707,20190220100806,2112,+33442849884,incoming,20190220,100806,15929889796
+33458005707,20190219192130,282,+33607085327,incoming,20190219,192130,15927416999
+33458005707,20190219191428,404,+33607085327,incoming,20190219,191428,15927401890
+33458005707,20190219192123,1,+33607085327,incoming,20190219,192123,15927401721
+33458005707,20190219173123,506,+41774122410,incoming,20190219,173123,15926955720
+33458005707,20190219172319,496,+33607963979,incoming,20190219,172319,15926895349
+33458005707,20190219173037,4,+41774122410,transfert,20190219,173037,15926892679
+33458005707,20190219172830,75,+33467967059,transfert,20190219,172830,15926886711
+33458005707,20190219172729,16,+33467967059,transfert,20190219,172729,15926872669
+33458005707,20190219170432,88,+33650556381,incoming,20190219,170432,15926715475
+33458005707,20190219162622,607,+33611174432,incoming,20190219,162622,15926477400
+33458005707,20190219163442,18,+41774122410,transfert,20190219,163442,15926469881
+33458005707,20190219161734,123,+33614307192,incoming,20190219,161734,15926322709
+33458005707,20190219115949,156,+33652394331,incoming,20190219,115949,15924525684
+33458005707,20190219112908,165,+33562799886,incoming,20190219,112908,15924257360
+33458005707,20190219110838,356,+33645015395,incoming,20190219,110838,15924087623
+33458005707,20190219110313,312,+33663357218,incoming,20190219,110313,15924023972
+33458005707,20190219103401,546,+33652394331,incoming,20190219,103401,15923775412
+33458005707,20190219104049,43,+41793483459,transfert,20190219,104049,15923763424
+33458005707,20190218185709,404,+14383403434,incoming,20190218,185709,15921155163
+33458005707,20190218172713,1085,+33467967059,incoming,20190218,172713,15920780079
+33458005707,20190218154543,109,+33652394331,incoming,20190218,154543,15919755068
+33458005707,20190218154600,11,+33663357218,transfert,20190218,154600,15919743095
+33458005707,20190218145450,8,+41788784966,transfert,20190218,145450,15919248212
+33458005707,20190218110433,67,+33763643867,incoming,20190218,110433,15917650130
+33458005707,20190218104414,608,+33613611343,incoming,20190218,104414,15917532660
+33458005707,20190218100513,180,+33663357218,incoming,20190218,100513,15917070220
+33458005707,20190216095435,11,+33617963056,transfert,20190216,095435,15909862510
+33458005707,20190215200358,0,+33676432999,miss,20190215,200358,15908132311
+33458005707,20190215200332,0,+33676432999,miss,20190215,200332,15908130529
+33458005707,20190215200240,17,+33676432999,incoming,20190215,200240,15908128173
+33458005707,20190215200125,11,+33676432999,incoming,20190215,200125,15908124571
+33458005707,20190215200032,33,+33676432999,incoming,20190215,200032,15908123158
+33458005707,20190215160002,172,+33676599748,incoming,20190215,160002,15906831952
+33458005707,20190215154235,729,+33676599748,incoming,20190215,154235,15906763188
+33458005707,20190215112833,196,+33442361212,incoming,20190215,112833,15905062999
+33458005707,20190215105132,1001,+41794263488,incoming,20190215,105132,15904855459
+33458005707,20190215094901,449,+33652394331,incoming,20190215,094901,15904169073
+33458005707,20190215084532,71,+262692913049,incoming,20190215,084532,15903682580
+33458005707,20190215081138,8,+262692913049,transfert,20190215,081138,15903569273
+33458005707,20190214164409,752,+33645015395,incoming,20190214,164409,15901447182
+33458005707,20190214162504,237,+33652394331,incoming,20190214,162504,15901212631
+33458005707,20190214154008,827,+33629708330,incoming,20190214,154008,15900898522
+33458005707,20190214154746,3,+33652394331,transfert,20190214,154746,15900842342
+33458005707,20190214154447,45,+33652394331,transfert,20190214,154447,15900820813
+33458005707,20190214151047,89,+41786231234,incoming,20190214,151047,15900499448
+33458005707,20190214151100,2,+33772236715,transfert,20190214,151100,15900491042
+33458005707,20190214145638,283,+32473708856,incoming,20190214,145638,15900400916
+33458005707,20190214135238,558,+41786231234,incoming,20190214,135238,15899903161
+33458005707,20190214125406,11,+32473708856,transfert,20190214,125406,15899636416
+33458005707,20190214120615,4,+33670181428,transfert,20190214,120615,15899426100
+33458005707,20190214111710,1041,+33761274463,incoming,20190214,111710,15899151161
+33458005707,20190214111613,11,+33761274463,transfert,20190214,111613,15898983165
+33458005707,20190214105426,11,+33608429394,transfert,20190214,105426,15898785850
+33458005707,20190214094946,573,+33783341758,incoming,20190214,094946,15898235784
+33458005707,20190214094817,13,+33783341758,transfert,20190214,094817,15898132138
+33458005707,20190213155629,97,+33617081813,incoming,20190213,155629,15895308470
+33458005707,20190213151051,262,+33772236715,incoming,20190213,151051,15894939345
+33458005707,20190213150222,6,+33772236715,transfert,20190213,150222,15894830691
+33458005707,20190213150119,15,+33772236715,transfert,20190213,150119,15894822227
+33458005707,20190213145213,173,+33772236715,incoming,20190213,145213,15894759930
+33458005707,20190213110917,1316,+33680012144,incoming,20190213,110917,15893409586
+33458005707,20190213111032,12,+33442361212,transfert,20190213,111032,15893227570
+33458005707,20190213105428,186,+33612962057,incoming,20190213,105428,15893100196
+33458005707,20190212164742,79,+41244952204,incoming,20190212,164742,15889942935
+33458005707,20190212160930,105,+33660959720,incoming,20190212,160930,15889622487
+33458005707,20190212154427,87,+33663357218,incoming,20190212,154427,15889385530
+33458005707,20190212152025,77,+33476512223,incoming,20190212,152025,15889152986
+33458005707,20190212111354,205,+33688026645,incoming,20190212,111354,15887295699
+33458005707,20190211143439,472,+33482300091,incoming,20190211,143439,15882418560
+33458005707,20190211124713,10,+32474552224,transfert,20190211,124713,15881664846
+33458005707,20190209112826,0,+33783341758,miss,20190209,112826,15873027477
+33458005707,20190208154829,197,+33629020184,incoming,20190208,154829,15869615984
+33458005707,20190208143933,9,+33616891034,transfert,20190208,143933,15868998188
+33458005707,20190208141808,21,+33467493949,incoming,20190208,141808,15868810363
+33458005707,20190208113948,420,+33467493949,incoming,20190208,113948,15867969829
+33458005707,20190207161822,82,+33668056931,transfert,20190207,161822,15863983294
+33458005707,20190207160428,194,+33685381243,incoming,20190207,160428,15863877000
+33458005707,20190207142947,43,+33685381243,transfert,20190207,142947,15863020370
+33458005707,20190206160012,1208,+33134979314,incoming,20190206,160012,15858180125
+33458005707,20190206132418,17,+33142185634,transfert,20190206,132418,15856852645
+33458005707,20190206104803,61,+33685381243,incoming,20190206,104803,15855786919
+33458005707,20190206102140,777,+33663357218,incoming,20190206,102140,15855625013
+33458005707,20190206094646,189,+33682682641,incoming,20190206,094646,15855185262
+33458005707,20190206093458,421,+33682682641,incoming,20190206,093458,15855118073
+33458005707,20190205171328,1318,+33492905199,incoming,20190205,171328,15852648277
+33458005707,20190205173151,37,+33612962057,transfert,20190205,173151,15852630513
+33458005707,20190205161515,2644,+33645705016,incoming,20190205,161515,15852364122
+33458005707,20190205165649,5,+33492905199,transfert,20190205,165649,15852341154
+33458005707,20190205165559,9,+33492905199,transfert,20190205,165559,15852335352
+33458005707,20190205141914,824,+33611043368,incoming,20190205,141914,15850956882
+33458005707,20190205113329,633,+33670552006,incoming,20190205,113329,15849891026
+33458005707,20190205102014,14,+33612737148,transfert,20190205,102014,15849003751
+33458005707,20190204153721,711,+33648939169,incoming,20190204,153721,15845282725
+33458005707,20190204153057,384,+33297558815,incoming,20190204,153057,15845170125
+33458005707,20190204153621,11,+33648939169,transfert,20190204,153621,15845164151
+33458005707,20190204144856,6,+33670552006,transfert,20190204,144856,15844693852
+33458005707,20190204144759,5,+33670552006,transfert,20190204,144759,15844684281
+33458005707,20190204143935,92,+33952026925,incoming,20190204,143935,15844617030
+33458005707,20190201163852,3,+33662417762,transfert,20190201,163852,15831841187
+33458005707,20190201161348,3,+590690619944,transfert,20190201,161348,15831652215
+33458005707,20190201155755,518,+33662417762,incoming,20190201,155755,15831590291
+33458005707,20190201155944,4,+33670552006,transfert,20190201,155944,15831537254
+33458005707,20190201153754,1193,+33661568014,incoming,20190201,153754,15831520115
+33458005707,20190201155704,0,+33662417762,miss,20190201,155704,15831513775
+33458005707,20190201155529,4,+33662417762,transfert,20190201,155529,15831505362
+33458005707,20190201155148,0,+33662417762,miss,20190201,155148,15831476234
+33458005707,20190201151544,96,+33662417762,incoming,20190201,151544,15831180621
+33458005707,20190201145547,41,+33673460704,incoming,20190201,145547,15830978318
+33458005707,20190201145112,134,+33388180885,incoming,20190201,145112,15830949823
+33458005707,20190201141839,530,+590690619944,incoming,20190201,141839,15830692117
+33458005707,20190201113436,348,+33681878470,incoming,20190201,113436,15829754537
+33458005707,20190201110256,465,+33549348936,incoming,20190201,110256,15829493514
+33458005707,20190201110831,0,+33681264060,miss,20190201,110831,15829470484
+33458005707,20190201104707,293,+33681264060,incoming,20190201,104707,15829316047
+33458005707,20190201104740,0,+33146084889,miss,20190201,104740,15829271538
+33458005707,20190201103747,60,+33146084889,incoming,20190201,103747,15829185158
+33458005707,20190201101511,136,+33358931697,incoming,20190201,101511,15828976484
+33458005707,20190201100359,550,+33238570303,incoming,20190201,100359,15828935171
+33458005707,20190201093216,454,+33238570303,incoming,20190201,093216,15828626671
+33458005707,20190201092216,33,+33662417762,incoming,20190201,092216,15828484560
+33458005707,20190201090917,316,+33607426837,incoming,20190201,090917,15828417303
+33458005707,20190201085453,108,+33607426837,incoming,20190201,085453,15828297377
+33458005707,20190201083825,0,+33681878470,miss,20190201,083825,15828214292
+33458005707,20190201083045,15,+33681878470,transfert,20190201,083045,15828175700