phoneLine,datetime,duration,callingNumber,nature,date,time,idkey
+33458001861,20211103140837,168,+33475818427,incoming,20211103,140837,110732227623
+33458001861,20211104164707,0,+33476775541,miss,20211104,164707,110740448832
+33458001861,20211105110048,0,+33456141963,miss,20211105,110048,110743350082
+33458001861,20211108093417,0,+33475803872,miss,20211108,093417,110750916438
+33458001861,20211108093428,0,+33475803872,miss,20211108,093428,110750931221
+33458001861,20211108113432,47,+33475803872,incoming,20211108,113432,110752740328
+33458001861,20211109101504,56,+33476844790,incoming,20211109,101504,110758634579
+33458001861,20211109104448,52,+33665515068,incoming,20211109,104448,110759122318
+33458001861,20211109152346,230,+33458005730,incoming,20211109,152346,110762030629
+33458001861,20211118112142,15,+33476844790,incoming,20211118,112142,110804594049
+33458001861,20211118151907,0,+33476234344,miss,20211118,151907,110806918600
+33458001861,20211119092630,0,+33456648067,miss,20211119,092630,110809703073
+33458001861,20211119150437,570,+33456648067,incoming,20211119,150437,110813263789
+33458001861,20211124153441,124,+33475803874,incoming,20211124,153441,110837139148
+33458001861,20211126115409,71,+33476844790,incoming,20211126,115409,110848858804
+33458001861,20211126150533,16,+33671464837,incoming,20211126,150533,110850601794
+33458001861,20211126150601,14,+33671464837,incoming,20211126,150601,110850608744
+33458001861,20211126150639,32,+33671464837,incoming,20211126,150639,110850618434
+33458001861,20211130101442,90,+33687723647,incoming,20211130,101442,110864878663
+33458005730,20211102090656,45,+971562603504,transfert,20211102,090656,110721722025
+33458005730,20211102091829,715,+33603488247,transfert,20211102,091829,110722065680
+33458005730,20211102093037,24,+27114822045,transfert,20211102,093037,110722075390
+33458005730,20211102100622,11,+27114822045,transfert,20211102,100622,110722667528
+33458005730,20211102102703,21,+971558040200,transfert,20211102,102703,110723033656
+33458005730,20211102110036,143,+27114822045,transfert,20211102,110036,110723613895
+33458005730,20211102111205,79,+33610974737,transfert,20211102,111205,110723768890
+33458005730,20211102111708,359,+33617908113,transfert,20211102,111708,110723925858
+33458005730,20211102140013,0,+33619572616,transfert,20211102,140013,110725334565
+33458005730,20211102140141,0,+33619572616,transfert,20211102,140141,110725338597
+33458005730,20211102140132,9,+33617548615,transfert,20211102,140132,110725338783
+33458005730,20211102140130,0,+33619572616,transfert,20211102,140130,110725338858
+33458005730,20211102140158,0,+33619572616,transfert,20211102,140158,110725341911
+33458005730,20211102140211,0,+33619572616,transfert,20211102,140211,110725344628
+33458005730,20211102140242,0,+33619572616,transfert,20211102,140242,110725351449
+33458005730,20211102140158,68,+33617548615,transfert,20211102,140158,110725354349
+33458005730,20211102140316,0,+33619572616,transfert,20211102,140316,110725355983
+33458005730,20211102140026,399,+33771151571,transfert,20211102,140026,110725415276
+33458005730,20211102140940,0,+33638396077,transfert,20211102,140940,110725441697
+33458005730,20211102141253,311,+33619572616,transfert,20211102,141253,110725548811
+33458005730,20211102141859,4,+33638396077,transfert,20211102,141859,110725559184
+33458005730,20211102142326,106,+33658829804,transfert,20211102,142326,110725641454
+33458005730,20211102142555,111,+33458005730,transfert,20211102,142555,110725677041
+33458005730,20211102142629,83,+33638396077,transfert,20211102,142629,110725677092
+33458005730,20211102142916,104,+33652488097,transfert,20211102,142916,110725718247
+33458005730,20211102143214,38,+33652488097,transfert,20211102,143214,110725740285
+33458005730,20211102143430,30,+33638396077,transfert,20211102,143430,110725771938
+33458005730,20211102143413,351,+33458005730,transfert,20211102,143413,110725840334
+33458005730,20211102144038,10,+33458005730,transfert,20211102,144038,110725853103
+33458005730,20211102144108,4,+33638396077,transfert,20211102,144108,110725857189
+33458005730,20211102144035,160,+33652488097,transfert,20211102,144035,110725884265
+33458005730,20211102144343,128,+33652488097,transfert,20211102,144343,110725916100
+33458005730,20211102144439,127,+33617548615,transfert,20211102,144439,110725930384
+33458005730,20211102144700,45,+33458005730,transfert,20211102,144700,110725943192
+33458005730,20211102144733,18,+33638396077,transfert,20211102,144733,110725943941
+33458005730,20211102144807,104,+33638396077,transfert,20211102,144807,110725972434
+33458005730,20211102145742,11,+33638396077,transfert,20211102,145742,110726075474
+33458005730,20211102150736,11,+33638396077,transfert,20211102,150736,110726207693
+33458005730,20211102150729,7,+41795042424,transfert,20211102,150729,110726208545
+33458005730,20211102151127,67,+33638396077,transfert,20211102,151127,110726273465
+33458005730,20211102151102,94,+41795042424,transfert,20211102,151102,110726274802
+33458005730,20211102151452,0,+33638396077,transfert,20211102,151452,110726305676
+33458005730,20211102151654,43,+33638396077,transfert,20211102,151654,110726343257
+33458005730,20211102151921,126,anonymous,transfert,20211102,151921,110726395040
+33458005730,20211102152148,6,+33638396077,transfert,20211102,152148,110726401005
+33458005730,20211102152216,0,+33638396077,transfert,20211102,152216,110726404107
+33458005730,20211102152844,209,anonymous,transfert,20211102,152844,110726541775
+33458005730,20211102153604,241,+33617548615,transfert,20211102,153604,110726650196
+33458005730,20211102154340,129,+33608862404,transfert,20211102,154340,110726724112
+33458005730,20211102155032,63,+33970847021,transfert,20211102,155032,110726798569
+33458005730,20211102163030,9,+33633039937,transfert,20211102,163030,110727297100
+33458005730,20211102163513,0,+31653111382,transfert,20211102,163513,110727357128
+33458005730,20211102174053,225,+34635613244,transfert,20211102,174053,110728046549
+33458005730,20211102174731,660,+33681374820,transfert,20211102,174731,110728153110
+33458005730,20211103090703,114,+33298282390,transfert,20211103,090703,110729020349
+33458005730,20211103092038,9,+212673705766,transfert,20211103,092038,110729157779
+33458005730,20211103093544,273,+33695196249,transfert,20211103,093544,110729401099
+33458005730,20211103105733,436,+33754326506,transfert,20211103,105733,110730599166
+33458005730,20211103111552,68,+33476986415,transfert,20211103,111552,110730761429
+33458005730,20211103111056,520,+212673705766,transfert,20211103,111056,110730796544
+33458005730,20211103142548,129,+33603488247,transfert,20211103,142548,110732416170
+33458005730,20211103145024,290,+33642165112,transfert,20211103,145024,110732734650
+33458005730,20211103154627,705,+17174180231,transfert,20211103,154627,110733478369
+33458005730,20211103160908,230,+33631305931,transfert,20211103,160908,110733651448
+33458005730,20211103161158,90,+33607119109,transfert,20211103,161158,110733654596
+33458005730,20211103164318,81,+212673705766,transfert,20211103,164318,110734008187
+33458005730,20211103164725,99,+212673705766,transfert,20211103,164725,110734056167
+33458005730,20211103171242,67,+33667709788,transfert,20211103,171242,110734305461
+33458005730,20211103174429,42,+33608644288,transfert,20211103,174429,110734571086
+33458005730,20211103174559,0,+33608644288,transfert,20211103,174559,110734575138
+33458005730,20211103174653,185,+33608644288,transfert,20211103,174653,110734603364
+33458005730,20211104094319,12,+33158281106,transfert,20211104,094319,110735901910
+33458005730,20211104095112,0,+33663651705,transfert,20211104,095112,110736001177
+33458005730,20211104095257,5,+33675890059,transfert,20211104,095257,110736024147
+33458005730,20211104095724,0,+33638396077,transfert,20211104,095724,110736085284
+33458005730,20211104095936,0,+33638396077,transfert,20211104,095936,110736103343
+33458005730,20211104100616,0,+33686810204,transfert,20211104,100616,110736201104
+33458005730,20211104102135,4,+33675890059,transfert,20211104,102135,110736398537
+33458005730,20211104102047,246,+33607342822,transfert,20211104,102047,110736441805
+33458005730,20211104104616,154,+27114822045,transfert,20211104,104616,110736776842
+33458005730,20211104104848,493,+33662475438,transfert,20211104,104848,110736889013
+33458005730,20211104112744,376,+33663391116,transfert,20211104,112744,110737383063
+33458005730,20211104113801,0,+33473894879,transfert,20211104,113801,110737508082
+33458005730,20211104114357,0,+33473894879,transfert,20211104,114357,110737519562
+33458005730,20211104114852,219,+33652394331,transfert,20211104,114852,110737625259
+33458005730,20211104140533,301,+33663651705,transfert,20211104,140533,110738591261
+33458005730,20211104142635,88,anonymous,transfert,20211104,142635,110738796046
+33458005730,20211104142825,154,anonymous,transfert,20211104,142825,110738833669
+33458005730,20211104144448,327,anonymous,transfert,20211104,144448,110739062646
+33458005730,20211104150923,300,+33652394331,transfert,20211104,150923,110739358174
+33458005730,20211104163355,312,+33698410590,transfert,20211104,163355,110740363046
+33458005730,20211104164939,84,+33476775541,transfert,20211104,164939,110740493905
+33458005730,20211104170014,783,+33161378246,transfert,20211104,170014,110740713271
+33458005730,20211104171105,241,+33473894879,transfert,20211104,171105,110740728715
+33458005730,20211105090251,4,+33683345312,transfert,20211105,090251,110741872990
+33458005730,20211105092908,0,+41225585967,transfert,20211105,092908,110742191796
+33458005730,20211105093206,0,+33663651705,transfert,20211105,093206,110742196824
+33458005730,20211105093240,4,+41225585967,transfert,20211105,093240,110742203044
+33458005730,20211105093454,76,+33971099166,transfert,20211105,093454,110742240259
+33458005730,20211105094747,122,+33683345312,transfert,20211105,094747,110742409002
+33458005730,20211105095745,0,+41225585967,transfert,20211105,095745,110742516510
+33458005730,20211105103648,0,+212688972776,transfert,20211105,103648,110743037028
+33458005730,20211105104640,268,+33663651705,transfert,20211105,104640,110743214574
+33458005730,20211105110013,6,+33456141963,transfert,20211105,110013,110743340360
+33458005730,20211105112439,168,+4745210555,transfert,20211105,112439,110743686757
+33458005730,20211105113353,0,+390474506029,transfert,20211105,113353,110743787581
+33458005730,20211105113331,0,+33951918755,transfert,20211105,113331,110743790630
+33458005730,20211105113758,300,+390474506029,transfert,20211105,113758,110743889603
+33458005730,20211105114259,0,+4745210555,transfert,20211105,114259,110743927121
+33458005730,20211105115715,0,+390474506029,transfert,20211105,115715,110744086860
+33458005730,20211105141631,0,+33669408876,transfert,20211105,141631,110745052309
+33458005730,20211105142058,172,+33669408876,transfert,20211105,142058,110745101126
+33458005730,20211105145929,323,+33658829804,transfert,20211105,145929,110745578998
+33458005730,20211105150909,5,+2250779472979,transfert,20211105,150909,110745628167
+33458005730,20211105154715,212,+33603297940,transfert,20211105,154715,110746092437
+33458005730,20211105163010,0,+33603297940,transfert,20211105,163010,110746544906
+33458005730,20211105163303,229,+33603297940,transfert,20211105,163303,110746581513
+33458005730,20211108091113,0,+33971099166,transfert,20211108,091113,110750599928
+33458005730,20211108094851,130,+33971099166,transfert,20211108,094851,110751161859
+33458005730,20211108101524,134,+33788278710,transfert,20211108,101524,110751571322
+33458005730,20211108101921,24,+27114822045,transfert,20211108,101921,110751612731
+33458005730,20211108102318,29,+971558040200,transfert,20211108,102318,110751668420
+33458005730,20211108102927,112,+27114822045,transfert,20211108,102927,110751780896
+33458005730,20211108105528,44,+2250779472979,transfert,20211108,105528,110752167726
+33458005730,20211108111149,745,+442074838360,transfert,20211108,111149,110752576885
+33458005730,20211108112922,0,+33553669966,transfert,20211108,112922,110752669187
+33458005730,20211108112809,282,+33684567088,transfert,20211108,112809,110752696036
+33458005730,20211108113346,0,+33684567088,transfert,20211108,113346,110752718817
+33458005730,20211108113558,0,+33684567088,transfert,20211108,113558,110752743815
+33458005730,20211108113322,163,+33553669966,transfert,20211108,113322,110752748359
+33458005730,20211108113831,144,+33684567088,transfert,20211108,113831,110752816643
+33458005730,20211108114044,238,+971562603504,transfert,20211108,114044,110752873717
+33458005730,20211108140102,5,+33603297940,transfert,20211108,140102,110753943307
+33458005730,20211108140652,10,+33603297940,transfert,20211108,140652,110754020433
+33458005730,20211108141302,20,+971508000641,transfert,20211108,141302,110754105198
+33458005730,20211108142640,10,+33603297940,transfert,20211108,142640,110754285708
+33458005730,20211108145802,238,+33617548615,transfert,20211108,145802,110754756212
+33458005730,20211108151218,6,+971508000641,transfert,20211108,151218,110754904834
+33458005730,20211108151358,133,+33667050996,transfert,20211108,151358,110754953880
+33458005730,20211108153032,95,+33148769436,transfert,20211108,153032,110755170898
+33458005730,20211108160832,44,+33546683560,transfert,20211108,160832,110755647044
+33458005730,20211108162236,0,+33553669966,transfert,20211108,162236,110755867475
+33458005730,20211108162734,0,+33553669966,transfert,20211108,162734,110755922730
+33458005730,20211108163725,5,+33437858840,transfert,20211108,163725,110756021894
+33458005730,20211108163802,0,+33437858840,transfert,20211108,163802,110756022364
+33458005730,20211108163854,4,+33437858840,transfert,20211108,163854,110756039849
+33458005730,20211108164159,169,+33553669966,transfert,20211108,164159,110756108784
+33458005730,20211108171210,52,+33788913685,transfert,20211108,171210,110756423321
+33458005730,20211109091618,8,+33625488381,transfert,20211109,091618,110757802051
+33458005730,20211109091500,0,+33625488381,transfert,20211109,091500,110757826839
+33458005730,20211109092230,0,anonymous,transfert,20211109,092230,110757929630
+33458005730,20211109093454,373,anonymous,transfert,20211109,093454,110758139302
+33458005730,20211109095504,46,+33987016699,transfert,20211109,095504,110758340681
+33458005730,20211109095139,799,+33625488381,transfert,20211109,095139,110758476433
+33458005730,20211109101012,154,+33625488381,transfert,20211109,101012,110758594285
+33458005730,20211109105413,76,+33622736769,transfert,20211109,105413,110759180240
+33458005730,20211109112643,79,+33668441005,transfert,20211109,112643,110759675227
+33458005730,20211109114530,11,+33686810204,transfert,20211109,114530,110759916503
+33458005730,20211109114509,0,+33668441005,transfert,20211109,114509,110759941961
+33458005730,20211109113957,719,+447792139506,transfert,20211109,113957,110760006985
+33458005730,20211109141346,0,+33781787151,transfert,20211109,141346,110761086178
+33458005730,20211109141933,0,+33670310281,transfert,20211109,141933,110761177419
+33458005730,20211109141709,289,+33624777862,transfert,20211109,141709,110761177430
+33458005730,20211109142243,0,+33670310281,transfert,20211109,142243,110761207635
+33458005730,20211109144743,145,+33681541196,transfert,20211109,144743,110761534114
+33458005730,20211109145442,0,+33670310281,transfert,20211109,145442,110761606374
+33458005730,20211109150414,0,+33458002013,transfert,20211109,150414,110761726400
+33458005730,20211109150401,868,+33625488381,transfert,20211109,150401,110761906797
+33458005730,20211109152224,314,+33188885249,transfert,20211109,152224,110762029208
+33458005730,20211109153959,459,+33383534773,transfert,20211109,153959,110762291710
+33458005730,20211109155946,85,+33684458334,transfert,20211109,155946,110762468159
+33458005730,20211109161446,23,+971504738361,transfert,20211109,161446,110762645493
+33458005730,20211109161009,395,+33670310281,transfert,20211109,161009,110762664338
+33458005730,20211109170724,0,+33601381917,transfert,20211109,170724,110763264096
+33458005730,20211109175542,0,+33627471888,transfert,20211109,175542,110763700016
+33458005730,20211110091337,317,+33607119109,transfert,20211110,091337,110764688831
+33458005730,20211110094807,0,+33687344651,transfert,20211110,094807,110765066616
+33458005730,20211110094910,358,+33687344651,transfert,20211110,094910,110765150549
+33458005730,20211110105219,362,+33627471888,transfert,20211110,105219,110766062309
+33458005730,20211110111039,154,+33622736769,transfert,20211110,111039,110766267067
+33458005730,20211110111620,569,+33782320399,transfert,20211110,111620,110766443113
+33458005730,20211110114452,9,+33647840983,transfert,20211110,114452,110766716068
+33458005730,20211110114707,9,+33677255022,transfert,20211110,114707,110766749658
+33458005730,20211110114518,138,+33647840983,transfert,20211110,114518,110766751547
+33458005730,20211110114128,1013,+262692223550,transfert,20211110,114128,110766900397
+33458005730,20211110145545,174,+33666583500,transfert,20211110,145545,110768431431
+33458005730,20211110150125,413,+33607672909,transfert,20211110,150125,110768549715
+33458005730,20211110151112,357,anonymous,transfert,20211110,151112,110768661744
+33458005730,20211110153511,519,+33762331947,transfert,20211110,153511,110768996756
+33458005730,20211110171429,1403,+33670047376,transfert,20211110,171429,110770256136
+33458005730,20211112092037,148,+33632089796,transfert,20211112,092037,110773546621
+33458005730,20211112100553,87,+971558040200,transfert,20211112,100553,110774131130
+33458005730,20211112102311,0,+33622740669,transfert,20211112,102311,110774389458
+33458005730,20211112103045,113,+33622740669,transfert,20211112,103045,110774484788
+33458005730,20211112105145,62,+33685588332,transfert,20211112,105145,110774761710
+33458005730,20211112110810,263,+32460950013,transfert,20211112,110810,110775030914
+33458005730,20211112113244,0,anonymous,transfert,20211112,113244,110775316092
+33458005730,20211112113528,299,anonymous,transfert,20211112,113528,110775383955
+33458005730,20211112141146,0,+32460950013,transfert,20211112,141146,110776464434
+33458005730,20211112141650,0,+33760305520,transfert,20211112,141650,110776513572
+33458005730,20211112143441,0,+33760305520,transfert,20211112,143441,110776703786
+33458005730,20211112144802,0,+32460950013,transfert,20211112,144802,110776843619
+33458005730,20211112150106,0,anonymous,transfert,20211112,150106,110776992858
+33458005730,20211112150412,346,anonymous,transfert,20211112,150412,110777062033
+33458005730,20211112150630,247,+32460950013,transfert,20211112,150630,110777069253
+33458005730,20211112153506,8,+33663995593,transfert,20211112,153506,110777340968
+33458005730,20211112153557,0,+33683345312,transfert,20211112,153557,110777351805
+33458005730,20211112153555,106,+33663995593,transfert,20211112,153555,110777364483
+33458005730,20211112161810,0,+33458002013,transfert,20211112,161810,110777788210
+33458005730,20211115093441,0,+33663651705,transfert,20211115,093441,110782161433
+33458005730,20211115110141,317,+33663651705,transfert,20211115,110141,110783576953
+33458005730,20211115111952,332,+33241460570,transfert,20211115,111952,110783836171
+33458005730,20211115112859,0,+33666973566,transfert,20211115,112859,110783906236
+33458005730,20211115115151,91,+33155123964,transfert,20211115,115151,110784252724
+33458005730,20211115141124,0,+33663651705,transfert,20211115,141124,110785358603
+33458005730,20211115141708,98,+33663651705,transfert,20211115,141708,110785448294
+33458005730,20211115143921,50,+33607119109,transfert,20211115,143921,110785732839
+33458005730,20211115144050,129,+33607119109,transfert,20211115,144050,110785767928
+33458005730,20211115145811,0,+33607349901,transfert,20211115,145811,110786012087
+33458005730,20211115150138,234,+33607349901,transfert,20211115,150138,110786076635
+33458005730,20211115151659,0,+33607349901,transfert,20211115,151659,110786238851
+33458005730,20211115154744,304,+33607349901,transfert,20211115,154744,110786706569
+33458005730,20211115162119,0,+33668441005,transfert,20211115,162119,110787094637
+33458005730,20211115162440,0,+33668441005,transfert,20211115,162440,110787107471
+33458005730,20211115162634,68,+33456190471,transfert,20211115,162634,110787137846
+33458005730,20211115163029,464,+33668441005,transfert,20211115,163029,110787262659
+33458005730,20211115164601,0,+33666973566,transfert,20211115,164601,110787356199
+33458005730,20211115164645,421,+33666973566,transfert,20211115,164645,110787440423
+33458005730,20211115165123,178,+33950795116,transfert,20211115,165123,110787453397
+33458005730,20211115171152,0,+33473894879,transfert,20211115,171152,110787659064
+33458005730,20211115172606,0,+3267830185,transfert,20211115,172606,110787772156
+33458005730,20211115172952,0,+33473894879,transfert,20211115,172952,110787826448
+33458005730,20211115173957,0,+33473894879,transfert,20211115,173957,110787891363
+33458005730,20211115174836,103,+33675890059,transfert,20211115,174836,110787962341
+33458005730,20211116091233,140,+33762331947,transfert,20211116,091233,110788982251
+33458005730,20211116092907,359,+32460950013,transfert,20211116,092907,110789242248
+33458005730,20211116094445,0,+32460950013,transfert,20211116,094445,110789390674
+33458005730,20211116094949,116,+32460950013,transfert,20211116,094949,110789470585
+33458005730,20211116101158,113,+33487914759,transfert,20211116,101158,110789809863
+33458005730,20211116101404,379,+33660803629,transfert,20211116,101404,110789910381
+33458005730,20211116105226,572,+41795042424,transfert,20211116,105226,110790566296
+33458005730,20211116110837,159,+33619922832,transfert,20211116,110837,110790703908
+33458005730,20211116111045,223,+33658898832,transfert,20211116,111045,110790757041
+33458005730,20211116140029,206,+33622827472,transfert,20211116,140029,110792382183
+33458005730,20211116142155,127,anonymous,transfert,20211116,142155,110792643163
+33458005730,20211116143000,64,+33658898832,transfert,20211116,143000,110792736166
+33458005730,20211116143111,188,+33951918755,transfert,20211116,143111,110792778262
+33458005730,20211116143624,588,+596696834334,transfert,20211116,143624,110792936651
+33458005730,20211116145154,323,+596696834334,transfert,20211116,145154,110793084119
+33458005730,20211116151413,94,+33622827472,transfert,20211116,151413,110793328022
+33458005730,20211116152034,77,+33617448943,transfert,20211116,152034,110793409487
+33458005730,20211116153132,103,+212673705766,transfert,20211116,153132,110793566230
+33458005730,20211116154951,120,+33622827472,transfert,20211116,154951,110793814579
+33458005730,20211116161101,0,anonymous,transfert,20211116,161101,110794066419
+33458005730,20211116161538,24,anonymous,transfert,20211116,161538,110794122311
+33458005730,20211116164226,84,+212673705766,transfert,20211116,164226,110794460145
+33458005730,20211116165400,0,+33673195931,transfert,20211116,165400,110794588192
+33458005730,20211116165519,177,+33673195931,transfert,20211116,165519,110794627467
+33458005730,20211116170739,645,+33621108133,transfert,20211116,170739,110794831011
+33458005730,20211117090654,0,+33618580899,transfert,20211117,090654,110796087364
+33458005730,20211117092611,0,+491729709000,transfert,20211117,092611,110796273661
+33458005730,20211117093014,0,+33618580899,transfert,20211117,093014,110796350631
+33458005730,20211117092724,492,+491729709000,transfert,20211117,092724,110796386184
+33458005730,20211117093934,0,+33618580899,transfert,20211117,093934,110796467996
+33458005730,20211117095417,0,anonymous,transfert,20211117,095417,110796664051
+33458005730,20211117095744,0,anonymous,transfert,20211117,095744,110796674975
+33458005730,20211117095730,154,+33618580899,transfert,20211117,095730,110796694168
+33458005730,20211117100850,152,+33675890059,transfert,20211117,100850,110796859656
+33458005730,20211117103603,69,+2252722484545,transfert,20211117,103603,110797234585
+33458005730,20211117103606,414,+491729709000,transfert,20211117,103606,110797320123
+33458005730,20211117105133,64,+33607522794,transfert,20211117,105133,110797462368
+33458005730,20211117105032,602,+33687344651,transfert,20211117,105032,110797571454
+33458005730,20211117105757,0,+33679443299,transfert,20211117,105757,110797600658
+33458005730,20211117140229,0,+41795042424,transfert,20211117,140229,110799240580
+33458005730,20211117141352,66,+33640384866,transfert,20211117,141352,110799374108
+33458005730,20211117141515,0,+41795042424,transfert,20211117,141515,110799382295
+33458005730,20211117145351,36,+33762331947,transfert,20211117,145351,110799852687
+33458005730,20211117145200,232,+33473894879,transfert,20211117,145200,110799873018
+33458005730,20211117160147,399,+33388180888,transfert,20211117,160147,110800756930
+33458005730,20211117164038,0,+41795042424,transfert,20211117,164038,110801136388
+33458005730,20211117171926,24,+33971099166,transfert,20211117,171926,110801541350
+33458005730,20211118090205,0,+33788913685,transfert,20211118,090205,110802746305
+33458005730,20211118094235,0,+33686561365,transfert,20211118,094235,110803219975
+33458005730,20211118094741,0,+33686561365,transfert,20211118,094741,110803291258
+33458005730,20211118095142,40,+33620625466,transfert,20211118,095142,110803340094
+33458005730,20211118095750,0,+33686561365,transfert,20211118,095750,110803447124
+33458005730,20211118100022,106,+33686561365,transfert,20211118,100022,110803473588
+33458005730,20211118094520,1347,+41796261790,transfert,20211118,094520,110803561094
+33458005730,20211118110831,0,+33788913685,transfert,20211118,110831,110804437930
+33458005730,20211118111024,125,+33788913685,transfert,20211118,111024,110804459836
+33458005730,20211118112521,0,+33155123964,transfert,20211118,112521,110804638979
+33458005730,20211118112530,9,+33155123964,transfert,20211118,112530,110804650048
+33458005730,20211118112233,377,+33450255915,transfert,20211118,112233,110804685400
+33458005730,20211118114541,508,+33553669966,transfert,20211118,114541,110805029757
+33458005730,20211118141217,8,+33781787151,transfert,20211118,141217,110806099778
+33458005730,20211118141302,234,+33781787151,transfert,20211118,141302,110806152950
+33458005730,20211118143426,80,+33553669966,transfert,20211118,143426,110806388107
+33458005730,20211118144315,216,+33611174432,transfert,20211118,144315,110806516994
+33458005730,20211118144340,463,+33666973566,transfert,20211118,144340,110806576628
+33458005730,20211118145918,6,+33603297940,transfert,20211118,145918,110806664803
+33458005730,20211118153242,5,+33450255915,transfert,20211118,153242,110807091218
+33458005730,20211118154022,9,+33773849387,transfert,20211118,154022,110807184472
+33458005730,20211118154139,0,+33450255915,transfert,20211118,154139,110807195747
+33458005730,20211118154128,97,+33650430420,transfert,20211118,154128,110807212380
+33458005730,20211118154023,241,+33612796452,transfert,20211118,154023,110807230112
+33458005730,20211118175336,41,+33158281106,transfert,20211118,175336,110808585390
+33458005730,20211119091945,0,+33662351739,transfert,20211119,091945,110809639657
+33458005730,20211119093252,0,+33662351739,transfert,20211119,093252,110809800390
+33458005730,20211119093803,6,+33618905573,transfert,20211119,093803,110809832386
+33458005730,20211119093851,5,+33618905573,transfert,20211119,093851,110809840753
+33458005730,20211119093935,0,+33618905573,transfert,20211119,093935,110809879836
+33458005730,20211119094234,8,+33603297940,transfert,20211119,094234,110809888394
+33458005730,20211119094529,3,+33618905573,transfert,20211119,094529,110809918352
+33458005730,20211119094534,0,+33648544291,transfert,20211119,094534,110809930356
+33458005730,20211119094720,0,+33648544291,transfert,20211119,094720,110809947967
+33458005730,20211119095112,0,+41795042424,transfert,20211119,095112,110809994345
+33458005730,20211119095541,82,+33648544291,transfert,20211119,095541,110810065967
+33458005730,20211119095653,0,+33663651705,transfert,20211119,095653,110810068600
+33458005730,20211119100546,75,+33688260884,transfert,20211119,100546,110810197573
+33458005730,20211119100917,13,+33630909711,transfert,20211119,100917,110810232235
+33458005730,20211119102739,246,+32460950013,transfert,20211119,102739,110810527899
+33458005730,20211119110233,0,+33771151571,transfert,20211119,110233,110810976981
+33458005730,20211119110758,282,+33771151571,transfert,20211119,110758,110811069640
+33458005730,20211119115506,0,+33663651705,transfert,20211119,115506,110811624166
+33458005730,20211119115637,0,+33663651705,transfert,20211119,115637,110811637062
+33458005730,20211119115732,0,+33663651705,transfert,20211119,115732,110811653685
+33458005730,20211119115841,0,+33663651705,transfert,20211119,115841,110811655737
+33458005730,20211119142006,314,+33673472183,transfert,20211119,142006,110812692233
+33458005730,20211119144414,205,+33553669966,transfert,20211119,144414,110812948111
+33458005730,20211119151844,296,+33663342878,transfert,20211119,151844,110813369527
+33458005730,20211119153455,0,+33473894879,transfert,20211119,153455,110813531909
+33458005730,20211119153758,201,+33473894879,transfert,20211119,153758,110813580399
+33458005730,20211119164711,91,anonymous,transfert,20211119,164711,110814301308
+33458005730,20211119164504,263,+33648544291,transfert,20211119,164504,110814311812
+33458005730,20211119170622,0,+33652488097,transfert,20211119,170622,110814472606
+33458005730,20211119170730,83,+33652488097,transfert,20211119,170730,110814487047
+33458005730,20211122094210,0,+33494964141,transfert,20211122,094210,110818879639
+33458005730,20211122103102,0,+33476668542,transfert,20211122,103102,110819600985
+33458005730,20211122103137,0,+33778802136,transfert,20211122,103137,110819610176
+33458005730,20211122103248,83,+33476668542,transfert,20211122,103248,110819644996
+33458005730,20211122103233,213,+33778802136,transfert,20211122,103233,110819674071
+33458005730,20211122114544,59,+16672478168,transfert,20211122,114544,110820673727
+33458005730,20211122114737,17,+33650430420,transfert,20211122,114737,110820693059
+33458005730,20211122140917,101,+33476234349,transfert,20211122,140917,110821988699
+33458005730,20211122143416,0,+33629469194,transfert,20211122,143416,110822306580
+33458005730,20211122150415,368,+33629469194,transfert,20211122,150415,110822762629
+33458005730,20211122150851,138,+33298282390,transfert,20211122,150851,110822772506
+33458005730,20211122152944,308,+33675890059,transfert,20211122,152944,110823091697
+33458005730,20211122153946,0,+33622827472,transfert,20211122,153946,110823165291
+33458005730,20211122154227,315,+33479640255,transfert,20211122,154227,110823264595
+33458005730,20211122155615,33,+33785823449,transfert,20211122,155615,110823380511
+33458005730,20211122155838,28,+442380002136,transfert,20211122,155838,110823409864
+33458005730,20211122170424,8,+33298282390,transfert,20211122,170424,110824215974
+33458005730,20211122174405,0,+33615535563,transfert,20211122,174405,110824601994
+33458005730,20211122174603,103,+33615535563,transfert,20211122,174603,110824620333
+33458005730,20211123092332,11,+33384852210,transfert,20211123,092332,110825822792
+33458005730,20211123092439,23,+33231662907,transfert,20211123,092439,110825841235
+33458005730,20211123092454,0,+33384852210,transfert,20211123,092454,110825849995
+33458005730,20211123092832,551,+33384852210,transfert,20211123,092832,110826000465
+33458005730,20211123101102,9,+33650430420,transfert,20211123,101102,110826484516
+33458005730,20211123101851,259,+33609437063,transfert,20211123,101851,110826671994
+33458005730,20211123140710,0,+33684341039,transfert,20211123,140710,110829148176
+33458005730,20211123141454,0,+33684341039,transfert,20211123,141454,110829233857
+33458005730,20211123141617,187,+33684341039,transfert,20211123,141617,110829278962
+33458005730,20211123142020,1372,+33684341039,transfert,20211123,142020,110829581013
+33458005730,20211123145915,0,+33683345312,transfert,20211123,145915,110829803569
+33458005730,20211123150023,0,+33683345312,transfert,20211123,150023,110829840792
+33458005730,20211123150626,0,+33683345312,transfert,20211123,150626,110829902496
+33458005730,20211123150740,4,+33683345312,transfert,20211123,150740,110829909685
+33458005730,20211123151401,8,+33625910134,transfert,20211123,151401,110830001563
+33458005730,20211123151630,4,+33625910134,transfert,20211123,151630,110830035665
+33458005730,20211123151529,255,+33629469194,transfert,20211123,151529,110830076206
+33458005730,20211123152059,4,+33625910134,transfert,20211123,152059,110830093711
+33458005730,20211123153427,400,+33683345312,transfert,20211123,153427,110830369846
+33458005730,20211123154504,386,+33658898832,transfert,20211123,154504,110830506672
+33458005730,20211123160511,0,+33687344651,transfert,20211123,160511,110830697475
+33458005730,20211123160556,450,+33630909711,transfert,20211123,160556,110830798587
+33458005730,20211123164923,672,+32486418501,transfert,20211123,164923,110831395145
+33458005730,20211123170204,0,+33339033955,transfert,20211123,170204,110831447717
+33458005730,20211124100025,88,+33662816504,transfert,20211124,100025,110833519751
+33458005730,20211124100128,0,+33450514936,transfert,20211124,100128,110833536044
+33458005730,20211124100344,74,+33450514936,transfert,20211124,100344,110833564334
+33458005730,20211124102122,98,+33231662907,transfert,20211124,102122,110833812865
+33458005730,20211124110233,139,+33662816504,transfert,20211124,110233,110834399836
+33458005730,20211124111010,10,+971506620240,transfert,20211124,111010,110834475889
+33458005730,20211124111131,101,+33661800203,transfert,20211124,111131,110834510407
+33458005730,20211124113421,90,+33611814766,transfert,20211124,113421,110834818114
+33458005730,20211124140750,5,+33141629000,transfert,20211124,140750,110836053282
+33458005730,20211124142304,511,+491729709000,transfert,20211124,142304,110836331780
+33458005730,20211124142508,692,+33782320399,transfert,20211124,142508,110836396252
+33458005730,20211124143945,0,+33682599061,transfert,20211124,143945,110836443005
+33458005730,20211124151120,65,+33648544291,transfert,20211124,151120,110836831847
+33458005730,20211124151458,729,+442073163882,transfert,20211124,151458,110837015897
+33458005730,20211124161409,91,+33972173809,transfert,20211124,161409,110837618501
+33458005730,20211124163551,0,+33603339339,transfert,20211124,163551,110837902722
+33458005730,20211124164257,206,+33603339339,transfert,20211124,164257,110837986234
+33458005730,20211124164913,503,+33625910134,transfert,20211124,164913,110838106529
+33458005730,20211124171140,195,+33625910134,transfert,20211124,171140,110838284274
+33458005730,20211124171921,13,+971506620240,transfert,20211124,171921,110838327011
+33458005730,20211125091640,8,+33607426837,transfert,20211125,091640,110839651303
+33458005730,20211125100945,0,+33622827472,transfert,20211125,100945,110840347711
+33458005730,20211125101052,0,+33622827472,transfert,20211125,101052,110840393180
+33458005730,20211125102529,0,+33623520587,transfert,20211125,102529,110840604190
+33458005730,20211125112307,0,+33687344651,transfert,20211125,112307,110841360690
+33458005730,20211125112623,0,+33679443299,transfert,20211125,112623,110841431357
+33458005730,20211125113902,0,+33679443299,transfert,20211125,113902,110841584257
+33458005730,20211125114010,0,+33679443299,transfert,20211125,114010,110841606515
+33458005730,20211125114116,0,+33622827472,transfert,20211125,114116,110841649796
+33458005730,20211125114119,0,+33679443299,transfert,20211125,114119,110841650062
+33458005730,20211125144528,175,+33607426837,transfert,20211125,144528,110843289151
+33458005730,20211125145525,7,+33972173809,transfert,20211125,145525,110843380125
+33458005730,20211125145428,70,+33607426837,transfert,20211125,145428,110843382152
+33458005730,20211125150314,194,+33786149147,transfert,20211125,150314,110843523695
+33458005730,20211125152053,68,+33661800203,transfert,20211125,152053,110843745995
+33458005730,20211125154607,0,+33679443299,transfert,20211125,154607,110844108879
+33458005730,20211125160239,0,+33254745426,transfert,20211125,160239,110844364691
+33458005730,20211125155502,868,+33608106241,transfert,20211125,155502,110844382936
+33458005730,20211125161331,368,+33623520587,transfert,20211125,161331,110844507343
+33458005730,20211125162206,0,+33254745426,transfert,20211125,162206,110844574037
+33458005730,20211125163256,0,+33679290150,transfert,20211125,163256,110844707841
+33458005730,20211125163601,313,+33679290150,transfert,20211125,163601,110844778727
+33458005730,20211126090352,0,+33607148862,transfert,20211126,090352,110846480340
+33458005730,20211126091039,0,+33607148862,transfert,20211126,091039,110846553788
+33458005730,20211126092418,0,+33607148862,transfert,20211126,092418,110846715962
+33458005730,20211126093848,0,+33607148862,transfert,20211126,093848,110846900857
+33458005730,20211126095639,127,+33241831363,transfert,20211126,095639,110847165491
+33458005730,20211126104555,337,+33607148862,transfert,20211126,104555,110847942700
+33458005730,20211126105227,0,+33618544859,transfert,20211126,105227,110847960856
+33458005730,20211126105639,6,+33173301072,transfert,20211126,105639,110848015221
+33458005730,20211126105335,273,+33618544859,transfert,20211126,105335,110848036847
+33458005730,20211126111407,1,+262692223550,transfert,20211126,111407,110848276954
+33458005730,20211126111953,228,+33661800203,transfert,20211126,111953,110848414326
+33458005730,20211126140420,0,+33782320399,transfert,20211126,140420,110849851595
+33458005730,20211126140916,7,+22995921954,transfert,20211126,140916,110849893460
+33458005730,20211126140958,5,+22995921954,transfert,20211126,140958,110849896061
+33458005730,20211126140639,226,+33782320399,transfert,20211126,140639,110849903194
+33458005730,20211126141231,0,+33637818720,transfert,20211126,141231,110849965008
+33458005730,20211126141559,0,+33637818720,transfert,20211126,141559,110850008465
+33458005730,20211126142828,222,+33479310660,transfert,20211126,142828,110850164490
+33458005730,20211126143551,38,+33485880462,transfert,20211126,143551,110850220321
+33458005730,20211126145732,169,+33637818720,transfert,20211126,145732,110850532353
+33458005730,20211126153107,41,+33630909711,transfert,20211126,153107,110850941445
+33458005730,20211126162019,47,+33458008077,transfert,20211126,162019,110851541098
+33458005730,20211126164748,5,+33188749761,transfert,20211126,164748,110851851588
+33458005730,20211126171321,0,+33662816504,transfert,20211126,171321,110852133768
+33458005730,20211129090129,6,+33611174432,transfert,20211129,090129,110856150943
+33458005730,20211129090157,0,+33611174432,transfert,20211129,090157,110856176233
+33458005730,20211129090345,26,+33611174432,transfert,20211129,090345,110856189686
+33458005730,20211129091432,7,+33607342822,transfert,20211129,091432,110856338416
+33458005730,20211129091908,0,+33662816504,transfert,20211129,091908,110856423929
+33458005730,20211129093311,12,+33607342822,transfert,20211129,093311,110856611760
+33458005730,20211129093404,32,+33607342822,transfert,20211129,093404,110856628018
+33458005730,20211129093628,0,+33611174432,transfert,20211129,093628,110856650466
+33458005730,20211129093704,4,+33611174432,transfert,20211129,093704,110856661313
+33458005730,20211129093751,0,+33611174432,transfert,20211129,093751,110856679842
+33458005730,20211129102302,124,+33611174432,transfert,20211129,102302,110857429428
+33458005730,20211129104039,117,+33651873250,transfert,20211129,104039,110857717789
+33458005730,20211129111922,0,+33658898832,transfert,20211129,111922,110858296416
+33458005730,20211129113841,220,+33754326506,transfert,20211129,113841,110858660057
+33458005730,20211129120001,0,+33662816504,transfert,20211129,120001,110858935763
+33458005730,20211129140254,188,+33611174432,transfert,20211129,140254,110859939950
+33458005730,20211129141401,654,+33661800203,transfert,20211129,141401,110860200060
+33458005730,20211129152719,53,+97248664519,transfert,20211129,152719,110861108432
+33458005730,20211129152950,59,+33158281106,transfert,20211129,152950,110861148583
+33458005730,20211129155208,155,+33681878470,transfert,20211129,155208,110861478380
+33458005730,20211129160617,365,+41796798751,transfert,20211129,160617,110861720788
+33458005730,20211129161745,0,+33773849387,transfert,20211129,161745,110861799482
+33458005730,20211129162251,29,+33479640255,transfert,20211129,162251,110861866133
+33458005730,20211129162341,58,+33479640255,transfert,20211129,162341,110861884673
+33458005730,20211129165046,42,+33638163863,transfert,20211129,165046,110862228003
+33458005730,20211129165838,14,+33479640255,transfert,20211129,165838,110862327665
+33458005730,20211129171028,9,+33141707070,transfert,20211129,171028,110862456426
+33458005730,20211130091752,8,+33614250757,transfert,20211130,091752,110864020008
+33458005730,20211130092426,5,+33614250757,transfert,20211130,092426,110864112067
+33458005730,20211130093245,12,+33614250757,transfert,20211130,093245,110864221944
+33458005730,20211130095135,352,+33662816504,transfert,20211130,095135,110864586886
+33458005730,20211130100915,0,+33662816504,transfert,20211130,100915,110864776884
+33458005730,20211130101036,0,+33662816504,transfert,20211130,101036,110864800771
+33458005730,20211130102455,45,+33652394331,transfert,20211130,102455,110865031024
+33458005730,20211130112918,110,+33633924936,transfert,20211130,112918,110866052197
+33458005730,20211130113313,169,+33545685100,transfert,20211130,113313,110866132478
+33458005730,20211130113354,0,+33616237477,transfert,20211130,113354,110866147708
+33458005730,20211130114021,184,+33658207824,transfert,20211130,114021,110866247920
+33458005730,20211130140429,0,+33679982591,transfert,20211130,140429,110867520299
+33458005730,20211130142251,8,+33633910438,transfert,20211130,142251,110867739070
+33458005730,20211130142329,0,+33681541196,transfert,20211130,142329,110867769442
+33458005730,20211130145427,24,+33614250757,transfert,20211130,145427,110868179372
+33458005730,20211130150908,0,+33788278710,transfert,20211130,150908,110868407980
+33458005730,20211130151201,0,+48736092846,transfert,20211130,151201,110868457279
+33458005730,20211130151454,20,+48736092846,transfert,20211130,151454,110868466469
+33458005730,20211130150834,442,+33681541196,transfert,20211130,150834,110868472381
+33458005730,20211130152119,16,+4369917509121,transfert,20211130,152119,110868554396
+33458005730,20211130151957,298,+33611174432,transfert,20211130,151957,110868600859
+33458005730,20211130154059,301,+48736092846,transfert,20211130,154059,110868896862
+33458005730,20211130155431,104,+33622740669,transfert,20211130,155431,110869036733
+33458005730,20211130161534,6,+33666165242,transfert,20211130,161534,110869308337
+33458005730,20211130160921,697,+33695860186,transfert,20211130,160921,110869377208
+33458005730,20211130170734,13,+33633202179,transfert,20211130,170734,110869960378
+33458005730,20211130171715,0,+33662816504,transfert,20211130,171715,110870074107
+33458005730,20211130171858,16,+33662816504,transfert,20211130,171858,110870084915
+33458005730,20211130173812,9,+33633202179,transfert,20211130,173812,110870281649
+33458005709,20211102091829,715,+33603488247,incoming,20211102,091829,110722067115
+33458005709,20211102101135,0,+33607559403,miss,20211102,101135,110722776768
+33458005709,20211102111708,359,+33617908113,incoming,20211102,111708,110723924909
+33458005709,20211102140014,0,+33619572616,miss,20211102,140014,110725335084
+33458005709,20211102140130,0,+33619572616,miss,20211102,140130,110725338064
+33458005709,20211102140141,0,+33619572616,miss,20211102,140141,110725340278
+33458005709,20211102140132,9,+33617548615,transfert,20211102,140132,110725340441
+33458005709,20211102140211,0,+33619572616,miss,20211102,140211,110725343602
+33458005709,20211102140158,0,+33619572616,miss,20211102,140158,110725345002
+33458005709,20211102140242,0,+33619572616,miss,20211102,140242,110725350925
+33458005709,20211102140316,0,+33619572616,miss,20211102,140316,110725355623
+33458005709,20211102140026,399,+33771151571,incoming,20211102,140026,110725417986
+33458005709,20211102140940,0,+33638396077,miss,20211102,140940,110725439462
+33458005709,20211102141253,311,+33619572616,incoming,20211102,141253,110725548719
+33458005709,20211102141859,0,+33638396077,miss,20211102,141859,110725560598
+33458005709,20211102142326,91,+33658829804,incoming,20211102,142326,110725640456
+33458005709,20211102142555,104,+33458005730,incoming,20211102,142555,110725676703
+33458005709,20211102142747,0,+33638396077,miss,20211102,142747,110725676747
+33458005709,20211102142916,0,+33652488097,miss,20211102,142916,110725699736
+33458005709,20211102142943,0,+33652488097,miss,20211102,142943,110725705653
+33458005709,20211102143010,0,+33652488097,miss,20211102,143010,110725712738
+33458005709,20211102143037,0,+33652488097,miss,20211102,143037,110725718658
+33458005709,20211102143215,0,+33652488097,miss,20211102,143215,110725739924
+33458005709,20211102143242,0,+33652488097,miss,20211102,143242,110725742349
+33458005709,20211102143413,347,+33458005730,incoming,20211102,143413,110725839920
+33458005709,20211102144035,156,+33652488097,incoming,20211102,144035,110725884920
+33458005709,20211102144344,125,+33652488097,incoming,20211102,144344,110725919531
+33458005709,20211102144553,50,+33617548615,incoming,20211102,144553,110725930334
+33458005709,20211102144746,1,+33638396077,incoming,20211102,144746,110725944541
+33458005709,20211102144701,36,+33458005730,incoming,20211102,144701,110725944552
+33458005709,20211102144807,0,+33638396077,miss,20211102,144807,110725952999
+33458005709,20211102144847,0,+33638396077,miss,20211102,144847,110725957881
+33458005709,20211102144834,0,+33638396077,miss,20211102,144834,110725960121
+33458005709,20211102144916,0,+33638396077,miss,20211102,144916,110725964172
+33458005709,20211102144901,0,+33638396077,miss,20211102,144901,110725966278
+33458005709,20211102144928,0,+33638396077,miss,20211102,144928,110725966865
+33458005709,20211102144941,3,+33638396077,incoming,20211102,144941,110725975243
+33458005709,20211102145742,0,+33638396077,miss,20211102,145742,110726075535
+33458005709,20211102151452,0,+33638396077,miss,20211102,151452,110726306373
+33458005709,20211102152216,0,+33638396077,miss,20211102,152216,110726404617
+33458005709,20211102152544,13,+33777840647,incoming,20211102,152544,110726461058
+33458005709,20211102152621,344,+33777840647,incoming,20211102,152621,110726540197
+33458005709,20211102153604,241,+33617548615,incoming,20211102,153604,110726649482
+33458005709,20211102155032,63,+33970847021,incoming,20211102,155032,110726800443
+33458005709,20211102163513,0,+31653111382,miss,20211102,163513,110727361310
+33458005709,20211102174219,0,+33633330101,miss,20211102,174219,110728031543
+33458005709,20211102174053,225,+34635613244,incoming,20211102,174053,110728046363
+33458005709,20211102174731,660,+33681374820,incoming,20211102,174731,110728152241
+33458005709,20211104095112,0,+33663651705,miss,20211104,095112,110736003690
+33458005709,20211104095153,0,+33675890059,miss,20211104,095153,110736016008
+33458005709,20211104095334,0,+33675890059,miss,20211104,095334,110736034701
+33458005709,20211104095724,0,+33638396077,miss,20211104,095724,110736084797
+33458005709,20211104095937,0,+33638396077,miss,20211104,095937,110736109919
+33458005709,20211104100616,0,+33686810204,miss,20211104,100616,110736203950
+33458005709,20211104101954,0,+33675890059,miss,20211104,101954,110736375144
+33458005709,20211104102005,0,+33675890059,miss,20211104,102005,110736397684
+33458005709,20211104105055,382,+33675890059,incoming,20211104,105055,110736894069
+33458005709,20211104112744,376,+33663391116,incoming,20211104,112744,110737385966
+33458005709,20211104113801,0,+33473894879,miss,20211104,113801,110737511796
+33458005709,20211104113647,460,+33675890059,incoming,20211104,113647,110737519001
+33458005709,20211104114357,0,+33473894879,miss,20211104,114357,110737519448
+33458005709,20211104114852,219,+33652394331,incoming,20211104,114852,110737625368
+33458005709,20211104140533,301,+33663651705,incoming,20211104,140533,110738593910
+33458005709,20211104142825,154,anonymous,incoming,20211104,142825,110738833432
+33458005709,20211104144448,327,anonymous,incoming,20211104,144448,110739062674
+33458005709,20211104150923,300,+33652394331,incoming,20211104,150923,110739357907
+33458005709,20211104164940,84,+33476775541,incoming,20211104,164940,110740494903
+33458005709,20211104171105,241,+33473894879,incoming,20211104,171105,110740727253
+33458005709,20211104174806,0,+33675890059,miss,20211104,174806,110741005665
+33458005709,20211105092908,0,+41225585967,miss,20211105,092908,110742196638
+33458005709,20211105093206,0,+33663651705,miss,20211105,093206,110742197488
+33458005709,20211105093454,76,+33971099166,incoming,20211105,093454,110742240267
+33458005709,20211105094747,122,+33683345312,incoming,20211105,094747,110742413150
+33458005709,20211105100614,658,+33675890059,incoming,20211105,100614,110742774479
+33458005709,20211105103648,0,+212688972776,miss,20211105,103648,110743042691
+33458005709,20211105104640,268,+33663651705,incoming,20211105,104640,110743218912
+33458005709,20211105112439,168,+4745210555,incoming,20211105,112439,110743693432
+33458005709,20211105113331,0,+33951918755,miss,20211105,113331,110743788660
+33458005709,20211105113353,0,+390474506029,miss,20211105,113353,110743795381
+33458005709,20211105113758,299,+390474506029,incoming,20211105,113758,110743891334
+33458005709,20211105114259,0,+4745210555,miss,20211105,114259,110743927595
+33458005709,20211105115715,0,+390474506029,miss,20211105,115715,110744092792
+33458005709,20211105141631,0,+33669408876,miss,20211105,141631,110745051928
+33458005709,20211105142058,172,+33669408876,incoming,20211105,142058,110745100571
+33458005709,20211105145929,323,+33658829804,incoming,20211105,145929,110745579725
+33458005709,20211105163011,0,+33603297940,miss,20211105,163011,110746543555
+33458005709,20211108091113,0,+33971099166,miss,20211108,091113,110750605620
+33458005709,20211108094851,130,+33971099166,incoming,20211108,094851,110751163641
+33458005709,20211108101524,134,+33788278710,incoming,20211108,101524,110751588021
+33458005709,20211108111149,745,+442074838360,incoming,20211108,111149,110752579786
+33458005709,20211108112922,0,+33553669966,miss,20211108,112922,110752668935
+33458005709,20211108112809,282,+33684567088,incoming,20211108,112809,110752702466
+33458005709,20211108113346,0,+33684567088,miss,20211108,113346,110752724195
+33458005709,20211108113559,0,+33684567088,miss,20211108,113559,110752745496
+33458005709,20211108113322,163,+33553669966,incoming,20211108,113322,110752746783
+33458005709,20211108113915,241,+33633330101,incoming,20211108,113915,110752848441
+33458005709,20211108124608,0,+33633330101,miss,20211108,124608,110753468080
+33458005709,20211108124812,0,+33633330101,miss,20211108,124812,110753472628
+33458005709,20211108140255,0,+33675890059,miss,20211108,140255,110753958959
+33458005709,20211108140306,0,+33675890059,miss,20211108,140306,110753974211
+33458005709,20211108140452,0,+33675890059,miss,20211108,140452,110753994029
+33458005709,20211108141111,0,+33675890059,miss,20211108,141111,110754080186
+33458005709,20211108142147,477,+33675890059,incoming,20211108,142147,110754323293
+33458005709,20211108144523,192,+33675890059,incoming,20211108,144523,110754580088
+33458005709,20211108145448,83,+33675890059,incoming,20211108,145448,110754684204
+33458005709,20211108145844,0,+33675890059,miss,20211108,145844,110754722114
+33458005709,20211108145954,0,+33675890059,miss,20211108,145954,110754734470
+33458005709,20211108145802,238,+33617548615,incoming,20211108,145802,110754757150
+33458005709,20211108150209,95,+33675890059,incoming,20211108,150209,110754781490
+33458005709,20211108151358,133,+33667050996,incoming,20211108,151358,110754953652
+33458005709,20211108153409,168,+33675890059,incoming,20211108,153409,110755232804
+33458005709,20211108153910,404,+33633330101,incoming,20211108,153910,110755354082
+33458005709,20211108155115,348,+33633330101,incoming,20211108,155115,110755505798
+33458005709,20211108162236,0,+33553669966,miss,20211108,162236,110755869989
+33458005709,20211108162734,0,+33553669966,miss,20211108,162734,110755923232
+33458005709,20211108164159,169,+33553669966,incoming,20211108,164159,110756107535
+33458005709,20211109091501,0,+33625488381,miss,20211109,091501,110757843539
+33458005709,20211109092230,0,anonymous,miss,20211109,092230,110757928070
+33458005709,20211109093455,373,anonymous,incoming,20211109,093455,110758142663
+33458005709,20211109095139,799,+33625488381,incoming,20211109,095139,110758476606
+33458005709,20211109101012,154,+33625488381,incoming,20211109,101012,110758588332
+33458005709,20211109105414,76,+33622736769,incoming,20211109,105414,110759201068
+33458005709,20211109112643,79,+33668441005,incoming,20211109,112643,110759679798
+33458005709,20211109114530,11,+33686810204,transfert,20211109,114530,110759918455
+33458005709,20211109114509,0,+33668441005,miss,20211109,114509,110759947233
+33458005709,20211109113957,719,+447792139506,incoming,20211109,113957,110760011697
+33458005709,20211109141346,0,+33781787151,miss,20211109,141346,110761085790
+33458005709,20211109141933,0,+33670310281,miss,20211109,141933,110761176550
+33458005709,20211109141709,289,+33624777862,incoming,20211109,141709,110761178614
+33458005709,20211109142244,0,+33670310281,miss,20211109,142244,110761209604
+33458005709,20211109144743,145,+33681541196,incoming,20211109,144743,110761537410
+33458005709,20211109145442,0,+33670310281,miss,20211109,145442,110761607867
+33458005709,20211109150414,0,+33458002013,miss,20211109,150414,110761726552
+33458005709,20211109150401,868,+33625488381,incoming,20211109,150401,110761908743
+33458005709,20211109154904,0,+33675890059,miss,20211109,154904,110762309398
+33458005709,20211109155946,85,+33684458334,incoming,20211109,155946,110762467312
+33458005709,20211109161009,395,+33670310281,incoming,20211109,161009,110762661629
+33458005709,20211109175542,0,+33627471888,miss,20211109,175542,110763700848
+33458005709,20211110094807,0,+33687344651,miss,20211110,094807,110765067488
+33458005709,20211112102312,0,+33622740669,miss,20211112,102312,110774385716
+33458005709,20211112110810,263,+32460950013,incoming,20211112,110810,110775026719
+33458005709,20211112113244,0,anonymous,miss,20211112,113244,110775311542
+33458005709,20211112113528,299,anonymous,incoming,20211112,113528,110775385952
+33458005709,20211112141146,0,+32460950013,miss,20211112,141146,110776462284
+33458005709,20211112141650,0,+33760305520,miss,20211112,141650,110776513698
+33458005709,20211112143441,0,+33760305520,miss,20211112,143441,110776705417
+33458005709,20211112144802,0,+32460950013,miss,20211112,144802,110776845508
+33458005709,20211112150106,0,anonymous,miss,20211112,150106,110776993350
+33458005709,20211112150412,346,anonymous,incoming,20211112,150412,110777062630
+33458005709,20211112150630,247,+32460950013,incoming,20211112,150630,110777068803
+33458005709,20211112153557,0,+33683345312,miss,20211112,153557,110777353250
+33458005709,20211112161810,0,+33458002013,miss,20211112,161810,110777787287
+33458005709,20211115093441,0,+33663651705,miss,20211115,093441,110782163507
+33458005709,20211115102850,0,+33675890059,miss,20211115,102850,110782991866
+33458005709,20211115102949,0,+33675890059,miss,20211115,102949,110783008615
+33458005709,20211115105549,0,+33675890059,miss,20211115,105549,110783402505
+33458005709,20211115110141,317,+33663651705,incoming,20211115,110141,110783573021
+33458005709,20211115111952,332,+33241460570,incoming,20211115,111952,110783837005
+33458005709,20211115112859,0,+33666973566,miss,20211115,112859,110783907287
+33458005709,20211115113259,480,+33675890059,incoming,20211115,113259,110784071070
+33458005709,20211115141124,0,+33663651705,miss,20211115,141124,110785358323
+33458005709,20211115141708,98,+33663651705,incoming,20211115,141708,110785448779
+33458005709,20211115145811,0,+33607349901,miss,20211115,145811,110786012752
+33458005709,20211115150138,234,+33607349901,incoming,20211115,150138,110786077101
+33458005709,20211115151659,0,+33607349901,miss,20211115,151659,110786238193
+33458005709,20211115154744,304,+33607349901,incoming,20211115,154744,110786706258
+33458005709,20211115162119,0,+33668441005,miss,20211115,162119,110787094396
+33458005709,20211115162440,0,+33668441005,miss,20211115,162440,110787108016
+33458005709,20211115162634,68,+33456190471,incoming,20211115,162634,110787137276
+33458005709,20211115163029,464,+33668441005,incoming,20211115,163029,110787263514
+33458005709,20211115164601,0,+33666973566,miss,20211115,164601,110787356306
+33458005709,20211115165123,178,+33950795116,incoming,20211115,165123,110787453318
+33458005709,20211115171152,0,+33473894879,miss,20211115,171152,110787659143
+33458005709,20211115172606,0,+3267830185,miss,20211115,172606,110787772345
+33458005709,20211115172952,0,+33473894879,miss,20211115,172952,110787826336
+33458005709,20211115173957,0,+33473894879,miss,20211115,173957,110787891617
+33458005709,20211115174737,0,+33675890059,miss,20211115,174737,110787946832
+33458005709,20211116092907,359,+32460950013,incoming,20211116,092907,110789241019
+33458005709,20211116094445,0,+32460950013,miss,20211116,094445,110789391247
+33458005709,20211116094949,116,+32460950013,incoming,20211116,094949,110789471180
+33458005709,20211116101158,113,+33487914759,incoming,20211116,101158,110789811603
+33458005709,20211116101404,379,+33660803629,incoming,20211116,101404,110789909069
+33458005709,20211116105226,572,+41795042424,incoming,20211116,105226,110790569486
+33458005709,20211116111045,223,+33658898832,incoming,20211116,111045,110790757739
+33458005709,20211116140029,206,+33622827472,incoming,20211116,140029,110792382501
+33458005709,20211116142155,127,anonymous,incoming,20211116,142155,110792643333
+33458005709,20211116143000,64,+33658898832,incoming,20211116,143000,110792736130
+33458005709,20211116143111,188,+33951918755,incoming,20211116,143111,110792778136
+33458005709,20211116143624,588,+596696834334,incoming,20211116,143624,110792937027
+33458005709,20211116151413,94,+33622827472,incoming,20211116,151413,110793327906
+33458005709,20211116153132,103,+212673705766,incoming,20211116,153132,110793565948
+33458005709,20211116154951,120,+33622827472,incoming,20211116,154951,110793814186
+33458005709,20211116161101,0,anonymous,miss,20211116,161101,110794067002
+33458005709,20211116164226,84,+212673705766,incoming,20211116,164226,110794460371
+33458005709,20211116165400,0,+33673195931,miss,20211116,165400,110794588550
+33458005709,20211116170739,645,+33621108133,incoming,20211116,170739,110794830917
+33458005709,20211117090654,0,+33618580899,miss,20211117,090654,110796087328
+33458005709,20211117092611,0,+491729709000,miss,20211117,092611,110796274072
+33458005709,20211117093014,0,+33618580899,miss,20211117,093014,110796349848
+33458005709,20211117093934,0,+33618580899,miss,20211117,093934,110796467411
+33458005709,20211117095417,0,anonymous,miss,20211117,095417,110796665426
+33458005709,20211117095744,0,anonymous,miss,20211117,095744,110796675888
+33458005709,20211117095730,154,+33618580899,incoming,20211117,095730,110796695543
+33458005709,20211117100459,0,+33675890059,miss,20211117,100459,110796775458
+33458005709,20211117100751,0,+33675890059,miss,20211117,100751,110796816656
+33458005709,20211117103606,414,+491729709000,incoming,20211117,103606,110797321696
+33458005709,20211117105032,602,+33687344651,incoming,20211117,105032,110797572768
+33458005709,20211117105757,0,+33679443299,miss,20211117,105757,110797602306
+33458005709,20211117140229,0,+41795042424,miss,20211117,140229,110799240096
+33458005709,20211117141352,66,+33640384866,incoming,20211117,141352,110799374213
+33458005709,20211117141515,0,+41795042424,miss,20211117,141515,110799381923
+33458005709,20211117145200,232,+33473894879,incoming,20211117,145200,110799873792
+33458005709,20211117164038,0,+41795042424,miss,20211117,164038,110801136999
+33458005709,20211118090205,0,+33788913685,miss,20211118,090205,110802745931
+33458005709,20211118094236,0,+33686561365,miss,20211118,094236,110803223686
+33458005709,20211118094741,0,+33686561365,miss,20211118,094741,110803291300
+33458005709,20211118095750,0,+33686561365,miss,20211118,095750,110803444986
+33458005709,20211118094520,1347,+41796261790,incoming,20211118,094520,110803561387
+33458005709,20211118110831,0,+33788913685,miss,20211118,110831,110804438228
+33458005709,20211118112521,0,+33155123964,miss,20211118,112521,110804638917
+33458005709,20211118114541,508,+33553669966,incoming,20211118,114541,110805030486
+33458005709,20211118143426,80,+33553669966,incoming,20211118,143426,110806387836
+33458005709,20211118144340,463,+33666973566,incoming,20211118,144340,110806576399
+33458005709,20211118154023,241,+33612796452,incoming,20211118,154023,110807230208
+33458005709,20211119091945,0,+33662351739,miss,20211119,091945,110809639818
+33458005709,20211119093252,0,+33662351739,miss,20211119,093252,110809799908
+33458005709,20211119093935,0,+33618905573,miss,20211119,093935,110809878436
+33458005709,20211119094534,0,+33648544291,miss,20211119,094534,110809930487
+33458005709,20211119094720,0,+33648544291,miss,20211119,094720,110809947357
+33458005709,20211119095112,0,+41795042424,miss,20211119,095112,110809994502
+33458005709,20211119095541,82,+33648544291,incoming,20211119,095541,110810065236
+33458005709,20211119095653,0,+33663651705,miss,20211119,095653,110810067073
+33458005709,20211119100546,75,+33688260884,incoming,20211119,100546,110810197642
+33458005709,20211119102739,246,+32460950013,incoming,20211119,102739,110810527593
+33458005709,20211119110233,0,+33771151571,miss,20211119,110233,110810974741
+33458005709,20211119110758,282,+33771151571,incoming,20211119,110758,110811070437
+33458005709,20211119115506,0,+33663651705,miss,20211119,115506,110811624235
+33458005709,20211119115637,0,+33663651705,miss,20211119,115637,110811637020
+33458005709,20211119115732,0,+33663651705,miss,20211119,115732,110811653461
+33458005709,20211119115841,0,+33663651705,miss,20211119,115841,110811656467
+33458005709,20211119142006,314,+33673472183,incoming,20211119,142006,110812691577
+33458005709,20211119144414,205,+33553669966,incoming,20211119,144414,110812948071
+33458005709,20211119153455,0,+33473894879,miss,20211119,153455,110813531676
+33458005709,20211119153758,201,+33473894879,incoming,20211119,153758,110813580557
+33458005709,20211119164504,263,+33648544291,incoming,20211119,164504,110814311849
+33458005709,20211119170622,0,+33652488097,miss,20211119,170622,110814472685
+33458005709,20211122094210,0,+33494964141,miss,20211122,094210,110818880258
+33458005709,20211122103102,0,+33476668542,miss,20211122,103102,110819601697
+33458005709,20211122103137,0,+33778802136,miss,20211122,103137,110819609568
+33458005709,20211122103233,213,+33778802136,incoming,20211122,103233,110819675630
+33458005709,20211122114544,59,+16672478168,incoming,20211122,114544,110820673684
+33458005709,20211122143416,0,+33629469194,miss,20211122,143416,110822305823
+33458005709,20211122142920,574,+33675890059,incoming,20211122,142920,110822346743
+33458005709,20211122150415,368,+33629469194,incoming,20211122,150415,110822763644
+33458005709,20211122152752,0,+33675890059,miss,20211122,152752,110823003796
+33458005709,20211122152844,0,+33675890059,miss,20211122,152844,110823012997
+33458005709,20211122153946,0,+33622827472,miss,20211122,153946,110823164321
+33458005709,20211122154227,315,+33479640255,incoming,20211122,154227,110823265270
+33458005709,20211122155615,33,+33785823449,incoming,20211122,155615,110823379504
+33458005709,20211122155838,28,+442380002136,incoming,20211122,155838,110823410607
+33458005709,20211122174405,0,+33615535563,miss,20211122,174405,110824602069
+33458005709,20211123092454,0,+33384852210,miss,20211123,092454,110825849498
+33458005709,20211123101851,259,+33609437063,incoming,20211123,101851,110826670361
+33458005709,20211123140710,0,+33684341039,miss,20211123,140710,110829147932
+33458005709,20211123141454,0,+33684341039,miss,20211123,141454,110829232728
+33458005709,20211123142020,1372,+33684341039,incoming,20211123,142020,110829581879
+33458005709,20211123145915,0,+33683345312,miss,20211123,145915,110829803840
+33458005709,20211123150023,0,+33683345312,miss,20211123,150023,110829840478
+33458005709,20211123150626,0,+33683345312,miss,20211123,150626,110829902485
+33458005709,20211123151529,255,+33629469194,incoming,20211123,151529,110830076580
+33458005709,20211123153427,400,+33683345312,incoming,20211123,153427,110830369079
+33458005709,20211123160511,0,+33687344651,miss,20211123,160511,110830697204
+33458005709,20211123164923,672,+32486418501,incoming,20211123,164923,110831395233
+33458005709,20211123170204,0,+33339033955,miss,20211123,170204,110831447282
+33458005709,20211124100025,88,+33662816504,incoming,20211124,100025,110833520025
+33458005709,20211124100128,0,+33450514936,miss,20211124,100128,110833536136
+33458005709,20211124110233,139,+33662816504,incoming,20211124,110233,110834400801
+33458005709,20211124111131,101,+33661800203,incoming,20211124,111131,110834510425
+33458005709,20211124142508,692,+33782320399,incoming,20211124,142508,110836396577
+33458005709,20211124143945,0,+33682599061,miss,20211124,143945,110836443605
+33458005709,20211124151120,65,+33648544291,incoming,20211124,151120,110836831425
+33458005709,20211124151458,729,+442073163882,incoming,20211124,151458,110837015949
+33458005709,20211124154756,0,+33675890059,miss,20211124,154756,110837282095
+33458005709,20211124154807,0,+33675890059,miss,20211124,154807,110837295227
+33458005709,20211124155911,89,+33675890059,incoming,20211124,155911,110837438963
+33458005709,20211124160444,0,+33675890059,miss,20211124,160444,110837494401
+33458005709,20211124163551,0,+33603339339,miss,20211124,163551,110837902756
+33458005709,20211124164257,206,+33603339339,incoming,20211124,164257,110837986625
+33458005709,20211125100945,0,+33622827472,miss,20211125,100945,110840345396
+33458005709,20211125101052,0,+33622827472,miss,20211125,101052,110840395206
+33458005709,20211125102517,187,+33607559403,incoming,20211125,102517,110840598982
+33458005709,20211125102529,0,+33623520587,miss,20211125,102529,110840604871
+33458005709,20211125112307,0,+33687344651,miss,20211125,112307,110841361438
+33458005709,20211125112623,0,+33679443299,miss,20211125,112623,110841429441
+33458005709,20211125113902,0,+33679443299,miss,20211125,113902,110841583960
+33458005709,20211125114010,0,+33679443299,miss,20211125,114010,110841608525
+33458005709,20211125114116,0,+33622827472,miss,20211125,114116,110841648839
+33458005709,20211125114119,0,+33679443299,miss,20211125,114119,110841649354
+33458005709,20211125152053,68,+33661800203,incoming,20211125,152053,110843745846
+33458005709,20211125154607,0,+33679443299,miss,20211125,154607,110844108993
+33458005709,20211125160239,0,+33254745426,miss,20211125,160239,110844364949
+33458005709,20211125155502,868,+33608106241,incoming,20211125,155502,110844382785
+33458005709,20211125161331,368,+33623520587,incoming,20211125,161331,110844507146
+33458005709,20211125162206,0,+33254745426,miss,20211125,162206,110844574445
+33458005709,20211125163256,0,+33679290150,miss,20211125,163256,110844707699
+33458005709,20211126090352,0,+33607148862,miss,20211126,090352,110846479973
+33458005709,20211126091039,0,+33607148862,miss,20211126,091039,110846553596
+33458005709,20211126092418,0,+33607148862,miss,20211126,092418,110846717095
+33458005709,20211126093848,0,+33607148862,miss,20211126,093848,110846901381
+33458005709,20211126095639,127,+33241831363,incoming,20211126,095639,110847165291
+33458005709,20211126104555,337,+33607148862,incoming,20211126,104555,110847945215
+33458005709,20211126105227,0,+33618544859,miss,20211126,105227,110847959653
+33458005709,20211126111407,1,+262692223550,incoming,20211126,111407,110848277830
+33458005709,20211126111953,228,+33661800203,incoming,20211126,111953,110848413494
+33458005709,20211126140420,0,+33782320399,miss,20211126,140420,110849851795
+33458005709,20211126141231,0,+33637818720,miss,20211126,141231,110849965796
+33458005709,20211126141559,0,+33637818720,miss,20211126,141559,110850009530
+33458005709,20211126145732,169,+33637818720,incoming,20211126,145732,110850531473
+33458005709,20211126171321,0,+33662816504,miss,20211126,171321,110852133866
+33458005709,20211129090157,0,+33611174432,miss,20211129,090157,110856175772
+33458005709,20211129091908,0,+33662816504,miss,20211129,091908,110856423953
+33458005709,20211129093628,0,+33611174432,miss,20211129,093628,110856651817
+33458005709,20211129093751,0,+33611174432,miss,20211129,093751,110856682122
+33458005709,20211129104039,117,+33651873250,incoming,20211129,104039,110857718486
+33458005709,20211129111922,0,+33658898832,miss,20211129,111922,110858295225
+33458005709,20211129113841,219,+33754326506,incoming,20211129,113841,110858660974
+33458005709,20211129120001,0,+33662816504,miss,20211129,120001,110858935790
+33458005709,20211129141401,654,+33661800203,incoming,20211129,141401,110860200199
+33458005709,20211129152950,59,+33158281106,incoming,20211129,152950,110861148148
+33458005709,20211129160617,365,+41796798751,incoming,20211129,160617,110861721026
+33458005709,20211129161745,0,+33773849387,miss,20211129,161745,110861799608
+33458005709,20211129162324,0,+33458005730,miss,20211129,162324,110861866110
+33458005709,20211129162326,0,+33458005730,miss,20211129,162326,110861866476
+33458005709,20211130095135,352,+33662816504,incoming,20211130,095135,110864587066
+33458005709,20211130100915,0,+33662816504,miss,20211130,100915,110864778971
+33458005709,20211130101036,0,+33662816504,miss,20211130,101036,110864804659
+33458005709,20211130102455,45,+33652394331,incoming,20211130,102455,110865033713
+33458005709,20211130113313,169,+33545685100,incoming,20211130,113313,110866134374
+33458005709,20211130113354,0,+33616237477,miss,20211130,113354,110866147468
+33458005709,20211130114021,184,+33658207824,incoming,20211130,114021,110866246949
+33458005709,20211130140429,0,+33679982591,miss,20211130,140429,110867521733
+33458005709,20211130142329,0,+33681541196,miss,20211130,142329,110867769388
+33458005709,20211130150908,0,+33788278710,miss,20211130,150908,110868408269
+33458005709,20211130151202,0,+48736092846,miss,20211130,151202,110868454073
+33458005709,20211130150834,442,+33681541196,incoming,20211130,150834,110868473634
+33458005709,20211130151957,298,+33611174432,incoming,20211130,151957,110868601534
+33458005709,20211130154059,301,+48736092846,incoming,20211130,154059,110868896542
+33458005709,20211130155431,104,+33622740669,incoming,20211130,155431,110869036532
+33458005709,20211130171715,0,+33662816504,miss,20211130,171715,110870074285
+33458008127,20211102141859,0,+33638396077,transfert,20211102,141859,110725560253
+33458008127,20211102142326,91,+33658829804,transfert,20211102,142326,110725641656
+33458008127,20211102142555,104,+33458005730,transfert,20211102,142555,110725676134
+33458008127,20211102142747,0,+33638396077,transfert,20211102,142747,110725677385
+33458008127,20211102142916,0,+33652488097,transfert,20211102,142916,110725699559
+33458008127,20211102142943,0,+33652488097,transfert,20211102,142943,110725705608
+33458008127,20211102143010,0,+33652488097,transfert,20211102,143010,110725713027
+33458008127,20211102143037,0,+33652488097,transfert,20211102,143037,110725718966
+33458008127,20211102143215,0,+33652488097,transfert,20211102,143215,110725739869
+33458008127,20211102143242,0,+33652488097,transfert,20211102,143242,110725742395
+33458008127,20211102143413,347,+33458005730,transfert,20211102,143413,110725839017
+33458008127,20211102144035,156,+33652488097,transfert,20211102,144035,110725884196
+33458008127,20211102144344,125,+33652488097,transfert,20211102,144344,110725919156
+33458008127,20211102144553,50,+33617548615,transfert,20211102,144553,110725930224
+33458008127,20211102144746,1,+33638396077,transfert,20211102,144746,110725945619
+33458008127,20211102144701,36,+33458005730,transfert,20211102,144701,110725945653
+33458008127,20211102144807,0,+33638396077,transfert,20211102,144807,110725953589
+33458008127,20211102144847,0,+33638396077,transfert,20211102,144847,110725957910
+33458008127,20211102144834,0,+33638396077,transfert,20211102,144834,110725960437
+33458008127,20211102144916,0,+33638396077,transfert,20211102,144916,110725963922
+33458008127,20211102144901,0,+33638396077,transfert,20211102,144901,110725965480
+33458008127,20211102144928,0,+33638396077,transfert,20211102,144928,110725966848
+33458008127,20211102144941,3,+33638396077,transfert,20211102,144941,110725975036
+33458008127,20211102145742,0,+33638396077,transfert,20211102,145742,110726075732
+33458005707,20211102090656,45,+971562603504,incoming,20211102,090656,110721726343
+33458005707,20211102093037,24,+27114822045,transfert,20211102,093037,110722089139
+33458005707,20211102100622,11,+27114822045,transfert,20211102,100622,110722683301
+33458005707,20211102102703,21,+971558040200,transfert,20211102,102703,110723032796
+33458005707,20211102110036,143,+27114822045,incoming,20211102,110036,110723618457
+33458005707,20211102111205,79,+33610974737,incoming,20211102,111205,110723776784
+33458005707,20211102140158,68,+33617548615,incoming,20211102,140158,110725356276
+33458005707,20211102150729,7,+41795042424,transfert,20211102,150729,110726209081
+33458005707,20211102151102,94,+41795042424,incoming,20211102,151102,110726275330
+33458005707,20211102152844,209,anonymous,incoming,20211102,152844,110726543024
+33458005707,20211102154340,129,+33608862404,incoming,20211102,154340,110726724683
+33458005707,20211102163031,9,+33633039937,transfert,20211102,163031,110727298259
+33458005707,20211104094319,12,+33158281106,transfert,20211104,094319,110735903888
+33458005707,20211105163303,229,+33603297940,incoming,20211105,163303,110746582505
+33458005707,20211108101921,24,+27114822045,transfert,20211108,101921,110751617256
+33458005707,20211108102318,29,+971558040200,incoming,20211108,102318,110751682838
+33458005707,20211108102927,112,+27114822045,incoming,20211108,102927,110751799309
+33458005707,20211108105528,44,+2250779472979,incoming,20211108,105528,110752169859
+33458005707,20211108113831,144,+33684567088,incoming,20211108,113831,110752815135
+33458005707,20211108114044,238,+971562603504,incoming,20211108,114044,110752869793
+33458005707,20211108140102,5,+33603297940,transfert,20211108,140102,110753943051
+33458005707,20211108140652,10,+33603297940,transfert,20211108,140652,110754019101
+33458005707,20211108141302,20,+971508000641,transfert,20211108,141302,110754104915
+33458005707,20211108142640,10,+33603297940,transfert,20211108,142640,110754285564
+33458005707,20211108151218,6,+971508000641,transfert,20211108,151218,110754905689
+33458005707,20211108153032,95,+33148769436,incoming,20211108,153032,110755170545
+33458005707,20211108160832,44,+33546683560,incoming,20211108,160832,110755648106
+33458005707,20211108163725,5,+33437858840,transfert,20211108,163725,110756021819
+33458005707,20211108163802,0,+33437858840,miss,20211108,163802,110756024381
+33458005707,20211108163854,4,+33437858840,transfert,20211108,163854,110756041170
+33458005707,20211108171210,52,+33788913685,incoming,20211108,171210,110756423936
+33458005707,20211109091618,8,+33625488381,transfert,20211109,091618,110757854980
+33458005707,20211109095504,46,+33987016699,incoming,20211109,095504,110758346192
+33458005707,20211109140224,23,+33251797721,transfert,20211109,140224,110760944348
+33458005707,20211109152224,314,+33188885249,incoming,20211109,152224,110762031389
+33458005707,20211109153959,459,+33383534773,incoming,20211109,153959,110762292778
+33458005707,20211109161446,23,+971504738361,transfert,20211109,161446,110762647271
+33458005707,20211109170724,0,+33601381917,miss,20211109,170724,110763263861
+33458005707,20211110091337,317,+33607119109,incoming,20211110,091337,110764691714
+33458005707,20211110094910,358,+33687344651,incoming,20211110,094910,110765152751
+33458005707,20211110114518,138,+33647840983,incoming,20211110,114518,110766752903
+33458005707,20211110153511,519,+33762331947,incoming,20211110,153511,110768996478
+33458005707,20211110171429,1403,+33670047376,incoming,20211110,171429,110770256034
+33458005707,20211115115151,91,+33155123964,incoming,20211115,115151,110784253709
+33458005707,20211115143921,50,+33607119109,incoming,20211115,143921,110785733736
+33458005707,20211115144050,129,+33607119109,incoming,20211115,144050,110785767400
+33458005707,20211115164645,421,+33666973566,incoming,20211115,164645,110787440092
+33458005707,20211115174836,103,+33675890059,incoming,20211115,174836,110787962493
+33458005707,20211116091233,140,+33762331947,incoming,20211116,091233,110788979264
+33458005707,20211116110837,158,+33619922832,incoming,20211116,110837,110790705310
+33458005707,20211116145154,323,+596696834334,incoming,20211116,145154,110793083974
+33458005707,20211116152034,77,+33617448943,incoming,20211116,152034,110793408851
+33458005707,20211116161538,24,anonymous,transfert,20211116,161538,110794122328
+33458005707,20211116165519,177,+33673195931,incoming,20211116,165519,110794627777
+33458005707,20211117092724,492,+491729709000,incoming,20211117,092724,110796385811
+33458005707,20211117100850,152,+33675890059,incoming,20211117,100850,110796859041
+33458005707,20211117103603,69,+2252722484545,incoming,20211117,103603,110797234730
+33458005707,20211117105133,64,+33607522794,incoming,20211117,105133,110797462912
+33458005707,20211117145351,36,+33762331947,incoming,20211117,145351,110799852708
+33458005707,20211117160147,399,+33388180888,incoming,20211117,160147,110800757101
+33458005707,20211117171926,24,+33971099166,transfert,20211117,171926,110801541182
+33458005707,20211118095142,40,+33620625466,incoming,20211118,095142,110803338973
+33458005707,20211118100022,106,+33686561365,incoming,20211118,100022,110803474031
+33458005707,20211118111024,125,+33788913685,incoming,20211118,111024,110804459800
+33458005707,20211118112530,9,+33155123964,transfert,20211118,112530,110804649479
+33458005707,20211118112233,377,+33450255915,incoming,20211118,112233,110804684324
+33458005707,20211118141217,8,+33781787151,transfert,20211118,141217,110806100315
+33458005707,20211118141302,234,+33781787151,incoming,20211118,141302,110806152488
+33458005707,20211118144315,216,+33611174432,incoming,20211118,144315,110806516334
+33458005707,20211118145918,6,+33603297940,transfert,20211118,145918,110806664274
+33458005707,20211118153242,5,+33450255915,transfert,20211118,153242,110807091021
+33458005707,20211118154022,9,+33773849387,transfert,20211118,154022,110807184105
+33458005707,20211118154139,0,+33450255915,miss,20211118,154139,110807196773
+33458005707,20211118154128,96,+33650430420,incoming,20211118,154128,110807212142
+33458005707,20211118175336,41,+33158281106,incoming,20211118,175336,110808585272
+33458005707,20211119093803,6,+33618905573,transfert,20211119,093803,110809832374
+33458005707,20211119093851,5,+33618905573,transfert,20211119,093851,110809842062
+33458005707,20211119094234,8,+33603297940,transfert,20211119,094234,110809888907
+33458005707,20211119094529,3,+33618905573,transfert,20211119,094529,110809919959
+33458005707,20211119100917,13,+33630909711,transfert,20211119,100917,110810233630
+33458005707,20211119151844,296,+33663342878,incoming,20211119,151844,110813369331
+33458005707,20211119164711,91,anonymous,incoming,20211119,164711,110814301479
+33458005707,20211119170730,83,+33652488097,incoming,20211119,170730,110814487155
+33458005707,20211122103248,83,+33476668542,incoming,20211122,103248,110819643810
+33458005707,20211122114737,17,+33650430420,incoming,20211122,114737,110820691830
+33458005707,20211122140917,101,+33476234349,incoming,20211122,140917,110821989061
+33458005707,20211122150851,138,+33298282390,incoming,20211122,150851,110822772215
+33458005707,20211122152944,308,+33675890059,incoming,20211122,152944,110823091452
+33458005707,20211122170424,8,+33298282390,incoming,20211122,170424,110824215893
+33458005707,20211122174603,103,+33615535563,incoming,20211122,174603,110824619943
+33458005707,20211123092332,11,+33384852210,incoming,20211123,092332,110825823118
+33458005707,20211123092439,23,+33231662907,incoming,20211123,092439,110825841577
+33458005707,20211123092832,551,+33384852210,incoming,20211123,092832,110826000881
+33458005707,20211123101102,9,+33650430420,incoming,20211123,101102,110826486983
+33458005707,20211123141617,187,+33684341039,incoming,20211123,141617,110829279292
+33458005707,20211123150740,4,+33683345312,incoming,20211123,150740,110829908596
+33458005707,20211123151401,8,+33625910134,incoming,20211123,151401,110830000827
+33458005707,20211123151630,4,+33625910134,incoming,20211123,151630,110830035837
+33458005707,20211123152059,4,+33625910134,incoming,20211123,152059,110830093511
+33458005707,20211123154504,386,+33658898832,incoming,20211123,154504,110830505894
+33458005707,20211123160556,450,+33630909711,incoming,20211123,160556,110830797964
+33458005707,20211124100344,74,+33450514936,incoming,20211124,100344,110833563923
+33458005707,20211124102122,98,+33231662907,incoming,20211124,102122,110833812510
+33458005707,20211124111011,10,+971506620240,incoming,20211124,111011,110834475815
+33458005707,20211124113421,90,+33611814766,incoming,20211124,113421,110834818167
+33458005707,20211124140750,5,+33141629000,incoming,20211124,140750,110836054104
+33458005707,20211124142304,511,+491729709000,incoming,20211124,142304,110836331676
+33458005707,20211124161409,91,+33972173809,incoming,20211124,161409,110837618695
+33458005707,20211124164913,503,+33625910134,incoming,20211124,164913,110838106549
+33458005707,20211124171140,195,+33625910134,incoming,20211124,171140,110838283787
+33458005707,20211124171921,13,+971506620240,incoming,20211124,171921,110838327109
+33458005707,20211125091641,8,+33607426837,incoming,20211125,091641,110839651824
+33458005707,20211125144528,175,+33607426837,incoming,20211125,144528,110843290346
+33458005707,20211125145525,7,+33972173809,incoming,20211125,145525,110843380297
+33458005707,20211125145428,70,+33607426837,incoming,20211125,145428,110843382280
+33458005707,20211125150314,194,+33786149147,incoming,20211125,150314,110843525052
+33458005707,20211125163601,313,+33679290150,incoming,20211125,163601,110844779420
+33458005707,20211126105639,6,+33173301072,incoming,20211126,105639,110848014723
+33458005707,20211126105335,273,+33618544859,incoming,20211126,105335,110848036772
+33458005707,20211126140916,7,+22995921954,incoming,20211126,140916,110849893888
+33458005707,20211126140958,5,+22995921954,incoming,20211126,140958,110849895674
+33458005707,20211126140639,226,+33782320399,incoming,20211126,140639,110849903497
+33458005707,20211126142828,222,+33479310660,incoming,20211126,142828,110850164125
+33458005707,20211126143551,38,+33485880462,incoming,20211126,143551,110850221359
+33458005707,20211126153107,41,+33630909711,incoming,20211126,153107,110850941713
+33458005707,20211126162019,47,+33458008077,incoming,20211126,162019,110851540877
+33458005707,20211126164748,5,+33188749761,incoming,20211126,164748,110851851603
+33458005707,20211129090129,6,+33611174432,incoming,20211129,090129,110856150612
+33458005707,20211129090345,26,+33611174432,incoming,20211129,090345,110856189399
+33458005707,20211129091432,7,+33607342822,incoming,20211129,091432,110856338507
+33458005707,20211129093311,12,+33607342822,incoming,20211129,093311,110856611475
+33458005707,20211129093404,32,+33607342822,incoming,20211129,093404,110856627429
+33458005707,20211129093704,4,+33611174432,incoming,20211129,093704,110856660231
+33458005707,20211129102302,124,+33611174432,incoming,20211129,102302,110857429023
+33458005707,20211129140254,188,+33611174432,incoming,20211129,140254,110859939912
+33458005707,20211129152719,53,+97248664519,incoming,20211129,152719,110861107620
+33458005707,20211129155208,155,+33681878470,incoming,20211129,155208,110861478436
+33458005707,20211129162251,29,+33479640255,incoming,20211129,162251,110861865404
+33458005707,20211129162341,58,+33479640255,incoming,20211129,162341,110861885029
+33458005707,20211129165046,42,+33638163863,incoming,20211129,165046,110862228421
+33458005707,20211129165838,14,+33479640255,transfert,20211129,165838,110862326027
+33458005707,20211129171028,9,+33141707070,transfert,20211129,171028,110862456595
+33458005707,20211130091752,8,+33614250757,transfert,20211130,091752,110864017345
+33458005707,20211130092426,5,+33614250757,transfert,20211130,092426,110864111239
+33458005707,20211130093245,12,+33614250757,transfert,20211130,093245,110864221883
+33458005707,20211130112918,110,+33633924936,incoming,20211130,112918,110866051188
+33458005707,20211130142251,8,+33633910438,transfert,20211130,142251,110867739019
+33458005707,20211130145427,24,+33614250757,incoming,20211130,145427,110868179416
+33458005707,20211130151454,20,+48736092846,transfert,20211130,151454,110868466562
+33458005707,20211130152119,16,+4369917509121,transfert,20211130,152119,110868553969
+33458005707,20211130161534,6,+33666165242,transfert,20211130,161534,110869308615
+33458005707,20211130160921,697,+33695860186,incoming,20211130,160921,110869377092
+33458005707,20211130170734,13,+33633202179,transfert,20211130,170734,110869960548
+33458005707,20211130171858,16,+33662816504,transfert,20211130,171858,110870084712
+33458005707,20211130173812,9,+33633202179,transfert,20211130,173812,110870281417