phoneLine,datetime,duration,callingNumber,nature,date,time,idkey
+33458005709,20200430180349,3,+33673470543,transfert,20200430,180349,18408625552
+33458005709,20200430171700,41,+33660803629,transfert,20200430,171700,18408481282
+33458005709,20200430161315,4,+33681365244,transfert,20200430,161315,18408192743
+33458005709,20200430155544,83,+33673470543,transfert,20200430,155544,18408109003
+33458005709,20200430154835,4,+33673470543,transfert,20200430,154835,18408065367
+33458005709,20200430144120,12,+33661155139,transfert,20200430,144120,18407687262
+33458005709,20200430141820,42,+33660803629,transfert,20200430,141820,18407553497
+33458005709,20200430124804,4,+33969391391,transfert,20200430,124804,18407266247
+33458005709,20200430110409,3,+33664957639,transfert,20200430,110409,18406777917
+33458005709,20200430104917,2,+33607119109,transfert,20200430,104917,18406673095
+33458005709,20200430104759,0,+33607119109,miss,20200430,104759,18406663397
+33458005709,20200430095001,3,+33607119109,transfert,20200430,095001,18406297505
+33458005709,20200430082642,0,+33607119109,miss,20200430,082642,18405981889
+33458005709,20200429162243,18,+46752415129,transfert,20200429,162243,18405289723
+33458005709,20200429160636,176,+33664957639,incoming,20200429,160636,18405219529
+33458005709,20200429160601,7,+33681374820,transfert,20200429,160601,18405203207
+33458005709,20200429152353,2,+33664957639,transfert,20200429,152353,18404970320
+33458005709,20200429151334,3,+33664957639,transfert,20200429,151334,18404913998
+33458005709,20200429150607,4,+33664957639,transfert,20200429,150607,18404871179
+33458005709,20200429141733,67,+33603693302,transfert,20200429,141733,18404593680
+33458005709,20200429141620,9,+33603693302,transfert,20200429,141620,18404580354
+33458005709,20200429140058,3,+33673470543,transfert,20200429,140058,18404488494
+33458005709,20200429135914,4,+33673470543,transfert,20200429,135914,18404481074
+33458005709,20200429134716,9,+33673470543,transfert,20200429,134716,18404444591
+33458005709,20200429112147,18,+33650556381,transfert,20200429,112147,18403945397
+33458005709,20200429102201,10,+33660803629,transfert,20200429,102201,18403540045
+33458005709,20200429094855,4,+33616021813,transfert,20200429,094855,18403322504
+33458005709,20200429094226,28,+33660803629,transfert,20200429,094226,18403287944
+33458005709,20200429093953,14,+33695468818,transfert,20200429,093953,18403273844
+33458005709,20200428173832,8,+33603693302,transfert,20200428,173832,18402653651
+33458005709,20200428164539,15,+33611804741,transfert,20200428,164539,18402437638
+33458005709,20200428163657,12,+33686036353,transfert,20200428,163657,18402398318
+33458005709,20200428163557,5,+33686036353,transfert,20200428,163557,18402392723
+33458005709,20200428162900,11,+33650556381,transfert,20200428,162900,18402356775
+33458005709,20200428143250,7,+33686036353,transfert,20200428,143250,18401757012
+33458005709,20200428140623,29,+33660803629,transfert,20200428,140623,18401599022
+33458005709,20200428114648,3,+33673470543,transfert,20200428,114648,18401165094
+33458005709,20200428113545,3,+33673470543,transfert,20200428,113545,18401092160
+33458005709,20200428112516,3,+33673470543,transfert,20200428,112516,18401018376
+33458005709,20200428105444,5,anonymous,transfert,20200428,105444,18400799633
+33458005709,20200428102920,3,anonymous,transfert,20200428,102920,18400617821
+33458005709,20200428095606,67,+33673470543,transfert,20200428,095606,18400393344
+33458005709,20200428093428,3,+33616021813,transfert,20200428,093428,18400252131
+33458005709,20200428074606,9,+41324664779,transfert,20200428,074606,18399983531
+33458005709,20200427165201,4,+33616021813,transfert,20200427,165201,18399485359
+33458005709,20200427165056,0,+33616021813,miss,20200427,165056,18399480417
+33458005709,20200427161005,55,+33607426837,transfert,20200427,161005,18399274924
+33458005709,20200427153728,2,+33624250232,transfert,20200427,153728,18399093129
+33458005709,20200427151215,33,+33788481330,transfert,20200427,151215,18398949573
+33458005709,20200427132615,4,+33777304107,transfert,20200427,132615,18398410617
+33458005709,20200427122948,5,+33777304107,transfert,20200427,122948,18398294981
+33458005709,20200427120028,4,+447824463926,transfert,20200427,120028,18398202419
+33458005709,20200427115232,2,+447824463926,transfert,20200427,115232,18398154541
+33458005709,20200427115036,3,+447824463926,transfert,20200427,115036,18398142574
+33458005709,20200427114939,4,+447824463926,transfert,20200427,114939,18398136328
+33458005709,20200427114318,13,+33607426837,transfert,20200427,114318,18398099186
+33458005709,20200424172119,12,+41797259186,transfert,20200424,172119,18395223723
+33458005709,20200424162044,2,+33684012278,transfert,20200424,162044,18395003689
+33458005709,20200424155439,141,+33607559403,transfert,20200424,155439,18394902848
+33458005709,20200424150519,6,+33681306383,transfert,20200424,150519,18394644726
+33458005709,20200424142647,4,+33613100765,transfert,20200424,142647,18394449170
+33458005709,20200424140138,6,+33613100765,transfert,20200424,140138,18394324201
+33458005709,20200424134923,83,+33613100765,transfert,20200424,134923,18394289940
+33458005709,20200424114244,45,+33777840647,transfert,20200424,114244,18393952622
+33458005709,20200424113638,5,+33626767894,transfert,20200424,113638,18393914038
+33458005709,20200424112009,4,+33777840647,transfert,20200424,112009,18393822817
+33458005709,20200424111842,17,+33777840647,transfert,20200424,111842,18393814797
+33458005709,20200424110440,4,+33613100765,transfert,20200424,110440,18393733912
+33458005709,20200424103416,6,+66992872455,transfert,20200424,103416,18393559876
+33458005709,20200424100915,5,+33695468818,transfert,20200424,100915,18393418219
+33458005709,20200424095511,9,+33611804741,transfert,20200424,095511,18393341341
+33458005709,20200423150414,2,+447789300642,transfert,20200423,150414,18391969231
+33458005709,20200423143520,0,+33607119109,miss,20200423,143520,18391811454
+33458005709,20200423141736,44,+33621108133,transfert,20200423,141736,18391719526
+33458005709,20200423111436,63,+33684132472,transfert,20200423,111436,18391088747
+33458005709,20200423105843,11,+33148769436,transfert,20200423,105843,18390984593
+33458005709,20200423103658,3,+33630513012,transfert,20200423,103658,18390846588
+33458005709,20200423095208,0,+33630513012,miss,20200423,095208,18390575739
+33458005709,20200423094530,3,+33630513012,transfert,20200423,094530,18390543553
+33458005709,20200423093603,4,+33630513012,transfert,20200423,093603,18390496348
+33458005709,20200423090313,65,+33603693302,transfert,20200423,090313,18390359640
+33458005709,20200423090216,3,+33617548615,transfert,20200423,090216,18390352555
+33458005709,20200423090131,4,+33617548615,transfert,20200423,090131,18390347038
+33458005709,20200423085543,12,+33603693302,transfert,20200423,085543,18390333141
+33458005709,20200423082813,0,+34679229418,miss,20200423,082813,18390286927
+33458005709,20200422175921,2,+33630513012,transfert,20200422,175921,18389970674
+33458005709,20200422171137,2,+33630513012,transfert,20200422,171137,18389835968
+33458005709,20200422165645,0,+33630513012,miss,20200422,165645,18389781457
+33458005709,20200422164944,5,+33621108133,transfert,20200422,164944,18389755141
+33458005709,20200422164052,4,+33630513012,transfert,20200422,164052,18389719876
+33458005709,20200422163535,2,+33630513012,transfert,20200422,163535,18389699401
+33458005709,20200422163347,0,+33630513012,miss,20200422,163347,18389691325
+33458005709,20200422145604,3,+33621108133,transfert,20200422,145604,18389232371
+33458005709,20200422141243,6,+33617548615,transfert,20200422,141243,18389016764
+33458005709,20200422140844,17,+966555630204,transfert,20200422,140844,18388998392
+33458005709,20200422114528,14,+33624250232,transfert,20200422,114528,18388594218
+33458005709,20200422111315,4,+33660770402,transfert,20200422,111315,18388397376
+33458005709,20200422104408,5,+33621108133,transfert,20200422,104408,18388213465
+33458005709,20200421172903,26,+33609925333,transfert,20200421,172903,18387209687
+33458005709,20200421154214,7,+33621108133,transfert,20200421,154214,18386721363
+33458005709,20200421151055,49,+33621108133,transfert,20200421,151055,18386549638
+33458005709,20200421135615,7,+33621108133,transfert,20200421,135615,18386153944
+33458005709,20200421113323,9,+33616675162,transfert,20200421,113323,18385726789
+33458005709,20200421113146,10,+33616675162,transfert,20200421,113146,18385715391
+33458005709,20200421111442,5,+33669066207,transfert,20200421,111442,18385606624
+33458005709,20200421105556,4,+33627600184,transfert,20200421,105556,18385478986
+33458005709,20200421092303,10,+33643350871,transfert,20200421,092303,18384915772
+33458005709,20200420181314,5,+33621108133,transfert,20200420,181314,18384473228
+33458005709,20200420155629,10,+33607426837,transfert,20200420,155629,18383955181
+33458005709,20200420154304,7,+33670368875,transfert,20200420,154304,18383883036
+33458005709,20200420153447,4,+33695511609,transfert,20200420,153447,18383839930
+33458005709,20200420153330,13,+33695511609,transfert,20200420,153330,18383833524
+33458005709,20200420153232,9,+33670368875,transfert,20200420,153232,18383827725
+33458005709,20200420151903,19,+33670368875,transfert,20200420,151903,18383754870
+33458005709,20200420144825,1,+33614491796,transfert,20200420,144825,18383585941
+33458005709,20200420111110,8,+33247400650,transfert,20200420,111110,18382689858
+33458005709,20200420105323,5,+33686230715,transfert,20200420,105323,18382565648
+33458005709,20200420104755,59,+33626340705,transfert,20200420,104755,18382532267
+33458005709,20200420103915,3,+33607426837,transfert,20200420,103915,18382464758
+33458005709,20200420101848,4,+33686036353,transfert,20200420,101848,18382325742
+33458005709,20200420101741,9,+33686036353,transfert,20200420,101741,18382319038
+33458005709,20200420095229,11,+33695468818,transfert,20200420,095229,18382146304
+33458005709,20200420094408,0,+33664557562,miss,20200420,094408,18382094736
+33458005709,20200420074957,42,+33637563268,transfert,20200420,074957,18381728087
+33458005709,20200417151922,6,+33667251816,transfert,20200417,151922,18379497344
+33458005709,20200417150237,3,+447824463926,transfert,20200417,150237,18379415404
+33458005709,20200417145303,34,+447824463926,incoming,20200417,145303,18379371252
+33458005709,20200417144651,4,+447824463926,transfert,20200417,144651,18379341378
+33458005709,20200417142606,6,+33614491796,transfert,20200417,142606,18379236945
+33458005709,20200417122305,0,+41798286546,miss,20200417,122305,18378899863
+33458005709,20200417122228,2,+41798286546,transfert,20200417,122228,18378898141
+33458005709,20200417122141,4,+41798286546,transfert,20200417,122141,18378896149
+33458005709,20200417122104,3,+41798286546,transfert,20200417,122104,18378894356
+33458005709,20200417122025,4,+41798286546,transfert,20200417,122025,18378892805
+33458005709,20200417121948,2,+41798286546,transfert,20200417,121948,18378890999
+33458005709,20200417121908,4,+41798286546,transfert,20200417,121908,18378889525
+33458005709,20200417121848,0,+41798286546,miss,20200417,121848,18378887423
+33458005709,20200417121754,5,+41798286546,transfert,20200417,121754,18378885735
+33458005709,20200417121717,2,+41798286546,transfert,20200417,121717,18378883975
+33458005709,20200417121638,4,+41798286546,transfert,20200417,121638,18378882319
+33458005709,20200417121559,4,+41798286546,transfert,20200417,121559,18378880062
+33458005709,20200417121519,3,+41798286546,transfert,20200417,121519,18378878567
+33458005709,20200417121433,3,+41798286546,transfert,20200417,121433,18378876196
+33458005709,20200417104045,4,+447824463926,transfert,20200417,104045,18378370477
+33458005709,20200417100315,6,+41213458034,transfert,20200417,100315,18378139328
+33458005709,20200417092939,4,+33607426837,transfert,20200417,092939,18377966792
+33458005709,20200416155000,3,+33637641810,transfert,20200416,155000,18376987491
+33458005709,20200416151330,9,+33607426837,transfert,20200416,151330,18376800248
+33458005709,20200416113017,3,+33632891463,transfert,20200416,113017,18375959699
+33458005709,20200416105158,4,+33687767565,transfert,20200416,105158,18375731126
+33458005709,20200416104752,3,+447824463926,transfert,20200416,104752,18375703198
+33458005709,20200416104543,4,+33632891463,transfert,20200416,104543,18375689056
+33458005709,20200416104152,5,+33687767565,transfert,20200416,104152,18375664870
+33458005709,20200416100536,6,+33632891463,transfert,20200416,100536,18375436697
+33458005709,20200415174830,13,+33299008484,transfert,20200415,174830,18374717768
+33458005709,20200415172223,0,+33184802251,miss,20200415,172223,18374639660
+33458005709,20200415171201,2,+33184802251,transfert,20200415,171201,18374608614
+33458005709,20200415154036,5,+33607426837,transfert,20200415,154036,18374190267
+33458005709,20200415142840,5,+31622519422,transfert,20200415,142840,18373822528
+33458005709,20200414174957,15,+41792505008,transfert,20200414,174957,18371943713
+33458005709,20200414153306,49,+33632891463,transfert,20200414,153306,18371304518
+33458005709,20200414153032,33,+33672166591,transfert,20200414,153032,18371286893
+33458005709,20200414152814,12,+33632891463,transfert,20200414,152814,18371271100
+33458005709,20200414151546,12,+491787343278,transfert,20200414,151546,18371198381
+33458005709,20200414151302,0,+33607119109,miss,20200414,151302,18371180845
+33458005709,20200414145805,0,+33607119109,miss,20200414,145805,18371091399
+33458005709,20200414145711,3,+33607119109,transfert,20200414,145711,18371087456
+33458005709,20200414110825,4,+34915916749,transfert,20200414,110825,18370049211
+33458005709,20200414093630,5,+33626767894,transfert,20200414,093630,18369348449
+33458005709,20200413111239,0,+33444052972,miss,20200413,111239,18368218280
+33458005709,20200410182833,34,+33672166591,transfert,20200410,182833,18366392980
+33458005709,20200410142751,3,+33769570516,transfert,20200410,142751,18365614771
+33458005709,20200410114210,10,+33786291250,transfert,20200410,114210,18365169229
+33458005709,20200410110049,5,+33777840647,transfert,20200410,110049,18364961876
+33458005709,20200410103947,4,+33682525500,transfert,20200410,103947,18364853700
+33458005709,20200410103903,3,+33682525500,transfert,20200410,103903,18364849116
+33458005709,20200410102810,3,+33769570516,transfert,20200410,102810,18364795459
+33458005709,20200410101957,5,+33769570516,transfert,20200410,101957,18364752634
+33458005709,20200410101656,10,+33646884177,transfert,20200410,101656,18364739777
+33458005709,20200409170752,10,+33769570516,transfert,20200409,170752,18363903022
+33458005709,20200409164117,35,+33777840647,transfert,20200409,164117,18363809881
+33458005709,20200409164039,3,+33777840647,transfert,20200409,164039,18363804538
+33458005709,20200409143436,5,+33777840647,transfert,20200409,143436,18363237272
+33458005709,20200409113555,11,+33611089881,transfert,20200409,113555,18362681541
+33458005709,20200409113319,0,+33650556381,miss,20200409,113319,18362666358
+33458005709,20200409113041,5,+33650556381,transfert,20200409,113041,18362653603
+33458005709,20200409110524,80,+33626340705,transfert,20200409,110524,18362521516
+33458005709,20200409094105,4,+33679430077,transfert,20200409,094105,18362070129
+33458005709,20200409092527,2,+33617548615,transfert,20200409,092527,18362005191
+33458005709,20200408160507,4,+33617548615,transfert,20200408,160507,18361179633
+33458005709,20200408153920,10,+33664684000,transfert,20200408,153920,18361073835
+33458005709,20200408143916,3,+33617548615,transfert,20200408,143916,18360816240
+33458005709,20200407140433,4,+33626767894,transfert,20200407,140433,18358215329
+33458005709,20200407133657,2,+33672166591,transfert,20200407,133657,18358133893
+33458005709,20200407110956,6,+33626767894,transfert,20200407,110956,18357662981
+33458005709,20200407094629,4,+447789300642,transfert,20200407,094629,18357210329
+33458005709,20200407092711,79,+33672166591,transfert,20200407,092711,18357129378
+33458005709,20200406160502,3,+447824463926,transfert,20200406,160502,18356263318
+33458005709,20200406151037,9,+33466390615,transfert,20200406,151037,18356007322
+33458005709,20200406142236,5,+33233016526,transfert,20200406,142236,18355776305
+33458005709,20200406140722,2,+447824463926,transfert,20200406,140722,18355696999
+33458005709,20200406140437,4,+33626767894,transfert,20200406,140437,18355682166
+33458005709,20200406120832,3,+33626767894,transfert,20200406,120832,18355402097
+33458005709,20200406120631,5,+447824463926,transfert,20200406,120631,18355395661
+33458005709,20200406114335,4,+447824463926,transfert,20200406,114335,18355290237
+33458005709,20200406113115,2,+447824463926,transfert,20200406,113115,18355221697
+33458005709,20200406112646,4,+447824463926,transfert,20200406,112646,18355195574
+33458005709,20200406112257,6,+447824463926,transfert,20200406,112257,18355175717
+33458005709,20200406111330,2,+447824463926,transfert,20200406,111330,18355120392
+33458005709,20200406110944,5,+447824463926,transfert,20200406,110944,18355097325
+33458005709,20200406110825,4,+33679430077,transfert,20200406,110825,18355089138
+33458005709,20200406110732,4,+33679430077,transfert,20200406,110732,18355083709
+33458005709,20200406105923,3,+447824463926,transfert,20200406,105923,18355035102
+33458005709,20200406103755,4,+447824463926,transfert,20200406,103755,18354909292
+33458005709,20200406102816,3,+447824463926,transfert,20200406,102816,18354853225
+33458005709,20200406101152,3,+447824463926,transfert,20200406,101152,18354754741
+33458005709,20200406101114,5,+447824463926,transfert,20200406,101114,18354751497
+33458005709,20200406094814,33,+33614477196,transfert,20200406,094814,18354625102
+33458005709,20200403152655,5,+33984366368,transfert,20200403,152655,18352226921
+33458005709,20200403150603,4,+447824463926,transfert,20200403,150603,18352139032
+33458005709,20200403150516,12,+447824463926,transfert,20200403,150516,18352136139
+33458005709,20200403150136,38,+33630909711,transfert,20200403,150136,18352121517
+33458005709,20200403103119,5,+33984366368,transfert,20200403,103119,18351160928
+33458005709,20200402150033,11,+33664957639,transfert,20200402,150033,18349783220
+33458005709,20200402142904,10,+33626340705,transfert,20200402,142904,18349643108
+33458005709,20200402120708,11,+33609925333,transfert,20200402,120708,18349276938
+33458005709,20200402104542,4,+33658898832,transfert,20200402,104542,18348872211
+33458005709,20200402103300,12,+33609845297,transfert,20200402,103300,18348805250
+33458005709,20200401175522,19,+33626340705,transfert,20200401,175522,18348073170
+33458005709,20200401171644,50,+33626340705,transfert,20200401,171644,18347980744
+33458005709,20200401171414,7,+33626340705,transfert,20200401,171414,18347971838
+33458005709,20200401110855,62,+33780387694,transfert,20200401,110855,18346689219
+33458005707,20200430171822,26,+33660803629,transfert,20200430,171822,18408483518
+33458005707,20200430161259,5,+33681365244,transfert,20200430,161259,18408188733
+33458005707,20200430155606,11,+33969391391,transfert,20200430,155606,18408102141
+33458005707,20200430124847,41,+33969391391,transfert,20200430,124847,18407267851
+33458005707,20200430124735,14,+33969391391,transfert,20200430,124735,18407264484
+33458005707,20200430104957,8,+33607119109,transfert,20200430,104957,18406676449
+33458005707,20200429162409,14,+46752415129,transfert,20200429,162409,18405294146
+33458005707,20200429160614,9,+33664957639,transfert,20200429,160614,18405201903
+33458005707,20200429152244,0,+33664957639,miss,20200429,152244,18404961893
+33458005707,20200429151309,0,+33664957639,miss,20200429,151309,18404909377
+33458005707,20200429150647,0,+33664957639,miss,20200429,150647,18404872964
+33458005707,20200429150550,0,+33664957639,miss,20200429,150550,18404866862
+33458005707,20200429150505,0,+33664957639,miss,20200429,150505,18404862737
+33458005707,20200429150440,0,+33664957639,miss,20200429,150440,18404860796
+33458005707,20200429150428,0,+33664957639,miss,20200429,150428,18404858475
+33458005707,20200429141708,10,+33603693302,transfert,20200429,141708,18404581351
+33458005707,20200429102227,11,+33660803629,transfert,20200429,102227,18403544507
+33458005707,20200429094838,5,+33616021813,transfert,20200429,094838,18403319606
+33458005707,20200429094314,28,+33660803629,transfert,20200429,094314,18403294115
+33458005707,20200429094025,4,+33695468818,transfert,20200429,094025,18403275068
+33458005707,20200429080819,39,+33637563268,transfert,20200429,080819,18402995177
+33458005707,20200428173900,13,+33603693302,transfert,20200428,173900,18402655282
+33458005707,20200428164606,10,+33611804741,transfert,20200428,164606,18402439937
+33458005707,20200428163622,9,+33686036353,transfert,20200428,163622,18402395436
+33458005707,20200428143343,10,+33686036353,transfert,20200428,143343,18401760527
+33458005707,20200428140733,31,+33660803629,transfert,20200428,140733,18401603656
+33458005707,20200428113739,9,+33673470543,transfert,20200428,113739,18401103422
+33458005707,20200428102959,4,anonymous,transfert,20200428,102959,18400619262
+33458005707,20200428093413,6,+33616021813,transfert,20200428,093413,18400248197
+33458005707,20200428093309,11,+33687344651,transfert,20200428,093309,18400244280
+33458005707,20200427181513,15,+33611089881,transfert,20200427,181513,18399744113
+33458005707,20200427181404,32,+33621108133,transfert,20200427,181404,18399742520
+33458005707,20200427174257,10,anonymous,transfert,20200427,174257,18399670696
+33458005707,20200427165241,4,+33616021813,transfert,20200427,165241,18399486891
+33458005707,20200427165127,10,+33616021813,transfert,20200427,165127,18399481719
+33458005707,20200427165147,5,+33616021813,transfert,20200427,165147,18399481695
+33458005707,20200427160946,6,+33607426837,transfert,20200427,160946,18399268030
+33458005707,20200427155710,61,+393289898518,transfert,20200427,155710,18399208200
+33458005707,20200427153712,5,+33624250232,transfert,20200427,153712,18399089423
+33458005707,20200427153645,7,+33624250232,transfert,20200427,153645,18399086884
+33458005707,20200427124511,32,+447741664891,transfert,20200427,124511,18398330360
+33458005707,20200427120018,3,+447824463926,transfert,20200427,120018,18398195199
+33458005707,20200427115439,65,+27794906265,transfert,20200427,115439,18398172932
+33458005707,20200427115023,3,+447824463926,transfert,20200427,115023,18398139295
+33458005707,20200427114901,17,+447824463926,transfert,20200427,114901,18398130306
+33458005707,20200427114328,5,+447824463926,transfert,20200427,114328,18398095811
+33458005707,20200427114258,5,+33607426837,transfert,20200427,114258,18398092438
+33458005707,20200427105958,6,+33952045757,transfert,20200427,105958,18397800315
+33458005707,20200427104909,66,+33952045757,transfert,20200427,104909,18397733375
+33458005707,20200424172045,17,+41797259186,transfert,20200424,172045,18395220845
+33458005707,20200424162131,50,+33684012278,transfert,20200424,162131,18395008763
+33458005707,20200424132829,4,+33952045757,transfert,20200424,132829,18394231200
+33458005707,20200424113611,5,+33626767894,transfert,20200424,113611,18393909049
+33458005707,20200424113118,28,+33952045757,transfert,20200424,113118,18393884297
+33458005707,20200424111948,6,+33777840647,transfert,20200424,111948,18393818370
+33458005707,20200424110525,10,+33613100765,transfert,20200424,110525,18393735028
+33458005707,20200424104042,8,+33616675162,transfert,20200424,104042,18393596492
+33458005707,20200424103752,5,+33624250232,transfert,20200424,103752,18393576929
+33458005707,20200424103339,16,+66992872455,transfert,20200424,103339,18393553689
+33458005707,20200424101000,5,+33695468818,transfert,20200424,101000,18393418881
+33458005707,20200424082936,56,+41324664779,transfert,20200424,082936,18393036554
+33458005707,20200423151228,37,+33626767894,transfert,20200423,151228,18392014428
+33458005707,20200423150403,5,+447789300642,transfert,20200423,150403,18391965270
+33458005707,20200423120149,5,+447789300642,transfert,20200423,120149,18391356730
+33458005707,20200423115116,7,+33684132472,transfert,20200423,115116,18391301471
+33458005707,20200423103754,3,+33630513012,transfert,20200423,103754,18390848153
+33458005707,20200423095237,2,+33630513012,transfert,20200423,095237,18390577262
+33458005707,20200423094520,4,+33630513012,transfert,20200423,094520,18390541600
+33458005707,20200423093901,10,+33630513012,transfert,20200423,093901,18390508611
+33458005707,20200423093641,5,+33630513012,transfert,20200423,093641,18390497391
+33458005707,20200423090243,14,+33603693302,transfert,20200423,090243,18390352207
+33458005707,20200422175957,3,+33630513012,transfert,20200422,175957,18389972052
+33458005707,20200422165753,0,+33630513012,miss,20200422,165753,18389785783
+33458005707,20200422164126,5,+33630513012,transfert,20200422,164126,18389721982
+33458005707,20200422162529,12,+34679229418,transfert,20200422,162529,18389657276
+33458005707,20200422145641,4,+33621108133,transfert,20200422,145641,18389233628
+33458005707,20200422140142,110,+33952045757,transfert,20200422,140142,18388968630
+33458005707,20200422140106,8,+33952045757,transfert,20200422,140106,18388958977
+33458005707,20200422114452,11,+33624250232,transfert,20200422,114452,18388589445
+33458005707,20200422111400,5,+33660770402,transfert,20200422,111400,18388399321
+33458005707,20200422104447,5,+33621108133,transfert,20200422,104447,18388217067
+33458005707,20200422100759,13,+33950502915,transfert,20200422,100759,18387992395
+33458005707,20200421144750,4,+33607426837,transfert,20200421,144750,18386417615
+33458005707,20200421113300,4,+33616675162,transfert,20200421,113300,18385723048
+33458005707,20200421113211,10,+33610964613,transfert,20200421,113211,18385717110
+33458005707,20200421111528,4,+33669066207,transfert,20200421,111528,18385610415
+33458005707,20200421102924,97,+33614300322,transfert,20200421,102924,18385312834
+33458005707,20200420164247,11,+33621108133,transfert,20200420,164247,18384178291
+33458005707,20200420161217,13,+33677429091,transfert,20200420,161217,18384036504
+33458005707,20200420155610,9,+33607426837,transfert,20200420,155610,18383952067
+33458005707,20200420153423,10,+33695511609,transfert,20200420,153423,18383836131
+33458005707,20200420141113,11,+352691335233,transfert,20200420,141113,18383366258
+33458005707,20200420105228,12,+33686230715,transfert,20200420,105228,18382555455
+33458005707,20200420104952,10,+33626340705,transfert,20200420,104952,18382539509
+33458005707,20200420103850,9,+33607426837,transfert,20200420,103850,18382460097
+33458005707,20200420095320,4,+33695468818,transfert,20200420,095320,18382148227
+33458005707,20200420094803,13,+34601637433,transfert,20200420,094803,18382116505
+33458005707,20200417151842,15,+33667251816,transfert,20200417,151842,18379493574
+33458005707,20200417150213,4,+447824463926,transfert,20200417,150213,18379411582
+33458005707,20200417145407,3,+447824463926,transfert,20200417,145407,18379373248
+33458005707,20200417111033,22,+447741664891,transfert,20200417,111033,18378547455
+33458005707,20200417104109,5,+447824463926,transfert,20200417,104109,18378369494
+33458005707,20200417093024,5,+33607426837,transfert,20200417,093024,18377967831
+33458005707,20200416120640,11,+33682525500,transfert,20200416,120640,18376156282
+33458005707,20200416112047,31,+33682525500,transfert,20200416,112047,18375906027
+33458005707,20200416105547,12,+33682525500,transfert,20200416,105547,18375751857
+33458005707,20200416105207,15,+33682525500,transfert,20200416,105207,18375730062
+33458005707,20200415171944,10,+33615653940,transfert,20200415,171944,18374631167
+33458005707,20200415171305,11,+33626340705,transfert,20200415,171305,18374611010
+33458005707,20200415154118,10,+33607426837,transfert,20200415,154118,18374192767
+33458005707,20200415153418,11,+33607426837,transfert,20200415,153418,18374156825
+33458005707,20200415142753,19,+31622519422,transfert,20200415,142753,18373817132
+33458005707,20200414152748,11,+33632891463,transfert,20200414,152748,18371266167
+33458005707,20200414151232,3,+33607119109,transfert,20200414,151232,18371175806
+33458005707,20200414145905,10,+33607119109,transfert,20200414,145905,18371096539
+33458005707,20200414122952,48,+33623664277,transfert,20200414,122952,18370524739
+33458005707,20200414093604,9,+33626767894,transfert,20200414,093604,18369345069
+33458005707,20200410164431,486,+33784976231,incoming,20200410,164431,18366177279
+33458005707,20200410153547,687,+33475294769,incoming,20200410,153547,18365946381
+33458005707,20200410142703,5,+33769570516,transfert,20200410,142703,18365611940
+33458005707,20200410120715,3,+33784976231,transfert,20200410,120715,18365277034
+33458005707,20200410110825,14,+33607426837,transfert,20200410,110825,18364999105
+33458005707,20200410110138,4,+33777840647,transfert,20200410,110138,18364962773
+33458005707,20200410104023,5,+33682525500,transfert,20200410,104023,18364856264
+33458005707,20200410103856,10,+33628327521,transfert,20200410,103856,18364847313
+33458005707,20200410102905,11,+33613100765,transfert,20200410,102905,18364798765
+33458005707,20200410102047,6,+33769570516,transfert,20200410,102047,18364754686
+33458005707,20200410101936,4,+33646884177,transfert,20200410,101936,18364748694
+33458005707,20200409170856,9,+33769570516,transfert,20200409,170856,18363905009
+33458005707,20200409153308,91,+33671725480,transfert,20200409,153308,18363514770
+33458005707,20200409143421,5,+33777840647,transfert,20200409,143421,18363233750
+33458005707,20200409142647,9,+33669613645,transfert,20200409,142647,18363198596
+33458005707,20200409142000,5,+33626767894,transfert,20200409,142000,18363166762
+33458005707,20200409130421,10,+41786640194,transfert,20200409,130421,18362958152
+33458005707,20200409120225,4,+33621108133,transfert,20200409,120225,18362818647
+33458005707,20200409104424,9,+33628327521,transfert,20200409,104424,18362399614
+33458005707,20200409104351,11,+33628327521,transfert,20200409,104351,18362397832
+33458005707,20200409094806,4,+33626767894,transfert,20200409,094806,18362100270
+33458005707,20200409092506,4,+33617548615,transfert,20200409,092506,18362001277
+33458005707,20200408165504,17,+33628327521,transfert,20200408,165504,18361374087
+33458005707,20200408160444,4,+33617548615,transfert,20200408,160444,18361176318
+33458005707,20200408145104,7,+33617548615,transfert,20200408,145104,18360865897
+33458005707,20200408143841,19,+33617548615,transfert,20200408,143841,18360813462
+33458005707,20200408140806,9,+41786640194,transfert,20200408,140806,18360668807
+33458005707,20200408140631,10,+41786640194,transfert,20200408,140631,18360661199
+33458005707,20200408105311,35,+33619483659,transfert,20200408,105311,18360032975
+33458005707,20200407140404,8,+33626767894,transfert,20200407,140404,18358211286
+33458005707,20200407112312,10,+33626340705,transfert,20200407,112312,18357734047
+33458005707,20200407110932,9,+33626767894,transfert,20200407,110932,18357659962
+33458005707,20200407110040,11,+33626340705,transfert,20200407,110040,18357607103
+33458005707,20200407104205,7,+33621108133,transfert,20200407,104205,18357504340
+33458005707,20200407101750,6,+33626340705,transfert,20200407,101750,18357371253
+33458005707,20200407094706,11,+447789300642,transfert,20200407,094706,18357210662
+33458005707,20200406170017,5,+33626767894,transfert,20200406,170017,18356493366
+33458005707,20200406161138,5,+33626767894,transfert,20200406,161138,18356287825
+33458005707,20200406152042,39,+33626767894,transfert,20200406,152042,18356053493
+33458005707,20200406150951,15,+33466390615,transfert,20200406,150951,18356002159
+33458005707,20200406142127,36,+33233016526,transfert,20200406,142127,18355770438
+33458005707,20200406140520,50,+33626767894,transfert,20200406,140520,18355688149
+33458005707,20200406140411,6,+33626767894,transfert,20200406,140411,18355677657
+33458005707,20200406133426,15,+33626767894,transfert,20200406,133426,18355589195
+33458005707,20200406121125,42,+33626340705,transfert,20200406,121125,18355412225
+33458005707,20200406120757,14,+33626767894,transfert,20200406,120757,18355400388
+33458005707,20200406113259,55,+33626767894,transfert,20200406,113259,18355233848
+33458005707,20200406111308,4,+447824463926,transfert,20200406,111308,18355115446
+33458005707,20200406110809,9,+33679430077,transfert,20200406,110809,18355084837
+33458005707,20200404150157,18,+971522443128,transfert,20200404,150157,18353429232
+33458005707,20200403170754,11,+33646884177,transfert,20200403,170754,18352588654
+33458005707,20200403163453,11,anonymous,transfert,20200403,163453,18352482999
+33458005707,20200403152741,531,+33984366368,incoming,20200403,152741,18352263226
+33458005707,20200403151527,350,+33664957639,incoming,20200403,151527,18352201315
+33458005707,20200403150645,3,+447824463926,transfert,20200403,150645,18352142848
+33458005707,20200403150454,4,+33664957639,transfert,20200403,150454,18352134027
+33458005707,20200403134847,40,+34617492785,transfert,20200403,134847,18351835812
+33458005707,20200403134757,4,+34617492785,transfert,20200403,134757,18351832712
+33458005707,20200403115204,38,+33664957639,incoming,20200403,115204,18351567847
+33458005707,20200403113845,4,+33984366368,transfert,20200403,113845,18351497520
+33458005707,20200403111253,4,+33984366368,transfert,20200403,111253,18351366802
+33458005707,20200403104459,63,+33626340705,transfert,20200403,104459,18351232368
+33458005707,20200403103810,44,+33984366368,transfert,20200403,103810,18351198586
+33458005707,20200403103303,4,+33984366368,transfert,20200403,103303,18351168112
+33458005707,20200403103156,6,+33984366368,transfert,20200403,103156,18351161890
+33458005707,20200403100059,18,+491755744217,transfert,20200403,100059,18351007330
+33458005707,20200403093748,3,+33662346400,transfert,20200403,093748,18350911087
+33458005707,20200403093719,13,+33662346400,transfert,20200403,093719,18350908551
+33458005707,20200403090526,66,+33563682026,transfert,20200403,090526,18350797797
+33458005707,20200402150054,861,+33664957639,incoming,20200402,150054,18349846594
+33458005707,20200402144534,352,+33674161434,incoming,20200402,144534,18349743324
+33458005707,20200402120737,8,+33609925333,transfert,20200402,120737,18349279995
+33458005707,20200402105605,601,+33695090882,incoming,20200402,105605,18348978772
+33458005707,20200402110132,57,+33626340705,transfert,20200402,110132,18348963398
+33458005707,20200402110148,39,+33624273751,transfert,20200402,110148,18348961667
+33458005707,20200402103324,168,+33609845297,incoming,20200402,103324,18348823839
+33458005707,20200402103414,3,+33695090882,transfert,20200402,103414,18348814226
+33458005707,20200402103325,11,+33695090882,transfert,20200402,103325,18348810856
+33458005707,20200401175230,3,+33626340705,transfert,20200401,175230,18348066193
+33458005707,20200401174355,12,+33649072783,transfert,20200401,174355,18348047024
+33458005707,20200401172138,513,+33626340705,incoming,20200401,172138,18348013577
+33458005707,20200401171515,36,+33626340705,transfert,20200401,171515,18347975732
+33458005707,20200401141021,8,+33624273751,transfert,20200401,141021,18347237168
+33458001861,20200410113725,1124,+33456648057,incoming,20200410,113725,18365232046
+33458005730,20200430180349,3,+33673470543,transfert,20200430,180349,18408625543
+33458005730,20200430171822,26,+33660803629,transfert,20200430,171822,18408483509
+33458005730,20200430171700,41,+33660803629,transfert,20200430,171700,18408481296
+33458005730,20200430161315,4,+33681365244,transfert,20200430,161315,18408192763
+33458005730,20200430161259,5,+33681365244,transfert,20200430,161259,18408188656
+33458005730,20200430155544,83,+33673470543,transfert,20200430,155544,18408109060
+33458005730,20200430155606,11,+33969391391,transfert,20200430,155606,18408102038
+33458005730,20200430154835,4,+33673470543,transfert,20200430,154835,18408065333
+33458005730,20200430144120,12,+33661155139,transfert,20200430,144120,18407687275
+33458005730,20200430141820,42,+33660803629,transfert,20200430,141820,18407553530
+33458005730,20200430124847,41,+33969391391,transfert,20200430,124847,18407267879
+33458005730,20200430124804,4,+33969391391,transfert,20200430,124804,18407266236
+33458005730,20200430124735,14,+33969391391,transfert,20200430,124735,18407264491
+33458005730,20200430110409,3,+33664957639,transfert,20200430,110409,18406778426
+33458005730,20200430104956,8,+33607119109,transfert,20200430,104956,18406676204
+33458005730,20200430104917,2,+33607119109,transfert,20200430,104917,18406673061
+33458005730,20200429162409,14,+46752415129,transfert,20200429,162409,18405294284
+33458005730,20200429162243,18,+46752415129,transfert,20200429,162243,18405289670
+33458005730,20200429160636,176,+33664957639,transfert,20200429,160636,18405219709
+33458005730,20200429160601,7,+33681374820,transfert,20200429,160601,18405203134
+33458005730,20200429160614,9,+33664957639,transfert,20200429,160614,18405201807
+33458005730,20200429152353,2,+33664957639,transfert,20200429,152353,18404970315
+33458005730,20200429152244,0,+33664957639,transfert,20200429,152244,18404961957
+33458005730,20200429151334,3,+33664957639,transfert,20200429,151334,18404914108
+33458005730,20200429151309,0,+33664957639,transfert,20200429,151309,18404909386
+33458005730,20200429150647,0,+33664957639,transfert,20200429,150647,18404873093
+33458005730,20200429150607,4,+33664957639,transfert,20200429,150607,18404871139
+33458005730,20200429150550,0,+33664957639,transfert,20200429,150550,18404866828
+33458005730,20200429150505,0,+33664957639,transfert,20200429,150505,18404862788
+33458005730,20200429150440,0,+33664957639,transfert,20200429,150440,18404860769
+33458005730,20200429150428,0,+33664957639,transfert,20200429,150428,18404858539
+33458005730,20200429141733,67,+33603693302,transfert,20200429,141733,18404593650
+33458005730,20200429141708,10,+33603693302,transfert,20200429,141708,18404581250
+33458005730,20200429141620,9,+33603693302,transfert,20200429,141620,18404580305
+33458005730,20200429140058,3,+33673470543,transfert,20200429,140058,18404488585
+33458005730,20200429135914,4,+33673470543,transfert,20200429,135914,18404481097
+33458005730,20200429134716,9,+33673470543,transfert,20200429,134716,18404444567
+33458005730,20200429112147,18,+33650556381,transfert,20200429,112147,18403945369
+33458005730,20200429102227,11,+33660803629,transfert,20200429,102227,18403544676
+33458005730,20200429102201,10,+33660803629,transfert,20200429,102201,18403540031
+33458005730,20200429094855,4,+33616021813,transfert,20200429,094855,18403322520
+33458005730,20200429094838,5,+33616021813,transfert,20200429,094838,18403319763
+33458005730,20200429094314,28,+33660803629,transfert,20200429,094314,18403293819
+33458005730,20200429094226,28,+33660803629,transfert,20200429,094226,18403287806
+33458005730,20200429094025,4,+33695468818,transfert,20200429,094025,18403275022
+33458005730,20200429093953,14,+33695468818,transfert,20200429,093953,18403273914
+33458005730,20200428173900,13,+33603693302,transfert,20200428,173900,18402655330
+33458005730,20200428173832,8,+33603693302,transfert,20200428,173832,18402653635
+33458005730,20200428164606,10,+33611804741,transfert,20200428,164606,18402439966
+33458005730,20200428164539,15,+33611804741,transfert,20200428,164539,18402437718
+33458005730,20200428163621,9,+33686036353,transfert,20200428,163621,18402394836
+33458005730,20200428162900,11,+33650556381,transfert,20200428,162900,18402356778
+33458005730,20200428143343,10,+33686036353,transfert,20200428,143343,18401760557
+33458005730,20200428140733,31,+33660803629,transfert,20200428,140733,18401603665
+33458005730,20200428140623,29,+33660803629,transfert,20200428,140623,18401599009
+33458005730,20200428114648,3,+33673470543,transfert,20200428,114648,18401165040
+33458005730,20200428113739,9,+33673470543,transfert,20200428,113739,18401103261
+33458005730,20200428113545,3,+33673470543,transfert,20200428,113545,18401092070
+33458005730,20200428112516,3,+33673470543,transfert,20200428,112516,18401018309
+33458005730,20200428102959,4,anonymous,transfert,20200428,102959,18400618958
+33458005730,20200428095606,67,+33673470543,transfert,20200428,095606,18400393402
+33458005730,20200428093428,3,+33616021813,transfert,20200428,093428,18400252079
+33458005730,20200428093413,6,+33616021813,transfert,20200428,093413,18400248152
+33458005730,20200428093309,11,+33687344651,transfert,20200428,093309,18400244423
+33458005730,20200428074606,9,+41324664779,transfert,20200428,074606,18399983510
+33458005730,20200427181513,15,+33611089881,transfert,20200427,181513,18399744098
+33458005730,20200427174257,10,anonymous,transfert,20200427,174257,18399670695
+33458005730,20200427165241,4,+33616021813,transfert,20200427,165241,18399486857
+33458005730,20200427165201,4,+33616021813,transfert,20200427,165201,18399485459
+33458005730,20200427165147,5,+33616021813,transfert,20200427,165147,18399481742
+33458005730,20200427165127,10,+33616021813,transfert,20200427,165127,18399481736
+33458005730,20200427165056,0,+33616021813,transfert,20200427,165056,18399480337
+33458005730,20200427161005,55,+33607426837,transfert,20200427,161005,18399274956
+33458005730,20200427160946,6,+33607426837,transfert,20200427,160946,18399268135
+33458005730,20200427155710,61,+393289898518,transfert,20200427,155710,18399208244
+33458005730,20200427153728,2,+33624250232,transfert,20200427,153728,18399093240
+33458005730,20200427153712,5,+33624250232,transfert,20200427,153712,18399089356
+33458005730,20200427153645,7,+33624250232,transfert,20200427,153645,18399087048
+33458005730,20200427151214,33,+33788481330,transfert,20200427,151214,18398950304
+33458005730,20200427132615,4,+33777304107,transfert,20200427,132615,18398410626
+33458005730,20200427124511,32,+447741664891,transfert,20200427,124511,18398330357
+33458005730,20200427122948,5,+33777304107,transfert,20200427,122948,18398294983
+33458005730,20200427120028,4,+447824463926,transfert,20200427,120028,18398201663
+33458005730,20200427120018,3,+447824463926,transfert,20200427,120018,18398195181
+33458005730,20200427115439,65,+27794906265,transfert,20200427,115439,18398172299
+33458005730,20200427115232,2,+447824463926,transfert,20200427,115232,18398154264
+33458005730,20200427115036,3,+447824463926,transfert,20200427,115036,18398142602
+33458005730,20200427115023,3,+447824463926,transfert,20200427,115023,18398139186
+33458005730,20200427114939,4,+447824463926,transfert,20200427,114939,18398136086
+33458005730,20200427114901,17,+447824463926,transfert,20200427,114901,18398130163
+33458005730,20200427114318,13,+33607426837,transfert,20200427,114318,18398098740
+33458005730,20200427114328,5,+447824463926,transfert,20200427,114328,18398095997
+33458005730,20200427114258,5,+33607426837,transfert,20200427,114258,18398092042
+33458005730,20200427105958,6,+33952045757,transfert,20200427,105958,18397801532
+33458005730,20200427104909,66,+33952045757,transfert,20200427,104909,18397733732
+33458005730,20200424172119,12,+41797259186,transfert,20200424,172119,18395223726
+33458005730,20200424172045,17,+41797259186,transfert,20200424,172045,18395220793
+33458005730,20200424162131,50,+33684012278,transfert,20200424,162131,18395008827
+33458005730,20200424162043,2,+33684012278,transfert,20200424,162043,18395003795
+33458005730,20200424155439,141,+33607559403,transfert,20200424,155439,18394902664
+33458005730,20200424150519,6,+33681306383,transfert,20200424,150519,18394644781
+33458005730,20200424142647,4,+33613100765,transfert,20200424,142647,18394449095
+33458005730,20200424140138,6,+33613100765,transfert,20200424,140138,18394324227
+33458005730,20200424134923,83,+33613100765,transfert,20200424,134923,18394289957
+33458005730,20200424132829,4,+33952045757,transfert,20200424,132829,18394231173
+33458005730,20200424113638,5,+33626767894,transfert,20200424,113638,18393913937
+33458005730,20200424113611,5,+33626767894,transfert,20200424,113611,18393909024
+33458005730,20200424113118,28,+33952045757,transfert,20200424,113118,18393884245
+33458005730,20200424112009,4,+33777840647,transfert,20200424,112009,18393822823
+33458005730,20200424111948,6,+33777840647,transfert,20200424,111948,18393818340
+33458005730,20200424110525,10,+33613100765,transfert,20200424,110525,18393734823
+33458005730,20200424110440,4,+33613100765,transfert,20200424,110440,18393733903
+33458005730,20200424104042,8,+33616675162,transfert,20200424,104042,18393596794
+33458005730,20200424103752,5,+33624250232,transfert,20200424,103752,18393577235
+33458005730,20200424103416,6,+66992872455,transfert,20200424,103416,18393560000
+33458005730,20200424103339,16,+66992872455,transfert,20200424,103339,18393553762
+33458005730,20200424101000,5,+33695468818,transfert,20200424,101000,18393418962
+33458005730,20200424100914,5,+33695468818,transfert,20200424,100914,18393416034
+33458005730,20200424095511,9,+33611804741,transfert,20200424,095511,18393341225
+33458005730,20200423151228,37,+33626767894,transfert,20200423,151228,18392014332
+33458005730,20200423150414,2,+447789300642,transfert,20200423,150414,18391969294
+33458005730,20200423150403,5,+447789300642,transfert,20200423,150403,18391965296
+33458005730,20200423141736,44,+33621108133,transfert,20200423,141736,18391719806
+33458005730,20200423120149,5,+447789300642,transfert,20200423,120149,18391356702
+33458005730,20200423115116,7,+33684132472,transfert,20200423,115116,18391301635
+33458005730,20200423111436,63,+33684132472,transfert,20200423,111436,18391088853
+33458005730,20200423105843,11,+33148769436,transfert,20200423,105843,18390984497
+33458005730,20200423103754,3,+33630513012,transfert,20200423,103754,18390848256
+33458005730,20200423103658,3,+33630513012,transfert,20200423,103658,18390846516
+33458005730,20200423095237,2,+33630513012,transfert,20200423,095237,18390577343
+33458005730,20200423095208,0,+33630513012,transfert,20200423,095208,18390575601
+33458005730,20200423094530,3,+33630513012,transfert,20200423,094530,18390543696
+33458005730,20200423094520,4,+33630513012,transfert,20200423,094520,18390541668
+33458005730,20200423093901,10,+33630513012,transfert,20200423,093901,18390508685
+33458005730,20200423093641,5,+33630513012,transfert,20200423,093641,18390497523
+33458005730,20200423093603,4,+33630513012,transfert,20200423,093603,18390496443
+33458005730,20200423090313,65,+33603693302,transfert,20200423,090313,18390359677
+33458005730,20200423090216,3,+33617548615,transfert,20200423,090216,18390351691
+33458005730,20200423090243,14,+33603693302,transfert,20200423,090243,18390351639
+33458005730,20200423090131,4,+33617548615,transfert,20200423,090131,18390347049
+33458005730,20200423085543,12,+33603693302,transfert,20200423,085543,18390333142
+33458005730,20200423082813,0,+34679229418,transfert,20200423,082813,18390286922
+33458005730,20200422175957,3,+33630513012,transfert,20200422,175957,18389972028
+33458005730,20200422175921,2,+33630513012,transfert,20200422,175921,18389970661
+33458005730,20200422171136,2,+33630513012,transfert,20200422,171136,18389835586
+33458005730,20200422165753,0,+33630513012,transfert,20200422,165753,18389785830
+33458005730,20200422165645,0,+33630513012,transfert,20200422,165645,18389781500
+33458005730,20200422164944,5,+33621108133,transfert,20200422,164944,18389755124
+33458005730,20200422164126,5,+33630513012,transfert,20200422,164126,18389722024
+33458005730,20200422164052,4,+33630513012,transfert,20200422,164052,18389719862
+33458005730,20200422163535,2,+33630513012,transfert,20200422,163535,18389699451
+33458005730,20200422163347,0,+33630513012,transfert,20200422,163347,18389691378
+33458005730,20200422162529,12,+34679229418,transfert,20200422,162529,18389657295
+33458005730,20200422145641,4,+33621108133,transfert,20200422,145641,18389233578
+33458005730,20200422145604,3,+33621108133,transfert,20200422,145604,18389232251
+33458005730,20200422141243,6,+33617548615,transfert,20200422,141243,18389016762
+33458005730,20200422140844,17,+966555630204,transfert,20200422,140844,18388998421
+33458005730,20200422140142,110,+33952045757,transfert,20200422,140142,18388968649
+33458005730,20200422140106,8,+33952045757,transfert,20200422,140106,18388958959
+33458005730,20200422114528,14,+33624250232,transfert,20200422,114528,18388594103
+33458005730,20200422114452,11,+33624250232,transfert,20200422,114452,18388589358
+33458005730,20200422111400,5,+33660770402,transfert,20200422,111400,18388399252
+33458005730,20200422111315,4,+33660770402,transfert,20200422,111315,18388397456
+33458005730,20200422104447,5,+33621108133,transfert,20200422,104447,18388217505
+33458005730,20200422104408,5,+33621108133,transfert,20200422,104408,18388213247
+33458005730,20200422100759,13,+33950502915,transfert,20200422,100759,18387992551
+33458005730,20200421172903,26,+33609925333,transfert,20200421,172903,18387209696
+33458005730,20200421154214,7,+33621108133,transfert,20200421,154214,18386721354
+33458005730,20200421151055,49,+33621108133,transfert,20200421,151055,18386549636
+33458005730,20200421144750,4,+33607426837,transfert,20200421,144750,18386417616
+33458005730,20200421135615,7,+33621108133,transfert,20200421,135615,18386153989
+33458005730,20200421113323,9,+33616675162,transfert,20200421,113323,18385726184
+33458005730,20200421111528,4,+33669066207,transfert,20200421,111528,18385611012
+33458005730,20200421111441,5,+33669066207,transfert,20200421,111441,18385608576
+33458005730,20200421105556,4,+33627600184,transfert,20200421,105556,18385478886
+33458005730,20200421102924,97,+33614300322,transfert,20200421,102924,18385312986
+33458005730,20200421092303,10,+33643350871,transfert,20200421,092303,18384915864
+33458005730,20200420181314,5,+33621108133,transfert,20200420,181314,18384473201
+33458005730,20200420161217,13,+33677429091,transfert,20200420,161217,18384036471
+33458005730,20200420155629,10,+33607426837,transfert,20200420,155629,18383955167
+33458005730,20200420155610,9,+33607426837,transfert,20200420,155610,18383952064
+33458005730,20200420154304,7,+33670368875,transfert,20200420,154304,18383883007
+33458005730,20200420153447,4,+33695511609,transfert,20200420,153447,18383839892
+33458005730,20200420153423,10,+33695511609,transfert,20200420,153423,18383836199
+33458005730,20200420153330,13,+33695511609,transfert,20200420,153330,18383833493
+33458005730,20200420153232,9,+33670368875,transfert,20200420,153232,18383827774
+33458005730,20200420151903,19,+33670368875,transfert,20200420,151903,18383754755
+33458005730,20200420144825,1,+33614491796,transfert,20200420,144825,18383585931
+33458005730,20200420141113,11,+352691335233,transfert,20200420,141113,18383366357
+33458005730,20200420111110,8,+33247400650,transfert,20200420,111110,18382690020
+33458005730,20200420105323,5,+33686230715,transfert,20200420,105323,18382565697
+33458005730,20200420105228,12,+33686230715,transfert,20200420,105228,18382555169
+33458005730,20200420104952,10,+33626340705,transfert,20200420,104952,18382539344
+33458005730,20200420104755,59,+33626340705,transfert,20200420,104755,18382532068
+33458005730,20200420103915,3,+33607426837,transfert,20200420,103915,18382465048
+33458005730,20200420103850,9,+33607426837,transfert,20200420,103850,18382460277
+33458005730,20200420101848,4,+33686036353,transfert,20200420,101848,18382325572
+33458005730,20200420095320,4,+33695468818,transfert,20200420,095320,18382148184
+33458005730,20200420095229,11,+33695468818,transfert,20200420,095229,18382146471
+33458005730,20200420094803,13,+34601637433,transfert,20200420,094803,18382116642
+33458005730,20200420094408,0,+33664557562,transfert,20200420,094408,18382094731
+33458005730,20200420074957,42,+33637563268,transfert,20200420,074957,18381728093
+33458005730,20200417151922,6,+33667251816,transfert,20200417,151922,18379497367
+33458005730,20200417151842,15,+33667251816,transfert,20200417,151842,18379493599
+33458005730,20200417150237,3,+447824463926,transfert,20200417,150237,18379415364
+33458005730,20200417150213,4,+447824463926,transfert,20200417,150213,18379411592
+33458005730,20200417145407,3,+447824463926,transfert,20200417,145407,18379373242
+33458005730,20200417145303,34,+447824463926,transfert,20200417,145303,18379371249
+33458005730,20200417144651,4,+447824463926,transfert,20200417,144651,18379341371
+33458005730,20200417142606,6,+33614491796,transfert,20200417,142606,18379236813
+33458005730,20200417122305,0,+41798286546,transfert,20200417,122305,18378899851
+33458005730,20200417122228,2,+41798286546,transfert,20200417,122228,18378898145
+33458005730,20200417122141,4,+41798286546,transfert,20200417,122141,18378896143
+33458005730,20200417122104,3,+41798286546,transfert,20200417,122104,18378894339
+33458005730,20200417122025,4,+41798286546,transfert,20200417,122025,18378892808
+33458005730,20200417121948,2,+41798286546,transfert,20200417,121948,18378890978
+33458005730,20200417121908,4,+41798286546,transfert,20200417,121908,18378889517
+33458005730,20200417121848,0,+41798286546,transfert,20200417,121848,18378887372
+33458005730,20200417121754,5,+41798286546,transfert,20200417,121754,18378885800
+33458005730,20200417121717,2,+41798286546,transfert,20200417,121717,18378883988
+33458005730,20200417121638,4,+41798286546,transfert,20200417,121638,18378882322
+33458005730,20200417121559,4,+41798286546,transfert,20200417,121559,18378880047
+33458005730,20200417121519,3,+41798286546,transfert,20200417,121519,18378878598
+33458005730,20200417121433,3,+41798286546,transfert,20200417,121433,18378876163
+33458005730,20200417111033,22,+447741664891,transfert,20200417,111033,18378547359
+33458005730,20200417104045,4,+447824463926,transfert,20200417,104045,18378370531
+33458005730,20200417104109,5,+447824463926,transfert,20200417,104109,18378369905
+33458005730,20200417100315,6,+41213458034,transfert,20200417,100315,18378139501
+33458005730,20200417093024,5,+33607426837,transfert,20200417,093024,18377967755
+33458005730,20200417092939,4,+33607426837,transfert,20200417,092939,18377966759
+33458005730,20200416155000,3,+33637641810,transfert,20200416,155000,18376987364
+33458005730,20200416151330,9,+33607426837,transfert,20200416,151330,18376800232
+33458005730,20200416120640,11,+33682525500,transfert,20200416,120640,18376156307
+33458005730,20200416113017,3,+33632891463,transfert,20200416,113017,18375959633
+33458005730,20200416112047,31,+33682525500,transfert,20200416,112047,18375905876
+33458005730,20200416105547,12,+33682525500,transfert,20200416,105547,18375751879
+33458005730,20200416105158,4,+33687767565,transfert,20200416,105158,18375731153
+33458005730,20200416105207,15,+33682525500,transfert,20200416,105207,18375730422
+33458005730,20200416104752,3,+447824463926,transfert,20200416,104752,18375703105
+33458005730,20200416104152,5,+33687767565,transfert,20200416,104152,18375664944
+33458005730,20200415174830,13,+33299008484,transfert,20200415,174830,18374717791
+33458005730,20200415172223,0,+33184802251,transfert,20200415,172223,18374639609
+33458005730,20200415171944,10,+33615653940,transfert,20200415,171944,18374631188
+33458005730,20200415171201,2,+33184802251,transfert,20200415,171201,18374608576
+33458005730,20200415154118,10,+33607426837,transfert,20200415,154118,18374192661
+33458005730,20200415154036,5,+33607426837,transfert,20200415,154036,18374190239
+33458005730,20200415153418,11,+33607426837,transfert,20200415,153418,18374156651
+33458005730,20200415142840,5,+31622519422,transfert,20200415,142840,18373822561
+33458005730,20200415142753,19,+31622519422,transfert,20200415,142753,18373817086
+33458005730,20200414174957,15,+41792505008,transfert,20200414,174957,18371943854
+33458005730,20200414153032,33,+33672166591,transfert,20200414,153032,18371286833
+33458005730,20200414152748,11,+33632891463,transfert,20200414,152748,18371266035
+33458005730,20200414151546,12,+491787343278,transfert,20200414,151546,18371198389
+33458005730,20200414151232,3,+33607119109,transfert,20200414,151232,18371175950
+33458005730,20200414145905,10,+33607119109,transfert,20200414,145905,18371096528
+33458005730,20200414145805,0,+33607119109,transfert,20200414,145805,18371091406
+33458005730,20200414122952,48,+33623664277,transfert,20200414,122952,18370524741
+33458005730,20200414110825,4,+34915916749,transfert,20200414,110825,18370049135
+33458005730,20200414093630,5,+33626767894,transfert,20200414,093630,18369348499
+33458005730,20200414093604,9,+33626767894,transfert,20200414,093604,18369344856
+33458005730,20200413111239,0,+33444052972,transfert,20200413,111239,18368218271
+33458005730,20200410182833,34,+33672166591,transfert,20200410,182833,18366392979
+33458005730,20200410164431,486,+33784976231,transfert,20200410,164431,18366177280
+33458005730,20200410153547,687,+33475294769,transfert,20200410,153547,18365946394
+33458005730,20200410142751,3,+33769570516,transfert,20200410,142751,18365614794
+33458005730,20200410142703,5,+33769570516,transfert,20200410,142703,18365611972
+33458005730,20200410120715,3,+33784976231,transfert,20200410,120715,18365277056
+33458005730,20200410114210,10,+33786291250,transfert,20200410,114210,18365169392
+33458005730,20200410110825,14,+33607426837,transfert,20200410,110825,18364999625
+33458005730,20200410110138,4,+33777840647,transfert,20200410,110138,18364962888
+33458005730,20200410104023,5,+33682525500,transfert,20200410,104023,18364856183
+33458005730,20200410103947,4,+33682525500,transfert,20200410,103947,18364853707
+33458005730,20200410103856,10,+33628327521,transfert,20200410,103856,18364847357
+33458005730,20200410102905,11,+33613100765,transfert,20200410,102905,18364798796
+33458005730,20200410102810,3,+33769570516,transfert,20200410,102810,18364795482
+33458005730,20200410102047,6,+33769570516,transfert,20200410,102047,18364754839
+33458005730,20200410101957,5,+33769570516,transfert,20200410,101957,18364752617
+33458005730,20200410101936,4,+33646884177,transfert,20200410,101936,18364748656
+33458005730,20200410101656,10,+33646884177,transfert,20200410,101656,18364739748
+33458005730,20200409170856,9,+33769570516,transfert,20200409,170856,18363905036
+33458005730,20200409170752,10,+33769570516,transfert,20200409,170752,18363903016
+33458005730,20200409153308,91,+33671725480,transfert,20200409,153308,18363514708
+33458005730,20200409143421,5,+33777840647,transfert,20200409,143421,18363233773
+33458005730,20200409142647,9,+33669613645,transfert,20200409,142647,18363198605
+33458005730,20200409142000,5,+33626767894,transfert,20200409,142000,18363166829
+33458005730,20200409130421,10,+41786640194,transfert,20200409,130421,18362958170
+33458005730,20200409113555,11,+33611089881,transfert,20200409,113555,18362681406
+33458005730,20200409113319,0,+33650556381,transfert,20200409,113319,18362666265
+33458005730,20200409113041,5,+33650556381,transfert,20200409,113041,18362653542
+33458005730,20200409110524,80,+33626340705,transfert,20200409,110524,18362521442
+33458005730,20200409104424,9,+33628327521,transfert,20200409,104424,18362399672
+33458005730,20200409094805,4,+33626767894,transfert,20200409,094805,18362099712
+33458005730,20200409094105,4,+33679430077,transfert,20200409,094105,18362070092
+33458005730,20200409092527,2,+33617548615,transfert,20200409,092527,18362005248
+33458005730,20200409092506,4,+33617548615,transfert,20200409,092506,18362001224
+33458005730,20200408165504,17,+33628327521,transfert,20200408,165504,18361374051
+33458005730,20200408160507,4,+33617548615,transfert,20200408,160507,18361179628
+33458005730,20200408160444,4,+33617548615,transfert,20200408,160444,18361176320
+33458005730,20200408153920,10,+33664684000,transfert,20200408,153920,18361073802
+33458005730,20200408145104,7,+33617548615,transfert,20200408,145104,18360865937
+33458005730,20200408143916,3,+33617548615,transfert,20200408,143916,18360816266
+33458005730,20200408143841,19,+33617548615,transfert,20200408,143841,18360813436
+33458005730,20200408140806,9,+41786640194,transfert,20200408,140806,18360668811
+33458005730,20200408105311,35,+33619483659,transfert,20200408,105311,18360032898
+33458005730,20200407140433,4,+33626767894,transfert,20200407,140433,18358215274
+33458005730,20200407140404,8,+33626767894,transfert,20200407,140404,18358211414
+33458005730,20200407133657,2,+33672166591,transfert,20200407,133657,18358133845
+33458005730,20200407110956,6,+33626767894,transfert,20200407,110956,18357663207
+33458005730,20200407110932,9,+33626767894,transfert,20200407,110932,18357659958
+33458005730,20200407110040,11,+33626340705,transfert,20200407,110040,18357606928
+33458005730,20200407094706,11,+447789300642,transfert,20200407,094706,18357210592
+33458005730,20200407094629,4,+447789300642,transfert,20200407,094629,18357210344
+33458005730,20200407092711,79,+33672166591,transfert,20200407,092711,18357129343
+33458005730,20200406170017,5,+33626767894,transfert,20200406,170017,18356493349
+33458005730,20200406161138,5,+33626767894,transfert,20200406,161138,18356287826
+33458005730,20200406160502,3,+447824463926,transfert,20200406,160502,18356263280
+33458005730,20200406152042,39,+33626767894,transfert,20200406,152042,18356053510
+33458005730,20200406151037,9,+33466390615,transfert,20200406,151037,18356007326
+33458005730,20200406150951,15,+33466390615,transfert,20200406,150951,18356002183
+33458005730,20200406142236,5,+33233016526,transfert,20200406,142236,18355776275
+33458005730,20200406142127,36,+33233016526,transfert,20200406,142127,18355770340
+33458005730,20200406140721,2,+447824463926,transfert,20200406,140721,18355697001
+33458005730,20200406140520,50,+33626767894,transfert,20200406,140520,18355688281
+33458005730,20200406140437,4,+33626767894,transfert,20200406,140437,18355682228
+33458005730,20200406140411,6,+33626767894,transfert,20200406,140411,18355677689
+33458005730,20200406133426,15,+33626767894,transfert,20200406,133426,18355589171
+33458005730,20200406120832,3,+33626767894,transfert,20200406,120832,18355402122
+33458005730,20200406120757,14,+33626767894,transfert,20200406,120757,18355400417
+33458005730,20200406120631,5,+447824463926,transfert,20200406,120631,18355395631
+33458005730,20200406114335,4,+447824463926,transfert,20200406,114335,18355290272
+33458005730,20200406113259,55,+33626767894,transfert,20200406,113259,18355233885
+33458005730,20200406113115,2,+447824463926,transfert,20200406,113115,18355221701
+33458005730,20200406112646,4,+447824463926,transfert,20200406,112646,18355195636
+33458005730,20200406112257,6,+447824463926,transfert,20200406,112257,18355175752
+33458005730,20200406111330,2,+447824463926,transfert,20200406,111330,18355120367
+33458005730,20200406111308,4,+447824463926,transfert,20200406,111308,18355115283
+33458005730,20200406110944,5,+447824463926,transfert,20200406,110944,18355097115
+33458005730,20200406110825,4,+33679430077,transfert,20200406,110825,18355088906
+33458005730,20200406110809,9,+33679430077,transfert,20200406,110809,18355084692
+33458005730,20200406110732,4,+33679430077,transfert,20200406,110732,18355083548
+33458005730,20200406105923,3,+447824463926,transfert,20200406,105923,18355035127
+33458005730,20200406103754,4,+447824463926,transfert,20200406,103754,18354908512
+33458005730,20200406102816,3,+447824463926,transfert,20200406,102816,18354853254
+33458005730,20200406101152,3,+447824463926,transfert,20200406,101152,18354754481
+33458005730,20200406101114,5,+447824463926,transfert,20200406,101114,18354751418
+33458005730,20200406094814,33,+33614477196,transfert,20200406,094814,18354625115
+33458005730,20200404150157,18,+971522443128,transfert,20200404,150157,18353429233
+33458005730,20200403170754,11,+33646884177,transfert,20200403,170754,18352588634
+33458005730,20200403163453,11,anonymous,transfert,20200403,163453,18352483009
+33458005730,20200403152741,531,+33984366368,transfert,20200403,152741,18352263265
+33458005730,20200403152655,5,+33984366368,transfert,20200403,152655,18352226999
+33458005730,20200403151527,350,+33664957639,transfert,20200403,151527,18352201354
+33458005730,20200403150645,3,+447824463926,transfert,20200403,150645,18352142831
+33458005730,20200403150603,4,+447824463926,transfert,20200403,150603,18352139196
+33458005730,20200403150516,12,+447824463926,transfert,20200403,150516,18352136147
+33458005730,20200403150454,4,+33664957639,transfert,20200403,150454,18352134040
+33458005730,20200403150135,38,+33630909711,transfert,20200403,150135,18352121023
+33458005730,20200403134847,40,+34617492785,transfert,20200403,134847,18351835802
+33458005730,20200403115204,38,+33664957639,transfert,20200403,115204,18351567834
+33458005730,20200403113845,4,+33984366368,transfert,20200403,113845,18351497316
+33458005730,20200403111253,4,+33984366368,transfert,20200403,111253,18351366684
+33458005730,20200403103810,44,+33984366368,transfert,20200403,103810,18351198778
+33458005730,20200403103302,4,+33984366368,transfert,20200403,103302,18351167045
+33458005730,20200403103156,6,+33984366368,transfert,20200403,103156,18351161807
+33458005730,20200403103119,5,+33984366368,transfert,20200403,103119,18351160771
+33458005730,20200403100059,18,+491755744217,transfert,20200403,100059,18351007241
+33458005730,20200403090526,66,+33563682026,transfert,20200403,090526,18350797752
+33458005730,20200402150054,861,+33664957639,transfert,20200402,150054,18349846600
+33458005730,20200402150033,11,+33664957639,transfert,20200402,150033,18349783596
+33458005730,20200402142904,10,+33626340705,transfert,20200402,142904,18349643121
+33458005730,20200402120737,8,+33609925333,transfert,20200402,120737,18349280009
+33458005730,20200402120708,11,+33609925333,transfert,20200402,120708,18349276964
+33458005730,20200402105605,601,+33695090882,transfert,20200402,105605,18348978844
+33458005730,20200402110132,57,+33626340705,transfert,20200402,110132,18348963385
+33458005730,20200402110148,39,+33624273751,transfert,20200402,110148,18348961649
+33458005730,20200402104542,4,+33658898832,transfert,20200402,104542,18348872200
+33458005730,20200402103323,168,+33609845297,transfert,20200402,103323,18348822212
+33458005730,20200402103414,3,+33695090882,transfert,20200402,103414,18348814309
+33458005730,20200402103325,11,+33695090882,transfert,20200402,103325,18348810801
+33458005730,20200402103300,12,+33609845297,transfert,20200402,103300,18348805239
+33458005730,20200401175522,19,+33626340705,transfert,20200401,175522,18348073163
+33458005730,20200401175230,3,+33626340705,transfert,20200401,175230,18348066188
+33458005730,20200401174355,12,+33649072783,transfert,20200401,174355,18348047014
+33458005730,20200401172138,513,+33626340705,transfert,20200401,172138,18348013575
+33458005730,20200401171644,50,+33626340705,transfert,20200401,171644,18347980760
+33458005730,20200401171515,36,+33626340705,transfert,20200401,171515,18347975734
+33458005730,20200401171414,7,+33626340705,transfert,20200401,171414,18347971849
+33458005730,20200401141021,8,+33624273751,transfert,20200401,141021,18347237111
+33458005730,20200401110855,62,+33780387694,transfert,20200401,110855,18346689389